100.0 100.0
100
64.14151 72.534996 2.768804
87.54293 42.621964 4.4893126
57.951515 14.591932 3.2844627
7.2015643 89.80264 2.5602016
47.896576 80.133316 6.7337284
82.14723 40.328346 2.163918
85.08375 44.384075 4.211929
8.312666 63.478256 3.0054588
35.347443 52.67474 4.420183
88.60611 59.041595 0.15813488
39.9902 66.825325 4.6345763
59.423798 62.62473 5.591726
41.076893 53.740685 0.7523829
64.238304 80.27212 0.07277161
84.990555 56.484474 4.663293
60.71253 24.37877 4.7420535
70.42828 43.554276 3.481781
35.036476 24.926514 5.7375197
16.861284 13.007909 1.4926126
89.286156 14.405757 0.6733407
26.840305 59.01733 5.0562086
34.29332 49.747456 5.182985
26.351982 41.28325 0.15450078
55.109318 89.21468 0.6808813
51.637505 3.5905778 6.7798414
95.29923 0.5194545 1.4688762
97.86031 27.205473 0.23763686
84.267715 39.64354 4.511076
67.517 47.671883 1.6430712
93.07097 3.6150157 2.513679
95.8468 63.20228 6.856703
7.5780096 26.474714 5.080907
82.81483 49.192833 5.264655
89.96926 45.28783 1.1844296
56.32453 33.747463 3.736421
64.04361 79.47351 2.2519224
2.7687848 74.93242 3.163101
64.16487 19.690228 0.06592232
37.98322 32.674294 4.001548
48.226284 32.80343 3.1086476
19.327217 72.744385 5.4496846
44.955795 56.374752 5.063196
57.832413 90.74648 1.4093155
41.084694 71.450836 5.541951
25.184177 36.657066 5.1046267
25.097513 55.193974 4.091436
52.490246 81.64064 0.67540807
3.9944172 40.867496 6.353056
37.934696 54.712856 4.8066263
96.198586 29.886425 6.3811145
47.40683 8.666104 4.4072266
85.215096 43.57931 1.9202063
73.51258 3.4887314 1.583226
60.904694 64.76501 3.9465427
53.585804 63.06075 4.7257667
72.655205 97.266785 6.6948504
76.05772 84.436104 6.037478
15.534502 25.030005 6.6218357
33.133133 70.853004 0.014842212
22.98389 36.238743 0.79544294
75.40737 2.3926854 3.990399
92.96601 88.22186 1.1141598
11.785078 90.812126 3.5467563
37.47367 96.92515 4.263237
89.552055 93.68262 4.9171133
80.26588 19.807339 0.13007975
66.20155 96.09379 1.9880233
32.883053 74.82271 4.5448236
33.363556 83.90392 4.6089387
24.606806 42.14113 2.9326782
66.19773 20.441586 4.5567584
50.5997 79.24363 5.5205765
7.100928 18.510454 5.0785866
58.668564 15.036422 6.3361497
14.355522 3.2765508 4.7822986
49.494617 39.433826 0.34689838
68.72751 73.27481 0.5589355
80.641304 84.572685 6.0578837
46.92263 52.185726 6.383096
63.755016 44.52113 3.104429
97.71296 38.250042 6.6983604
30.26008 70.91383 6.4581375
57.075535 5.1314473 2.53468
63.575584 85.89356 6.215698
19.222332 35.45133 5.10141
0.5463302 66.84155 2.702633
83.18423 15.51035 5.1272726
7.1391582 36.745655 4.926509
15.568579 95.61148 4.529838
3.1049192 47.14787 6.4975214
96.55057 71.79455 6.222529
0.8901596 64.60913 2.3385115
25.374186 87.420105 4.395929
74.34937 40.389793 3.2487893
93.264404 69.12586 6.598842
11.717474 60.831596 1.1794654
43.586327 78.96814 6.1310663
30.766327 63.883354 6.284282
78.5869 65.58338 3.64099
80.274475 60.499817 6.236911
5.0
26.5 0.0
18.0 100.0
100.0
70.0