100.0 100.0
20
25.381887 43.899376 0.26924598
92.79149 53.635025 0.042712927
85.7506 29.791916 6.8549995
30.745823 84.83127 5.1575723
65.718506 2.6390672 1.1944387
8.202368 32.994144 2.5110412
17.852139 72.41487 4.036914
27.525837 73.16983 0.5774819
87.19197 88.37178 2.6596494
23.430872 9.791785 4.4065895
44.639957 90.70921 6.5553017
95.75481 78.58212 1.5459399
7.4042263 33.015038 3.6493168
27.128262 12.991303 6.6762295
40.694927 74.152534 2.6437063
45.5799 5.5301666 4.6239996
39.799976 2.40525 1.2627697
46.211426 75.988075 0.52995414
19.692247 98.637436 1.2543077
47.1046 9.238821 4.806293
5.0
83.5 0.0
99.5 100.0
100.0
20.0