100.0 100.0
50
14.707888 29.532736 6.7243104
28.95341 96.60643 4.1794367
95.95811 8.9327755 5.1576366
73.52348 66.042915 0.7469092
88.5988 8.969641 6.4288907
85.917786 1.4003873 5.096696
26.364803 20.43876 6.6930385
29.623962 90.783 3.677638
45.60744 95.56315 3.5320156
0.6322503 8.4860325 1.5752892
6.3084006 67.58028 0.92875916
82.56749 94.34671 2.859662
91.582924 77.87529 2.5944157
25.842358 46.82345 0.72278774
68.24448 46.065094 6.143508
0.7746756 25.729443 6.155465
55.222736 66.36051 0.4736557
11.313873 69.86047 4.4868736
29.183596 49.902267 0.058812678
23.987366 73.770004 5.6377077
50.385635 6.6346407 5.140169
98.00105 21.603096 5.606532
1.1773586 25.333511 4.617585
64.832115 19.300306 4.208052
24.001139 11.362833 1.9361346
78.397675 85.86934 4.50021
70.441666 21.998978 1.1985455
11.901975 72.67659 6.719187
55.07641 99.79105 0.97066766
23.924864 70.45627 6.8852763
54.140293 3.8578033 5.002489
1.1818409 95.08394 6.389856
68.93476 7.424915 2.3671482
1.9582152 13.991159 1.1493362
94.82545 81.31151 0.5259662
64.93316 53.620678 4.523747
84.158775 42.89716 6.4697833
47.347336 14.590794 5.314016
8.065617 74.99756 6.7598367
3.431499 72.10496 2.2324193
18.634874 70.4615 5.836726
75.11511 56.05864 6.598625
52.730824 0.22568703 5.294628
41.642918 82.212944 6.7496047
88.6711 29.044622 6.934286
17.46127 56.336617 1.9981787
44.287975 59.353172 3.6150348
64.89366 3.0538738 3.7543292
51.639523 30.055164 4.7671876
95.19294 33.61361 1.7218273
5.0
53.0 0.0
39.0 100.0
100.0
40.0