100.0 100.0
50
58.709137 84.31955 4.2097774
21.430588 1.0931362 2.6537893
42.226025 50.78189 2.9587345
4.326254 69.24543 0.9617406
73.40785 42.83944 4.1022644
69.36814 78.20199 2.9911506
62.926617 80.47894 1.4824038
64.2968 82.65633 5.1721816
96.6368 16.496479 0.5489899
10.143817 96.55278 2.354776
87.33868 54.77021 4.451785
42.70551 7.7365794 3.059163
39.029922 74.064735 2.8457437
14.619773 74.324104 1.9498562
58.69401 84.13642 0.9483565
77.35303 76.85423 4.2933745
49.529724 79.158875 5.056843
44.710964 99.03487 4.94069
1.7689768 64.32847 5.4842405
44.770382 47.050026 5.018481
93.364265 10.92501 5.1519184
27.618052 38.978786 6.6401052
80.54056 15.197428 4.437642
76.05543 0.4226077 2.3023374
29.915571 54.91455 3.7900505
77.25311 90.980156 4.3426294
71.18728 17.876755 4.981361
82.54756 48.27646 1.408134
17.811434 60.71498 1.1638713
45.705246 44.424755 0.8256042
30.861448 99.47201 2.7907145
18.980202 0.12444761 5.3201675
55.92443 15.920018 3.8307924
29.28948 83.08225 4.363157
55.57439 99.80124 4.4505367
62.10663 86.93001 3.9725716
29.823362 83.3718 1.0292513
45.155872 32.030205 4.88383
37.455833 28.485727 3.708075
38.69371 31.735588 1.971883
29.430738 54.779938 0.7464316
58.23629 78.02394 3.244506
45.511124 27.680855 1.9702232
45.16883 13.039166 6.624419
77.29748 68.37711 4.052512
51.556717 90.955475 0.91003543
6.634484 47.02706 3.9159052
9.6173935 56.575512 3.0788553
61.6309 37.0952 2.617993
35.42972 41.89826 1.116713
5.0
20.0 0.0
69.0 100.0
100.0
50.0
304.0201
200
20.0 0.0
20.430712 0.47495568
20.61164 0.5861708
21.058279 0.7282115
21.507498 0.7046083
20.95339 0.72094333
22.545574 1.4621617
22.726501 1.5733767
21.346931 1.5076609
20.537626 0.6360259
21.121916 1.9191093
20.925638 1.3840897
22.99327 1.1431434
23.638788 1.1199028
23.01734 1.0805781
22.654472 1.1935201
22.654476 1.1935201
21.64879 1.528548
21.64879 1.528548
21.64426 1.5348272
21.71271 2.1043565
20.006931 1.1017473
21.117031 0.8657973
19.009178 1.7006676
20.537937 3.2324903
23.167637 1.6116638
23.167635 1.611664
23.211617 0.8302405
18.951027 0.3498695
19.528502 0.57722545
22.111925 1.3474524
22.397203 1.069874
21.520922 1.3304021
21.157797 1.5413387
18.835463 0.9657388
19.033598 0.9812629
21.617027 1.7514894
23.29651 2.930686
23.296518 2.9306865
27.905064 1.8820252
31.640789 4.9744496
35.37653 8.066874
39.985073 7.0182104
42.766495 7.699465
43.720795 10.110636
43.72081 10.11063
42.009525 10.696521
42.009533 10.696517
42.00953 10.696525
40.348003 9.206682
40.446423 14.195997
40.117294 17.046581
40.215706 22.035894
40.314125 27.025211
39.55716 30.022266
40.511475 32.433426
40.51147 32.433426
41.465782 34.844593
45.038013 37.501778
44.328716 42.078102
45.283024 44.489265
45.283024 44.489273
45.28303 44.489227
43.828648 48.995018
44.951366 51.626457
46.94594 54.64522
49.39093 58.748817
50.70403 62.146393
52.017147 65.54391
53.25228 69.085945
54.487392 72.62797
55.98463 75.99469
57.10734 78.626144
58.061657 81.03731
59.558887 84.40404
59.51273 84.30681
59.45791 84.40193
59.512737 84.30702
59.567554 84.21196
59.613678 84.30882
59.380524 84.14109
59.38053 84.14118
59.602966 84.10919
59.602985 84.10917
59.602997 84.109184
59.603024 84.10912
59.603 84.109116
59.60303 84.109116
59.394554 84.20214
59.612137 84.03494
59.566044 83.93806
59.596165 84.21592
59.596207 84.21592
59.433002 84.17369
59.46508 84.20937
59.628307 84.25178
60.765553 84.07117
59.448742 84.29276
59.47698 84.35678
59.574787 84.36104
59.50146 84.34948
59.5015 84.349464
59.50151 84.34954
59.58215 84.30809
59.549355 84.14528
59.478268 84.081436
59.450047 84.01746
59.51901 84.01032
59.37794 84.12278
59.4869 83.99135
59.431217 84.19777
59.61655 84.25581
59.472824 84.19685
59.47282 84.19695
59.524666 84.25502
59.52466 84.255
59.61409 84.31414
59.42502 84.11765
59.382523 84.25689
59.382526 84.25685
59.38253 84.25686
59.623547 84.10858
59.623524 84.10855
59.382507 84.25682
59.382496 84.25676
59.62348 84.10848
59.6235 84.10855
59.403893 84.05429
59.63147 84.17768
59.470276 84.29479
59.3861 84.175934
59.43952 84.15991
59.45874 84.16563
59.45877 84.16552
59.631485 84.217636
59.405296 84.18147
59.40531 84.18156
59.405296 84.18148
59.395733 84.11745
59.449154 84.10147
59.62188 84.15366
59.372593 84.0497
59.478813 84.33251
59.54279 84.137764
59.604992 84.377235
59.60503 84.3772
59.406 84.30259
59.508167 84.559814
59.50695 84.09499
59.554512 84.0762
59.57369 84.08193
59.48837 83.94569
59.56687 83.888306
59.521454 84.50939
59.51319 84.18889
59.532448 84.17843
59.532433 84.17849
59.561264 84.44417
59.56124 84.44417
59.56127 84.44414
59.565697 84.154594
59.559616 84.218605
59.55962 84.218666
59.559628 84.21871
59.563374 84.2172
59.50111 84.58521
59.513824 84.26894
59.52682 84.14145
59.58103 84.13469
59.400383 84.125626
59.538956 84.15456
59.41803 84.01711
59.498703 84.03542
59.498707 84.03544
59.498703 84.03545
59.5009 84.245445
59.532047 84.340256
59.46109 84.16833
59.406883 84.17504
59.60118 84.176544
59.546967 84.18327
59.546967 84.18329
59.555775 84.3107
59.501575 84.317444
59.501575 84.31745
59.473022 84.20118
59.473022 84.20113
59.418823 84.20788
59.41884 84.20783
59.451134 84.09789
59.579155 84.011955
59.534904 84.35021
59.53491 84.3503
59.55417 84.33984
59.557907 84.33835
61.98108 86.90344
63.53161 90.33035
64.42715 92.65374
65.97768 96.08067
69.0 100.0
