100.0 100.0
50
74.56897 44.055843 1.7089814
37.67298 98.24842 6.280412
96.40204 74.674774 5.645348
32.817062 33.26342 3.1229494
48.34361 44.596268 5.5924172
2.7078907 24.749317 6.4894805
45.072323 22.33362 5.873347
85.70222 47.702274 6.228788
8.98615 10.736506 6.66767
36.592487 2.4514964 4.2782984
30.2798 32.89716 6.8862433
75.878044 30.520863 3.701288
41.931812 0.93753237 6.9246473
42.007652 49.415276 1.3674756
73.11654 4.312078 5.2514825
52.02348 22.236029 1.7311825
53.74175 8.20673 2.1251318
30.167572 97.78077 6.7830253
67.837395 29.794424 6.134565
36.842804 2.0031338 3.1292717
62.313587 3.9172108 3.4711516
43.2647 15.473613 3.0628474
70.57751 36.061466 6.2410793
56.221077 80.30641 6.151439
47.810516 20.097256 5.4920716
49.792507 11.201309 5.950138
85.34576 10.047992 3.2144456
93.55129 4.8086643 6.49682
7.5928097 60.696693 5.1540637
15.019171 45.779594 2.9157488
37.56466 39.932 2.7782583
67.923386 86.06308 3.389942
62.156197 4.2557454 4.69102
14.024762 63.586784 4.8844476
4.529717 17.009727 4.296104
39.244064 34.391308 3.3280568
10.8493595 71.46686 4.4444017
1.9544458 17.2768 0.9917142
12.872101 96.86848 3.1714768
27.504065 25.89757 5.484848
70.08429 17.133173 0.19912244
5.8691506 92.96078 0.35426953
10.21814 72.404945 0.09569398
62.347416 45.030838 5.767664
54.884537 93.99325 2.9971778
66.75821 90.70645 5.9382696
90.052635 73.85207 1.4328387
25.548418 94.30317 0.06197335
0.094926715 47.258705 5.099732
41.70999 3.1081295 3.096358
5.0
20.0 0.0
69.0 100.0
100.0
50.0
341.70856
200
20.0 0.0
24.770763 0.61774623
29.584648 0.78331804
34.01654 0.8856691
36.463684 1.2266948
38.932533 2.2487504
38.932533 2.2487504
39.73237 2.5161097
39.73237 2.5161107
39.69053 2.518435
39.250328 2.311058
39.572247 1.847311
39.066124 2.1660228
39.2798 1.6100941
39.045734 2.9142723
39.045742 2.9142728
38.942165 2.9159899
39.2005 2.7743902
39.20048 2.7743905
38.817066 2.450188
38.81732 2.5052717
39.208485 2.711579
38.768272 2.5042021
39.71534 2.405876
39.447834 2.8889701
39.631927 2.4656081
38.864994 2.4405642
39.624474 2.4071314
38.857544 2.3820875
39.145252 2.3916934
39.16349 2.391715
39.746883 1.3515766
39.746895 1.3515763
38.88115 2.4532075
39.353107 2.5335634
39.498047 2.5720139
38.782944 2.4875078
39.867203 2.2251415
39.78123 1.8283584
38.78319 2.7712846
39.838413 2.5757601
38.882984 2.1997485
39.643227 1.95018
39.286304 1.6913991
39.15794 1.7485685
38.71434 2.8698149
39.80995 2.8555017
38.90887 2.4774113
39.941494 2.2701457
39.687237 1.9035771
39.712437 2.3700552
38.969543 2.1590154
39.86961 2.3695006
38.887936 1.8669558
39.837803 1.5518897
38.704712 2.4017315
39.65459 2.0866652
39.154995 2.0109577
38.915638 2.188574
39.192852 1.3643842
39.649975 2.2468321
38.85577 2.5901265
38.75969 2.3842108
38.98686 2.4235508
39.823742 2.335757
39.539913 2.6147027
39.755955 0.91597295
39.735756 0.9149382
39.458405 1.0995581
39.516644 3.3279085
39.724365 3.139154
38.90253 2.9128659
39.73507 2.6767054
39.13804 2.5843763
39.558426 2.759025
38.9614 2.666697
38.72206 2.8443139
39.42627 2.5618691
39.423862 3.6205993
39.16061 2.8758945
38.983444 2.562749
39.20894 2.5520666
39.91313 2.2696223
39.777084 1.0070069
39.486828 3.1772716
38.796196 2.1709733
39.441532 2.266935
39.4415 2.2669356
38.981598 2.264627
39.20707 2.2539427
38.692123 2.6474273
39.09726 2.9938293
39.663803 3.078034
39.742367 1.9045937
39.604412 2.8852804
39.34037 1.8799629
39.3021 3.8066611
39.675117 2.4933662
38.973564 2.8329291
39.84912 1.2007103
39.033085 2.8358955
38.92545 1.9522715
39.92525 2.3936882
38.81871 2.2870731
39.63573 2.1156113
39.656193 2.1169336
38.743282 3.5765572
38.74329 3.5765562
39.85718 2.8407817
39.420765 1.5103045
39.420776 1.5103045
39.46735 1.4859095
38.985847 2.5899467
39.355812 2.583826
38.79703 2.6291103
39.883137 2.4592686
39.33913 2.9802217
38.79371 3.0107236
39.157192 2.2245042
39.293354 2.205166
39.46439 2.3840437
39.46441 2.3840427
38.96157 2.207258
39.000065 2.5236351
39.50792 2.4402072
39.44959 3.3960304
38.946774 3.219248
39.200363 3.1130621
39.200344 3.113063
39.453945 3.0068772
39.45392 3.0068762
38.96264 2.5475652
38.83998 1.9895387
38.848328 2.268016
39.10192 2.1618311
39.686417 2.8573954
39.21752 2.0747428
38.647945 3.0359738
38.647957 3.0359735
39.858406 1.6501715
38.83466 2.5562136
39.215263 2.5851755
38.66308 3.602739
38.663105 3.6027405
38.79921 3.583398
39.755238 2.6409981
39.680115 1.6911311
38.656364 2.5971744
39.513706 3.465038
38.724648 3.6773627
39.58697 1.81408
39.836864 1.6419499
39.497116 2.7063923
38.914417 2.003735
38.69228 2.6442316
39.8349 2.608185
39.252197 1.9055278
39.40585 1.7782531
39.225094 3.4248304
39.556355 2.0529408
39.632587 2.1439009
40.37643 4.569951
41.12027 6.9959965
44.285583 10.791807
45.029427 13.217855
43.70917 17.514345
43.709175 17.514349
43.70918 17.514349
43.743923 17.532726
43.743923 17.532724
44.35404 20.600832
46.24181 25.032036
47.053898 29.75713
47.865986 34.482224
48.678078 39.207325
48.9302 39.939796
49.130024 41.368343
49.891262 43.803593
50.635094 46.22966
51.245216 49.297745
52.05729 54.022842
52.4073 56.665855
53.219357 61.390938
54.031418 66.11605
54.843536 70.84117
56.337326 74.25354
57.915894 76.85809
61.172752 80.61578
61.522774 83.258804
65.528534 85.19646
65.528534 85.19646
65.528534 85.19646
66.645386 87.496506
66.645386 87.496506
66.645386 87.4965
65.80672 88.561516
66.60504 91.421135
67.40336 94.28077
68.201675 97.14038
69.0 100.0
