100.0 100.0
100
88.11988 31.454018 5.4870124
5.7111936 29.071781 4.686247
70.32479 58.438824 3.9719403
70.85416 40.058907 2.5883403
88.57791 63.162056 4.4897857
59.352463 40.621258 2.7079372
94.34425 36.733227 0.5960031
58.662895 6.5736265 0.19681181
32.9467 1.6042621 4.141053
66.87358 93.639565 2.7474797
2.7862182 14.020881 2.0916922
34.522472 93.19787 5.3508005
89.6577 61.224003 1.7119468
53.50236 78.25707 5.075761
7.5981283 87.20558 1.6802698
15.399401 48.32264 6.6378455
20.782463 51.009712 4.8611946
85.75306 91.29106 5.9740257
69.27433 40.409203 1.6803752
93.408676 75.79786 4.415958
42.353546 60.640438 6.7036257
0.95283264 15.800123 3.360562
27.06888 6.4990664 2.035813
98.03973 58.38498 3.5953925
30.279867 68.97228 1.0251888
39.59739 30.77207 6.6672025
78.9744 9.550307 4.8954463
68.6133 29.75697 6.4326563
60.35774 96.60169 6.1482124
27.09373 70.33354 5.09395
71.34622 4.1093073 2.9034402
23.558361 5.747085 5.6568375
52.304455 2.1580696 4.103497
7.0709977 74.87025 1.7350373
8.55632 22.483196 3.7661123
87.18593 70.07451 0.42255765
19.87443 33.235233 6.0923214
68.305695 36.356335 6.363987
15.325751 75.7598 3.3844085
71.50842 19.723442 4.896827
94.42406 24.781946 6.460833
45.220917 49.836098 4.249086
90.63002 92.3394 1.8131238
87.96557 19.480288 4.1381717
18.064722 47.540688 4.5040035
71.45155 24.783634 1.2451745
6.477457 76.427505 0.29210612
44.71938 19.50269 6.9807105
48.155964 72.09523 3.7617757
7.706047 88.21805 1.464263
79.804344 15.9554405 3.9316385
96.159424 75.818085 2.0740042
14.042548 28.997173 0.16496092
10.952456 67.28283 1.0985687
1.0467882 2.5372224 1.4929589
3.9946098 26.146105 1.9977677
46.908756 46.66519 4.484514
2.1807241 93.1457 2.8778913
89.173004 71.37678 4.33248
81.51911 38.678608 6.4308977
99.51694 61.5549 0.28998575
61.777504 6.755395 6.2523146
26.58112 88.065384 5.5499454
29.437712 66.40728 0.93417275
26.599627 26.889324 0.7391596
36.04474 12.248683 2.6551437
75.978455 49.275555 4.8498015
23.770954 28.188263 1.7486866
68.298355 45.81775 1.4123491
15.012814 88.75597 0.21448576
83.30417 70.802414 5.572927
21.47499 15.106018 2.6262977
10.37832 85.67262 6.435701
41.374554 64.45808 2.530286
29.78726 50.82868 5.8421173
77.286285 53.42761 6.6185713
61.9151 68.34943 2.8756251
48.793884 7.0276356 2.7429645
42.14712 51.813095 2.1770692
79.11124 61.810116 0.7468764
9.745137 28.212732 1.8515674
97.73422 93.90316 0.10660375
8.749819 97.90873 0.23885046
82.83801 13.676848 4.8641605
89.520386 56.193104 6.7304416
68.28469 34.126606 2.8012013
15.687602 93.20553 4.3539476
45.45694 91.25522 6.8697133
48.613228 31.38567 5.8098774
7.729574 85.988434 1.3226181
36.41294 19.526777 5.0160055
0.6812347 46.56569 6.8389163
67.111404 51.88285 6.9489098
34.067516 41.309452 4.664048
92.84626 35.671898 3.8695095
90.097275 4.2662024 4.9330373
83.53432 63.303913 4.9968557
92.61551 13.514037 0.72818077
87.10541 17.3346 4.522252
3.1185153 79.241005 1.027775
5.0
20.0 0.0
69.0 100.0
100.0
50.0
316.0804
200
20.0 0.0
24.868582 0.9506289
26.90115 5.478897
27.273289 6.183029
28.307796 7.5192747
27.510138 7.530466
28.172968 7.254138
28.172968 7.254139
28.40992 7.412924
28.47753 7.8882627
28.855768 6.763384
28.855762 6.763385
28.855774 6.763386
27.568136 8.2305155
31.57428 11.045727
33.87882 12.858822
36.120995 14.793732
36.12099 14.793732
38.425533 16.606827
38.425526 16.60683
39.042797 18.592648
38.650684 18.95913
38.65069 18.95913
39.601387 19.342379
38.98411 17.356573
39.934807 17.739822
40.787846 20.51799
39.66091 21.762337
39.66091 21.762337
40.863853 24.608727
40.863857 24.608736
43.408493 25.477306
45.953125 26.345879
48.744198 28.669212
51.53527 30.992546
54.34803 31.146751
58.274265 32.899975
63.24764 32.79307
65.79228 33.661644
67.40344 34.227974
67.376236 33.12715
68.48749 33.993423
68.48753 33.993435
68.48759 33.99344
66.47135 32.84024
70.93017 33.719498
69.22704 33.835552
69.933235 34.114933
69.64517 33.480618
69.74037 33.467358
67.99459 32.4959
66.29155 32.611996
67.56264 32.5961
69.52412 32.408516
67.82098 32.5246
68.89255 32.489136
68.96098 35.675606
69.02938 38.86208
69.70568 41.86829
71.481 46.48378
72.32592 49.423347
72.77663 49.38486
72.77666 49.38483
72.77668 49.384823
73.61462 51.311024
72.46069 49.429382
72.46067 49.42937
73.487114 51.861282
73.61468 51.311028
73.74221 50.760826
73.742165 50.760796
73.74214 50.760777
73.74214 50.76077
73.7421 50.760788
76.97125 52.477287
80.1107 54.34977
83.250145 56.222256
86.83404 59.740177
88.268486 62.027637
88.268456 62.027637
88.268394 62.02763
88.40464 62.221085
88.24955 62.194157
88.301186 62.2653
88.04227 61.614693
88.106895 61.4576
88.10697 61.457615
88.042366 61.61468
88.07693 61.599953
87.95428 61.142834
87.95426 61.142754
87.95425 61.142754
87.9543 61.142757
87.95424 61.142773
88.11134 61.585194
88.12668 61.73686
88.12668 61.73685
88.19132 61.57978
88.42973 61.491867
88.1107 61.324665
88.13436 61.669697
88.11048 61.88793
88.322685 62.18754
88.29052 61.950096
88.29064 61.95009
88.10443 61.74542
88.1044 61.745422
88.1044 61.745377
88.32129 62.194397
88.10945 61.39781
88.354805 62.245285
87.95024 61.281242
87.97121 61.28238
88.18507 61.748516
88.20985 61.712387
88.047844 61.696106
88.23028 61.7072
88.23025 61.7072
88.26913 61.73798
88.04566 61.582554
88.22802 61.593643
88.184814 61.56195
88.18489 61.56195
88.0229 61.54567
88.02284 61.54565
88.20525 61.556744
88.15924 61.51645
88.146515 61.493713
88.14648 61.49373
88.14644 61.4937
87.98451 61.4774
87.98448 61.4774
87.98445 61.477432
88.00008 61.40361
88.20567 61.546295
88.020546 61.6297
88.02067 61.629715
88.02062 61.629704
88.020706 61.629726
88.393074 62.196083
88.28962 62.168877
88.17209 61.52237
87.99981 61.62854
88.02077 61.6297
88.02067 61.629692
88.393105 62.19603
88.28968 62.16884
87.957146 62.11891
88.346306 62.037727
88.018585 61.624443
88.018616 61.62446
88.018616 61.624474
88.18447 61.62078
88.1845 61.62078
88.18448 61.620796
88.157974 61.605263
88.15806 61.605247
88.15806 61.605247
88.03661 61.345978
87.97163 61.449806
87.97167 61.449806
87.971664 61.4498
87.971695 61.449768
87.97169 61.449753
87.97174 61.449726
88.05281 61.56192
88.05283 61.56191
88.14829 61.67889
88.148285 61.678883
88.209175 61.86877
88.0733 61.550133
88.07327 61.550133
88.12335 61.85514
88.21805 61.875526
88.06353 61.61764
87.98154 61.052063
87.981544 61.052063
87.97655 61.0522
88.00792 61.409477
88.12917 61.366135
88.002884 61.409626
88.00285 61.409622
88.002945 61.40963
88.00285 61.40966
88.00285 61.40966
88.00289 61.40966
88.04554 61.720604
88.27669 62.21311
88.276695 62.21309
86.92997 66.906815
86.18235 71.843
82.440094 74.287994
78.135025 76.39909
75.41109 80.298035
71.46146 82.5477
70.26709 87.425415
69.07272 92.30315
69.048485 94.86877
69.02425 97.43439
69.0 100.0
