100.0 100.0
100
97.02877 68.436646 4.8826704
52.59966 58.608967 4.8140073
97.87817 80.26944 4.9568653
6.264079 93.29797 0.9169781
16.806864 15.582551 4.322412
25.729685 81.692795 4.9014215
44.930676 71.9341 0.5702464
56.49584 38.103115 0.14453663
46.862244 71.53572 5.6715584
75.57961 31.499998 6.455805
89.79768 45.661205 2.2251794
83.73099 62.328957 6.7564454
54.603653 88.85111 6.505275
77.68742 94.08074 2.8393943
34.211098 6.570954 0.17738454
50.573433 26.840595 1.8120189
74.01173 84.69008 3.8803284
3.9574883 82.64274 3.9002876
64.13692 42.21647 2.9170735
70.94459 69.62758 6.911179
73.18751 44.192688 4.100307
74.87656 79.324745 0.4624442
40.90773 73.86293 3.2133808
4.1069965 22.084137 1.5965031
60.490143 60.818043 3.3877685
79.14573 40.71503 3.11498
42.298153 46.25482 1.7666017
20.751612 4.3893394 0.010070762
77.806305 55.564564 6.6308947
5.571729 24.184599 5.8224764
57.356125 12.248958 4.6685443
18.296057 67.34711 0.23254107
79.09551 98.8618 5.543723
9.189122 66.22448 6.9545727
28.72359 96.319435 6.123185
49.995018 41.415924 0.5951832
32.838234 21.609026 5.7074337
31.71604 13.523195 2.0205405
52.23606 82.917274 1.3077791
56.101704 38.919884 0.4549139
55.374783 72.79196 4.0658765
86.29019 73.350655 2.7095063
79.78702 52.877335 0.8244568
46.954754 13.826601 2.7633643
34.68728 53.199 1.2552586
41.968113 18.862917 2.936637
14.238181 66.40609 5.698062
26.202126 92.44511 4.3149285
1.8483776 22.48209 4.332382
81.19116 83.47145 4.027877
79.711006 27.82243 3.189631
19.2571 23.834202 1.9125433
10.869611 7.557542 0.907901
28.585737 3.271056 0.12913008
43.023365 69.83925 4.0166826
18.746983 69.21715 6.19614
90.83954 82.6503 0.7238186
67.347275 53.36176 5.479249
43.654713 39.21367 6.6796956
81.038246 55.82403 3.4054873
64.1844 13.074237 0.373946
13.596974 66.47892 6.5595527
85.20455 0.51891357 0.09522537
97.669365 43.083237 0.5302612
4.3278995 90.6748 1.1415648
52.553913 49.737225 6.9361877
85.32556 28.330229 5.314667
85.60192 69.16655 4.7850785
82.515854 73.19263 5.012492
9.952915 42.152008 2.0964487
49.991684 56.512238 1.7763547
53.908936 14.469469 5.050941
82.727974 56.232323 3.459598
69.69866 55.40671 0.8878006
76.332115 64.55613 4.88834
70.7962 86.543274 4.2777176
89.37271 97.02486 1.9352435
70.38058 68.647575 5.581003
15.208085 8.065345 2.1887817
68.52576 39.356518 1.0412452
46.381145 5.381 3.4528234
68.5995 78.79404 2.7692997
95.01624 24.818703 3.3774192
99.85116 4.070222 3.705244
99.73758 89.66338 6.6925154
55.46017 55.42117 4.5975485
75.60986 76.15537 2.9803555
27.341543 50.987873 3.4301033
46.84354 84.91338 4.6874475
75.461716 65.99304 5.3925796
41.679092 79.29851 6.7046046
30.467058 95.1644 6.590802
48.170128 29.504152 5.995942
40.037827 85.47507 4.983652
40.820198 9.2502365 2.8900504
88.433586 94.7078 0.773633
30.75233 75.54069 5.957529
32.338436 36.829464 5.5950255
12.948771 78.90261 1.1841552
73.52163 52.916107 6.190378
5.0
20.0 0.0
69.0 100.0
100.0
50.0
334.67337
200
20.0 0.0
17.358818 3.4880457
14.626589 7.0402412
15.617308 11.577591
14.87656 15.459332
12.765139 16.611008
9.367361 19.903526
5.041106 21.639437
4.7911816 21.720291
3.1516018 20.959053
5.3199406 21.396393
4.1685753 21.695377
5.070016 21.47724
4.3467927 21.563745
2.682572 21.372744
2.682572 21.372738
4.7321634 22.806969
3.917574 22.529251
5.602066 22.388866
3.551643 22.131031
3.5516448 22.131031
3.5516453 22.131044
3.5143194 22.067665
4.0232263 21.696812
5.5375667 22.708673
3.3126135 20.87749
3.312613 20.877487
3.2752886 20.814114
3.2752876 20.814117
4.8261776 22.837082
4.8261776 22.837082
4.348297 23.08052
4.3482995 23.080524
4.0983734 23.161366
3.5066195 23.001143
4.0797586 23.171463
4.6528997 23.341782
6.3475056 28.067951
8.042112 32.79412
9.955163 36.69401
9.586939 41.41043
10.247615 44.040764
10.701555 47.26848
11.102907 50.624027
11.863457 54.220722
13.07637 57.96956
13.83692 61.56626
14.412151 64.84822
14.813509 68.20372
13.302385 68.94676
13.302387 68.94679
14.241379 68.13249
13.951214 69.30748
13.549313 69.48315
13.454838 67.210625
13.918633 67.751114
13.918634 67.751114
15.487749 67.85463
14.611956 68.05761
14.611959 68.05763
14.517485 65.78511
15.85055 66.00716
14.279427 65.664856
14.389216 65.70189
15.783676 65.572495
13.654753 66.05179
14.987816 66.273834
14.987816 66.27388
14.966242 66.262924
13.455118 67.00595
13.465488 68.688705
13.465481 68.688675
13.674572 68.45929
15.007635 68.681335
14.8137665 68.72058
14.152559 70.21106
15.36343 67.389465
15.380386 66.31508
13.697794 67.54866
13.489111 67.54335
14.357626 67.66443
14.78166 67.52572
15.09294 67.8183
14.945273 68.1948
15.310494 68.679344
13.984539 69.16023
14.803441 67.76563
13.477476 68.24659
12.674736 68.684685
14.642546 68.291855
14.493929 69.272835
14.493931 69.272835
15.443094 65.77797
14.171762 66.06797
14.24645 66.09764
14.203644 67.44694
13.974699 69.52731
13.974698 69.52729
15.175141 66.006996
15.684946 65.354645
12.67305 68.94711
13.722939 67.646614
13.722938 67.64661
13.863292 69.66584
13.06152 69.10287
14.159275 69.81242
15.127811 67.84745
15.290778 67.738075
13.406609 69.82451
15.163759 69.390816
13.220734 68.34354
13.437832 68.32816
15.813262 68.111916
15.52206 67.23058
15.313373 67.22527
15.305902 67.22476
14.186056 69.07988
12.779087 68.20218
12.779089 68.20213
15.243448 67.944534
14.710129 67.90307
13.984569 70.1582
14.612028 69.823044
14.61203 69.823074
12.553017 69.377754
13.151272 69.39127
13.291786 69.39603
13.946783 67.450195
14.551184 67.41131
13.590578 66.3859
16.054934 66.128395
14.796402 66.300735
14.858095 67.46221
13.519611 66.49296
14.347155 68.57709
13.896244 66.74082
13.896244 66.740845
13.896248 66.74088
15.442888 67.71607
15.588594 67.72995
13.152662 68.86149
15.184738 68.344
15.184738 68.34402
13.090663 69.9991
12.684516 69.60051
14.047643 68.11826
15.140915 65.59262
15.012356 64.509346
14.018635 67.52923
13.997059 67.51835
13.2064705 66.75431
14.41164 67.49867
12.919497 67.51999
13.598837 67.29163
14.794193 67.26349
13.850382 67.15479
14.454775 67.11594
13.550077 67.84277
13.312479 67.705444
15.724569 67.85833
15.73176 67.868675
14.940834 67.17537
14.940828 67.1754
14.940828 67.17531
13.707207 67.01777
15.021059 68.7297
15.473761 68.60893
15.473761 68.60894
14.240139 68.45135
14.240147 68.45135
13.980305 68.77004
15.898382 65.257484
14.470703 65.912
13.735184 65.937
15.745319 66.79221
15.364421 66.57179
14.378204 66.445946
15.165314 68.8796
18.553806 69.876785
21.011082 73.782875
25.129795 76.63419
27.406918 78.015114
29.684032 79.39604
34.432964 79.40486
37.25231 81.83879
40.071663 84.27272
44.8206 84.28154
44.8206 84.28154
44.820614 84.28154
44.82061 84.28154
44.733273 84.52454
44.733273 84.52453
44.733273 84.52453
48.28384 87.8575
49.564354 88.3163
53.76502 90.85451
58.119106 93.35823
62.319756 95.89643
67.02959 97.58481
69.0 100.0
