100.0 100.0
100
62.231293 71.33007 5.2463536
47.760193 76.76131 4.8710346
77.9078 58.52292 6.173229
80.34875 38.874336 4.1564226
66.69483 24.600916 0.578423
53.858307 56.263157 5.399151
94.11505 68.8907 1.5257614
74.12622 25.484453 5.3616223
77.925255 81.929855 4.714383
54.843235 67.45007 5.1207724
12.12114 73.37671 4.8610024
34.50313 95.67051 2.290009
80.26706 9.948273 5.1168246
86.59156 41.75566 5.29748
34.81614 77.34885 6.9841366
61.666317 61.610313 5.9986715
60.7362 83.340645 2.2913976
95.533264 77.13456 1.7311361
52.006466 15.764755 4.597746
80.676575 65.72453 2.6765258
60.525105 8.753658 3.0292497
71.243225 63.801197 6.01867
43.040253 66.047844 0.4126816
90.74041 36.016014 2.782184
19.073538 93.50875 0.011697996
19.01108 37.73506 6.5545974
14.014761 49.86803 4.1154165
14.987688 98.96221 1.0732819
73.99051 80.85323 4.458269
86.50152 4.4370275 6.6880856
85.40676 93.63635 6.6745844
54.495316 58.99444 1.5280337
91.70376 78.48346 3.900384
48.199505 16.839722 6.374214
44.451748 86.938 5.1771274
59.77041 5.9325285 4.163654
1.3439546 56.80412 1.9118495
50.915955 56.884438 0.7215851
68.370834 48.760944 3.7001429
26.985865 98.448166 4.6482
63.04208 80.02714 2.717069
18.973316 19.125307 4.6917973
42.270172 4.5993195 6.9929028
60.340866 91.29021 6.613723
68.42204 98.14228 2.7873118
79.13656 28.497036 5.464738
29.398073 31.021849 4.6999345
50.098225 30.47471 4.018966
58.638504 0.84163296 1.5988959
72.07329 8.664508 6.4645557
21.384832 58.37454 4.876513
88.1809 99.28806 3.4169335
32.26498 50.188747 4.7047634
59.363796 91.88067 0.015090372
70.07273 36.039894 3.8989854
60.946575 70.908325 3.7722316
70.74346 3.678569 5.7183642
13.412668 22.123705 5.034019
31.795332 50.286686 4.9612813
47.60977 46.866234 3.5891845
39.917355 94.02975 1.0472472
8.1922455 16.216658 5.008886
33.229794 25.727375 4.973605
64.15681 93.859116 5.6763372
58.48002 53.73123 4.580261
46.5553 88.293625 4.855305
65.73213 74.84576 2.278121
25.864122 83.5281 6.3363247
51.466522 5.879417 0.6292741
13.949966 72.14931 4.7210193
73.89718 18.883818 1.4985412
19.25276 66.4085 4.1605268
49.322315 46.99174 4.372043
88.141716 93.865036 1.6553046
67.75342 72.581635 4.515659
5.5110865 80.07639 5.7818613
48.616287 26.273056 6.7210593
40.960766 4.4588075 4.5506477
51.812134 49.17227 3.8693185
81.81847 39.519302 1.8310819
80.28411 58.69967 3.8532817
51.94274 98.86256 3.3251016
7.213525 44.548656 2.3301475
60.280743 55.44801 6.2147446
61.93867 52.43423 6.742707
59.88791 85.13245 1.8447593
14.53446 91.37245 3.353125
85.2242 65.89963 2.5273917
8.456637 96.60685 2.6223521
83.029755 62.681984 0.18497886
25.79792 82.89594 5.1519737
41.721287 61.3324 0.5954193
51.822227 77.711 2.8107405
57.455578 95.36976 2.0481308
26.719402 14.554249 4.1413126
90.47449 98.02137 3.5726433
97.30151 43.53804 0.23230776
55.26673 12.239909 6.249593
68.8756 14.672853 0.04592895
57.55408 73.98597 4.742904
5.0
20.0 0.0
69.0 100.0
100.0
50.0
413.56784
200
20.0 0.0
24.611986 0.30612385
28.508587 1.0413127
32.31819 1.6747336
35.456425 3.1190894
38.594658 4.563445
38.594658 4.563445
38.530083 4.436425
42.32391 2.7087498
39.14109 4.548176
39.14109 4.548176
39.532753 4.6027837
39.339508 4.098724
41.87182 7.964744
41.87182 7.9647436
43.244335 6.4875064
41.76838 8.446281
40.288235 8.832111
39.69518 7.602601
42.774017 8.113632
46.8591 10.794303
49.768635 12.438736
51.837635 15.903895
51.83763 15.903896
51.837643 15.903896
54.391754 18.092278
54.391754 18.092276
53.05471 16.683313
52.726418 17.874285
51.389374 16.465332
50.052326 15.05637
53.738674 18.244247
49.958935 19.716648
49.70956 22.251892
49.460163 24.787136
49.210773 27.32238
48.96136 29.857615
48.712006 32.392857
48.34001 33.53981
49.259903 38.477337
50.179813 43.414864
49.930428 45.950108
50.161495 49.25711
54.34177 51.966278
57.833206 53.04492
58.6876 57.397095
58.76252 57.87854
58.76253 57.87853
59.15543 56.202095
59.15543 56.202103
59.155437 56.202072
59.15545 56.2021
59.15543 56.20209
59.15544 56.202103
58.105347 57.04219
58.105377 57.042236
58.413944 57.28223
58.70062 57.29394
58.013058 57.264687
58.01306 57.264687
58.416973 57.00263
58.599262 57.357372
58.54514 57.52185
58.727417 57.876617
58.00848 57.34436
58.596462 57.978447
58.565662 57.750824
58.235443 57.001682
58.203716 56.986683
58.44555 57.303288
58.704727 57.628628
58.950886 57.65543
58.141438 56.814327
58.141438 56.81435
58.2712 56.996212
58.326015 57.02225
58.325996 57.02227
58.491234 57.27668
58.391243 56.66109
59.109535 56.98762
58.642128 56.9027
58.948204 56.91796
57.77385 57.273567
58.141914 57.19999
58.860184 57.526535
58.873676 57.022003
57.862976 57.353256
57.863 57.35326
57.551273 57.350395
58.98369 56.4083
58.56898 57.308323
58.56897 57.308277
58.656948 57.58942
57.576214 57.50708
57.852608 57.368668
58.27381 57.60908
57.611553 57.368233
57.653645 57.360023
58.716072 57.398064
58.59957 57.551735
58.06579 57.215767
58.713432 57.56908
58.051167 57.328213
58.44428 57.256866
58.444263 57.256866
58.57217 57.281975
57.940704 57.41951
57.717857 57.15025
57.717873 57.150257
58.365486 57.503544
58.34868 57.401684
57.70392 57.266846
57.722168 57.196102
58.972305 57.020912
58.97233 57.020912
58.97232 57.02092
58.855827 57.174618
58.518837 57.214302
58.35961 56.681923
58.359627 56.681915
59.060127 57.052387
58.154026 56.805183
58.15401 56.805206
57.807713 57.124954
59.086803 57.34076
58.915737 57.319973
58.379486 57.23788
58.603546 57.04421
58.409874 57.832
58.40984 57.832024
57.940826 57.679996
58.518112 57.667126
58.042587 57.188877
58.475758 57.221973
59.05434 57.245953
58.60065 57.411816
58.037464 57.773907
57.56193 57.295628
57.68165 57.167927
58.87026 57.122787
58.386402 56.946278
58.799473 57.477383
58.001564 57.766487
58.940067 57.07851
57.78614 57.10203
57.9381 56.98593
59.12671 56.9408
58.3288 57.229916
57.733543 57.661163
58.478313 57.41431
57.812595 57.423954
57.841816 57.40013
57.924686 57.361904
58.84866 57.119354
58.933544 56.96257
58.449673 56.786057
58.44965 56.786053
58.67952 57.6227
58.36648 57.36769
58.695107 56.583984
58.590084 58.266262
58.159 57.98173
58.316853 56.83141
59.170666 57.152466
58.061287 56.995502
58.12513 57.61008
58.15438 57.58626
58.612274 56.950466
58.800873 56.404358
59.127064 56.868107
58.780083 57.237698
58.342514 57.469063
58.19595 58.006874
58.44235 57.461456
58.822906 57.70273
58.82292 57.702744
58.82289 57.70277
58.774155 57.63224
58.657818 57.274673
59.15066 56.214516
58.244377 55.46884
58.857708 57.97152
58.573402 57.45444
58.5734 57.45444
58.60554 60.401283
58.422153 65.10668
58.56621 70.0434
58.56621 70.0434
58.56621 70.043396
58.56621 70.043396
59.58343 73.64435
60.60064 77.2453
62.354088 81.81427
63.371296 85.41521
64.27542 88.528564
64.53677 91.01413
64.53676 91.01413
65.47004 93.54243
68.06673 97.471695
69.0 100.0
