100.0 100.0
100
93.176056 20.716698 1.1658173
83.0727 72.76704 0.19608092
9.828635 5.4125204 2.9461255
23.452755 72.14175 0.026562475
83.95839 63.316 0.3541929
32.014286 59.567516 2.8749094
96.98412 25.034515 5.6768823
42.92769 0.6640541 1.01416
85.452 18.039082 1.3013159
56.644585 5.0218487 6.587205
46.75402 9.743557 4.164532
34.021385 44.52607 2.5625603
23.050144 59.35982 4.7929664
68.72557 70.1196 3.9073112
26.376585 13.458742 6.572426
88.92971 75.7569 2.4830956
98.06234 34.978867 5.428436
67.62556 54.948975 4.0994163
49.63832 38.19837 3.51624
95.88107 60.960987 2.2032695
97.67693 99.34589 0.12566705
4.7444596 62.87263 1.8120421
29.789827 63.852142 0.7257994
35.971756 10.491959 6.504606
72.884026 99.512184 1.1883415
14.629402 93.83688 2.231617
88.6207 13.509753 3.0040128
79.02837 32.236877 3.4278343
25.35492 64.622345 1.6289111
16.757448 15.290859 2.8978262
15.017098 64.65032 4.60628
47.305016 22.423494 6.1271443
17.460072 95.534096 6.991945
1.830747 72.37844 0.37302768
87.74647 55.07743 3.1331778
95.2041 0.67820305 0.66657907
89.6889 79.39674 5.8285284
70.29994 90.385574 0.060257096
24.329092 67.40202 0.7594872
83.35966 82.67723 4.712769
73.34573 85.235756 5.7983246
56.69312 49.93318 0.75436676
21.277334 56.602844 6.841238
3.023644 35.05499 6.9971743
48.185665 55.228657 2.5753782
86.37243 32.923965 0.6419977
45.96015 16.158932 1.8925375
86.76296 24.05922 0.20892824
7.537537 38.037403 4.901523
92.21436 97.61577 0.9198083
11.025331 45.08044 5.6143694
39.59818 63.711487 6.5005054
60.869152 63.234444 5.252731
56.760998 94.50803 6.5362487
89.96681 66.94577 1.1126492
4.312661 39.772102 0.1101805
82.87839 38.053196 6.2848377
98.92011 72.60921 4.66787
27.732147 42.570877 0.9526931
44.231056 75.59132 1.2480793
51.255295 43.763855 6.022468
84.80706 78.48528 1.8825153
44.539253 46.93005 4.0675197
19.133118 19.313175 6.5802097
1.7316332 17.357733 4.305811
61.778255 18.672981 0.8127033
6.516249 42.35838 3.3393912
77.536575 45.8861 6.5539284
98.90949 89.68023 1.3620832
67.76644 56.23982 1.9351436
22.737894 64.29062 2.4945855
68.58242 57.81687 2.8187654
92.39734 40.024483 0.21049708
6.306091 84.66846 0.42682445
47.442516 64.927475 1.6431309
55.49702 91.61379 4.941365
64.75591 93.6543 0.5204489
12.949985 77.78061 4.3228035
0.05015503 83.32027 1.7263162
89.72588 74.824165 4.0286613
52.706287 19.012625 3.2421606
27.396645 28.058088 3.4421513
69.33262 2.6835308 2.43894
55.549328 77.543304 0.24856499
75.5354 83.06627 6.9275327
35.54571 32.693115 3.961026
87.116554 10.990215 1.0199784
63.344505 11.21232 4.264716
62.970055 86.4916 1.9074363
82.801834 96.749626 0.6082751
68.02904 80.48709 1.0695868
57.773888 65.5234 6.426845
65.31753 73.20167 0.03172427
78.3868 67.45116 0.33011255
30.460632 19.052616 3.18285
11.506664 27.800634 6.029549
99.99014 90.11153 5.292062
17.777506 56.35309 2.8352199
8.451609 86.87378 6.3876743
72.645996 97.44709 0.87162524
5.0
20.0 0.0
69.0 100.0
100.0
50.0
333.66833
200
20.0 0.0
19.948847 4.4345064
21.971964 8.649624
20.585918 13.071582
19.874172 13.875098
20.4641 13.117945
20.394466 13.272337
20.394468 13.272348
20.634071 13.614374
19.409786 15.483831
19.28013 15.662817
19.189081 15.795151
19.289196 15.638283
19.189093 15.795126
17.365772 17.837357
17.365772 17.837357
17.735039 18.000404
17.735037 18.000414
16.321436 20.463926
14.907836 22.927452
12.678829 27.282183
11.908368 32.065384
9.679361 36.42012
8.9089 41.20333
4.3487625 39.864586
4.3487644 39.864586
4.3487644 39.864586
4.3487625 39.864586
4.2920303 39.87426
4.2920303 39.87426
4.29203 39.87425
4.2920294 39.87426
4.2913046 39.874718
4.408476 39.800537
4.3273907 39.84677
4.3273907 39.84677
4.4140525 39.789333
4.328124 39.846252
4.4147854 39.788807
4.3281164 39.846275
4.3281174 39.84626
4.3124466 39.863995
4.3771877 39.800823
4.3771877 39.800835
4.365363 39.80525
4.365362 39.805225
4.3273697 39.846706
4.4126225 39.79011
4.3259525 39.84756
4.3259525 39.847534
4.3259544 39.847576
4.3259563 39.847565
4.402897 39.78183
4.410475 39.791386
4.4104776 39.791344
4.3259487 39.847565
4.3259478 39.84759
4.325947 39.847565
4.406824 39.770153
4.409852 39.769062
4.3933115 39.839584
4.393311 39.839592
4.396902 39.830276
4.407993 39.82628
4.3882732 39.822514
4.3882732 39.82252
4.399793 39.78951
4.401368 39.83691
4.3349686 39.84928
4.3349686 39.849285
4.3342485 39.84976
4.3342476 39.84976
4.3342485 39.849728
4.406101 39.77065
4.406102 39.77068
4.416623 39.802006
4.3899736 39.784843
4.372096 39.824722
4.372097 39.824707
4.372095 39.824688
4.383622 39.816742
4.3836184 39.81674
4.3836164 39.81674
4.3715315 39.807613
4.3715296 39.807636
4.3715296 39.807648
4.371526 39.807606
4.4186068 39.793674
4.4186077 39.793674
4.4186034 39.79366
4.4186015 39.793667
4.418601 39.793674
4.418601 39.793686
4.3780813 39.799896
4.3780813 39.79991
4.346773 39.82077
4.346776 39.82079
4.398078 39.793785
4.398078 39.79379
4.398078 39.793793
4.398079 39.79381
4.398628 39.788456
4.3494425 39.82081
4.3494434 39.820816
4.3494415 39.820786
4.3494434 39.820816
4.3494444 39.82081
4.376912 39.794933
4.3866816 39.83725
4.3866816 39.83725
4.3186884 39.85211
4.3186913 39.852127
4.318692 39.85209
4.318694 39.852104
4.3744125 39.84447
4.3638687 39.84311
4.3638687 39.843094
4.363867 39.8431
4.3744154 39.844547
4.3793736 39.822292
4.3793736 39.822277
4.3793745 39.82226
4.3793745 39.822273
4.3793745 39.82226
4.3793745 39.822258
4.3793745 39.822258
4.351057 39.846165
4.363471 39.85474
4.363471 39.854748
4.363469 39.854717
4.363471 39.85473
4.36347 39.854744
4.363468 39.85473
4.363468 39.85473
4.36347 39.85473
4.363469 39.854744
4.363467 39.854733
4.3789787 39.83378
4.3789787 39.833797
4.378977 39.833797
4.3944883 39.81283
4.3944883 39.81283
4.3944902 39.812843
4.3944902 39.812798
4.390073 39.829712
4.390073 39.829712
4.3495493 39.835846
4.3495483 39.83583
4.3495483 39.835846
4.3495474 39.835808
4.3495474 39.8358
4.3495474 39.8358
4.3495474 39.83583
4.3495445 39.83586
4.3495445 39.835842
4.3495445 39.835835
4.3495445 39.83582
4.3927298 39.817677
4.3927307 39.817677
4.3927307 39.817677
4.3927307 39.81769
4.3927298 39.81765
4.3927298 39.81765
4.372261 39.861015
4.323 39.851395
4.323002 39.85136
6.8250103 42.15491
8.068321 44.249027
12.282655 46.81872
13.481895 49.564625
17.928328 51.50355
19.722324 55.920704
19.605047 56.904346
19.166235 58.6883
19.166231 58.6883
19.166243 58.6883
22.94536 61.933105
24.429146 63.555313
24.693405 63.36783
26.153727 63.722992
29.872646 64.20735
33.591557 64.6917
37.310486 65.17603
39.36026 67.54897
41.403557 69.18897
43.453342 71.56191
44.629333 76.21589
47.788963 80.035835
51.596054 83.231865
52.772038 87.88584
54.793724 89.4145
54.793724 89.4145
53.947487 88.88004
55.990776 90.52004
55.990776 90.52004
57.958046 92.163826
59.979744 93.69248
62.02304 95.3325
66.17526 98.15956
69.0 100.0
