100.0 100.0
100
56.20626 70.47265 2.2609158
23.332064 25.582794 0.37431255
82.42882 35.295708 4.7531567
50.63328 53.474236 1.7406024
61.726963 96.76893 6.730379
63.87624 23.652796 3.6557446
16.140953 9.6178055 1.1738757
64.13766 71.35454 5.477561
63.51816 87.45911 3.959931
33.77039 92.94183 5.839586
43.6793 66.47848 3.7588003
6.3506436 20.236118 0.6468264
10.521124 3.1064727 2.8590763
24.441418 58.213337 3.3716066
53.242035 44.957806 3.6938531
21.787985 54.50876 1.6527562
50.274956 26.592451 3.8182929
21.441648 68.854416 3.5449011
86.6668 33.286827 6.580998
64.72404 13.40184 4.6463904
71.69719 3.3261337 3.6581948
47.78059 65.10857 6.8732667
27.277075 42.3668 1.8930634
33.59912 96.19398 4.5694637
67.507034 50.32729 1.9201385
4.9849477 15.8499565 2.5307047
20.728434 89.24201 6.706606
83.89982 41.850674 3.4170685
1.8448948 64.1369 3.748591
64.42218 34.268616 6.616253
68.41803 60.66728 2.7263622
2.334983 14.29253 6.2825
33.58895 19.351196 3.430324
19.13035 27.015491 4.8401594
30.584005 72.53011 6.9301057
50.46273 3.4849443 4.7710633
93.58332 34.951538 5.230316
50.989815 25.340424 5.4920526
2.278114 86.13677 1.1486999
90.468506 17.958763 3.5340707
4.820882 98.61537 3.0587041
50.83266 82.62762 0.26858312
49.364063 12.079994 5.620227
28.746874 77.74803 2.605822
30.869492 52.461662 3.6049209
80.686424 62.278545 3.9970894
15.07253 24.544518 0.5397508
10.513015 50.42255 2.4417138
77.997375 96.59067 0.3501052
58.10324 42.850277 1.2988405
36.25721 34.83373 6.091197
7.3404007 28.333765 6.7119255
78.500496 33.72306 5.6109314
64.63821 56.670692 5.3615975
19.747442 35.619312 2.5717556
37.282932 23.14542 4.0502844
44.322334 79.89124 5.8492193
0.35582232 96.2163 2.8235455
83.31369 28.81601 1.3820081
37.851055 66.52607 0.7803602
98.79942 69.66757 3.6022947
82.49684 22.451971 1.161612
78.06192 81.09838 1.6896733
12.346713 13.708091 4.7196975
39.081104 91.77654 6.82734
95.505104 78.146774 3.2949774
71.18933 3.328692 5.017569
1.9616346 9.714195 5.218101
33.730515 76.0916 0.31539863
1.7618856 38.151035 4.492962
16.182842 36.617653 6.346371
55.162575 70.992805 4.727362
18.188395 62.191387 1.3018059
29.01107 42.454636 0.26489908
30.76728 33.347664 1.2523984
58.54767 42.14156 3.1787636
71.0998 59.586365 5.9923525
74.38011 79.95686 0.12307351
42.334133 71.34522 3.265471
23.896315 2.3146799 2.9027207
19.095173 56.934837 1.5292064
85.54721 38.627647 4.879001
37.65447 35.981472 0.88049275
4.1539273 75.86511 0.5442015
95.06509 92.57134 2.8565297
42.304344 4.6966763 5.1545444
92.42953 4.432865 4.290595
61.710526 56.15329 3.5810354
9.558044 99.260376 3.009868
2.987594 52.6906 6.7744956
54.51565 39.664547 2.9342883
68.432106 78.22743 3.4532702
22.9027 3.5697763 1.8709424
36.85171 16.27345 2.6338725
14.411807 14.064283 6.822138
37.385853 51.03918 1.6645327
10.451486 96.70307 6.303809
62.955418 49.60797 0.9944082
5.0798645 3.6026824 3.4911232
52.228947 16.875101 0.3655792
5.0
20.0 0.0
69.0 100.0
100.0
50.0
313.56784
200
20.0 0.0
24.088951 2.5351415
22.317204 3.7801704
22.317205 3.7801704
19.044275 7.5530467
15.322428 10.40306
15.322428 10.40306
10.966223 12.880332
8.39343 15.040235
8.152301 15.347087
8.152302 15.347088
8.609283 14.240654
8.152307 15.347089
8.152307 15.347089
8.507493 15.30796
4.00504 14.160378
4.00504 14.160379
3.9387026 14.172886
3.9387035 14.172892
8.197854 14.249643
8.197855 14.249643
8.197855 14.2496395
8.075388 14.989819
8.027565 15.29746
8.186096 15.364388
3.982952 14.000496
3.982952 14.000496
7.9836054 14.2666645
7.9836082 14.266663
7.9836082 14.266666
8.0727825 14.20603
4.093011 14.310744
3.5118222 14.418873
3.7696223 13.663675
7.757479 12.935425
7.8530307 14.338639
7.853033 14.338638
8.200497 14.53758
7.905959 14.76503
8.330143 14.833771
8.453152 14.903599
10.905836 15.683325
15.661875 14.9380665
19.751978 17.784346
22.199282 18.564062
26.352655 21.192251
31.29037 21.284306
33.746876 22.064354
36.202072 22.844213
38.657276 23.62408
41.104584 24.403788
45.555187 26.106773
48.633286 27.319899
51.18119 28.071087
51.18118 28.071087
54.25929 29.284214
59.020397 30.69868
63.65439 30.235615
67.23658 31.401531
69.68391 32.181244
74.42123 33.661156
78.003365 34.827076
81.585495 35.99302
82.31667 36.385445
83.327934 38.484108
82.08456 36.372795
82.08453 36.372784
82.08455 36.372818
82.798965 36.202255
81.81883 35.8135
82.641045 37.331924
82.43867 37.32437
81.4336 36.933975
83.25559 35.977478
82.988304 35.744072
83.15602 35.146477
83.70096 35.495518
82.90562 35.442684
81.2238 36.38214
82.92399 36.54285
81.11417 36.597603
82.15231 36.595814
83.40279 36.406578
83.24943 36.588573
83.2494 36.588573
82.98211 36.35517
82.98209 36.355133
83.24768 35.80758
83.09254 36.141644
82.939095 36.323627
82.27725 36.161083
83.62945 35.6876
83.666664 35.67646
83.51324 35.85843
82.895645 34.561195
83.27879 34.540703
82.55751 36.873802
82.94083 36.85328
83.27315 36.370274
83.27315 36.37026
82.76199 34.79892
82.79594 34.78933
83.32049 35.067337
83.32047 35.067337
81.72221 35.731316
81.8201 35.742134
83.44491 36.287567
82.02111 35.38566
82.00134 35.380333
83.98577 34.328735
82.96076 36.546455
82.96066 36.546482
82.282906 35.564064
82.72898 35.781944
82.46937 35.74247
82.78154 34.98428
82.60085 35.00946
82.65605 35.002136
82.93097 35.5713
81.8974 35.739864
81.897446 35.739864
82.284775 35.617374
82.22889 35.62043
82.04433 36.506447
83.18668 35.8037
82.970665 35.79278
83.38903 35.89587
83.27491 35.329144
83.274895 35.329124
83.2749 35.32912
83.27494 35.32911
83.12147 35.51104
81.581 36.321247
81.58099 36.321243
81.614944 36.311657
83.489006 36.197952
82.69733 36.1321
82.69742 36.132103
81.336624 36.51696
81.336586 36.51696
82.84809 36.27423
82.82139 36.27655
82.42414 36.672146
81.544075 37.0303
81.633 36.998398
83.19582 36.745064
83.1958 36.745056
81.753174 36.737705
81.951706 36.318024
83.457275 36.119865
83.01426 35.58968
83.68732 34.30997
81.44778 36.492477
82.87659 36.56668
83.83157 34.480026
83.02221 35.142933
83.05613 35.133297
83.44354 35.0108
83.44358 35.010853
83.606865 34.991802
82.8635 35.869396
82.45619 37.387287
81.515274 36.89188
81.51527 36.89181
81.60308 36.74477
83.03196 36.81895
81.7421 35.841587
81.742165 35.841602
82.98746 35.245007
82.928246 37.059044
83.63257 35.84922
82.41594 38.11281
81.199295 40.37639
79.56654 45.08213
76.15715 48.678093
71.84668 50.447067
70.21393 55.15281
68.61171 58.013634
67.18004 60.101242
67.18004 60.101242
67.18007 60.101242
66.38635 60.026672
66.38636 60.026672
66.62396 61.471695
66.62394 61.471695
67.90233 63.322723
65.9897 67.95493
65.196 70.747475
66.74568 75.33815
65.95198 78.13068
66.45776 80.57359
66.45352 85.40495
65.659836 88.19748
64.86614 90.990005
64.86614 90.990005
63.962746 91.291916
65.22206 93.46893
66.48138 95.64596
67.74069 97.82298
69.0 100.0
