100.0 100.0
100
5.6704245 70.67401 6.4195123
20.8304 28.06083 4.2549295
2.374562 31.575382 5.994155
76.261185 6.8368464 2.2845273
52.71303 87.42292 3.9485579
61.731815 95.81484 3.1320128
19.758886 16.5698 4.648626
41.946377 87.02496 6.3336415
72.60214 24.632952 1.302051
63.981285 39.28568 3.1183407
7.369744 55.768215 4.6318874
99.0955 35.42945 3.8556194
82.87674 40.02735 2.238518
95.73711 18.813807 6.054376
91.583755 62.21334 3.4668994
33.748833 35.32843 4.977661
56.796577 72.64312 4.950589
45.739475 65.43221 6.108152
64.7081 15.406656 3.9390237
68.06815 95.66896 6.982213
17.320606 15.543881 5.1090794
96.17381 90.40116 1.4345558
96.64996 37.045074 5.3041315
91.83125 64.85382 4.4928427
19.367636 80.537415 3.3533945
77.662155 35.73215 4.125979
64.43049 82.21623 3.2686603
61.54242 27.904297 0.37905434
78.0495 74.95754 1.3040301
60.937534 50.80979 2.7575219
12.307261 43.613945 6.7117915
85.4388 75.97591 0.94085515
46.66198 53.944576 6.236154
53.64359 83.69191 3.065128
72.57121 13.57229 3.7970743
17.835796 12.9403715 2.0484877
42.7275 29.05163 4.3426514
67.58156 45.681545 1.704296
81.21595 68.85936 1.6085808
86.20067 64.4345 1.674582
97.86241 52.99142 0.1408494
33.573795 58.547604 0.80501086
72.04794 62.92879 6.894474
50.115543 67.36843 1.3575156
2.0112326 13.07294 5.790483
38.8529 28.06671 4.677942
88.21168 74.10901 0.32371727
3.0122309 37.47763 4.7214513
52.988186 47.340775 5.532829
66.64911 95.876205 2.6285489
58.984093 90.3819 1.7902218
32.68069 55.579254 2.0990152
20.894442 60.68172 1.9146268
31.018051 13.491487 0.3185344
90.375885 60.530758 5.4293313
19.099674 68.88122 0.35863128
95.956566 87.59144 1.0982225
5.213218 34.5403 1.4750696
13.033673 9.543312 6.856044
83.96829 81.00702 2.235008
16.541065 93.863594 6.19481
83.300995 10.107417 1.3126856
77.02676 61.962147 0.6703626
72.36555 60.499207 2.2562282
82.44126 50.96974 6.894809
19.684023 58.637234 4.7038956
19.826197 63.059475 0.9957896
78.49385 39.996548 0.91540486
16.171057 91.211975 0.5530306
93.63574 38.195496 4.6440115
43.534023 15.155215 4.980994
18.313225 71.23329 2.1632388
29.615929 36.051807 0.551683
84.45461 70.397606 0.71277314
46.728516 6.4300823 3.076579
60.714054 81.56242 2.9173913
47.431396 51.127354 3.0874636
94.97177 67.83774 5.1780114
22.080675 74.24492 2.0385914
49.45505 97.07804 4.865912
41.504658 91.97163 0.2765411
30.64601 72.034035 2.830486
6.730722 84.25302 4.0637255
60.48461 10.215822 0.8586391
1.3340541 64.023575 0.5503984
72.56331 98.39026 4.128137
90.7457 96.67615 3.0492563
77.121605 19.195026 5.0592904
36.576473 88.1919 3.02413
4.2346983 96.37769 6.384435
57.40489 88.65274 3.5306034
26.376745 83.97339 4.4017787
8.273429 56.58168 5.7953415
57.021786 30.494513 3.5094094
13.564034 84.90739 3.4835453
87.00831 89.7988 1.840095
76.4171 45.443058 4.805384
14.379915 66.75867 0.7316744
21.558233 57.435127 0.50468117
0.6130197 87.63211 4.188078
5.0
20.0 0.0
69.0 100.0
100.0
50.0
349.74875
200
20.0 0.0
19.315277 3.3997355
18.630554 6.799471
18.1399 11.414635
17.954292 13.180946
17.954294 13.180948
17.95429 13.180948
17.245743 14.811295
17.263184 13.294533
16.92788 14.4845915
16.503904 13.619921
16.483772 13.68639
16.246872 13.988369
18.248692 12.4584055
17.640438 13.647235
16.90279 14.016408
18.904606 12.486447
16.471395 14.334857
16.471395 14.334857
18.473215 12.804895
18.473223 12.804899
16.885738 14.071413
18.887554 12.541453
17.568611 13.073354
16.308247 13.924233
16.308243 13.9242325
17.17679 13.089462
17.664873 13.778729
17.023657 14.391502
19.025476 12.861538
16.94963 13.220853
17.140083 13.085171
18.686762 13.144168
17.993914 13.880901
17.323353 13.833388
17.600105 13.820491
16.258444 13.994992
17.158298 13.247106
18.25373 13.551578
16.653845 13.642405
16.90578 14.071047
17.712711 14.217233
16.604765 13.660672
16.604769 13.660674
17.61181 13.795295
16.287312 13.659457
17.601753 14.047259
16.71131 14.07114
17.270529 14.146664
18.500692 12.1687155
17.664078 14.444368
18.70961 12.719782
16.960896 14.226186
17.5316 13.677301
17.7904 12.698776
18.065647 12.767619
16.316929 14.274026
17.092945 14.564555
17.456238 14.544052
16.473263 13.492716
17.837631 12.785889
18.55309 12.756027
18.553085 12.756033
18.805174 13.221109
17.31643 12.82858
18.423264 12.667826
17.597996 12.526343
18.058437 12.456147
16.1183 14.00295
17.839819 12.933414
18.758205 12.476464
17.364563 13.647193
16.97521 13.555016
17.237019 13.081751
18.698769 12.866852
16.925198 13.012604
18.052193 12.298756
18.052185 12.298752
17.21313 14.3258915
17.21314 14.325887
16.761745 13.733128
17.589062 14.015557
17.398071 13.548866
18.529625 13.329594
17.069242 13.064087
16.839941 13.094919
18.521988 13.610661
17.792881 13.162947
18.459232 12.112059
18.55285 12.420681
18.677217 12.899219
18.630726 12.23029
18.862452 12.0902
17.181723 12.856927
17.344133 13.351427
17.344128 13.351431
16.760315 13.078523
16.83998 13.426533
16.83997 13.426535
16.839966 13.426537
16.877462 14.42121
17.333996 14.433084
18.045738 13.381474
17.87679 13.139796
18.06542 13.69895
18.860859 12.156817
18.860855 12.156819
16.33493 13.6628895
17.243343 13.825558
17.57248 13.352236
17.551756 14.636114
16.596254 14.082282
16.754065 14.278244
18.439875 13.1655655
18.487162 13.182892
17.834705 13.084667
17.986156 13.38
17.6547 12.574099
16.673635 14.388961
18.070871 13.626448
18.070868 13.626448
16.559496 13.40773
18.155134 13.802781
17.708176 14.545608
18.14071 12.331746
17.13176 13.80578
17.190962 13.834895
16.638489 13.733318
18.158768 12.457272
18.756336 12.877853
19.04014 12.793793
18.669067 12.7971115
17.660118 14.271147
16.458372 13.537841
16.458374 13.537846
17.063648 14.339992
18.111513 13.844992
17.28108 13.041552
17.328354 13.058875
17.314823 13.339623
17.068228 14.064835
18.442678 13.466834
18.359777 13.447033
17.482143 13.0069895
18.623177 12.417122
16.963013 13.892546
18.005493 13.092394
17.574585 13.826049
16.788273 13.684532
16.831884 13.070508
16.831886 13.070507
18.375788 12.763855
17.953176 12.987936
17.953182 12.98794
18.260015 13.724426
16.99334 12.989154
17.266855 12.748531
17.266857 12.748537
16.093084 13.927181
17.226702 12.726431
17.00557 14.41386
17.630732 12.852085
16.917793 14.515171
17.83928 17.015789
19.598518 20.324589
21.170021 24.710415
24.479614 28.468336
25.975252 30.744862
29.671696 33.1736
29.842644 35.596874
31.348328 38.108444
33.62951 40.258717
35.135178 42.770287
39.34777 45.136375
40.853436 47.647945
42.359108 50.159515
44.640312 52.30979
44.640312 52.30979
44.857765 56.07214
45.07522 59.834488
45.07522 59.834488
47.912502 63.897293
49.46689 66.23641
49.46689 66.236404
50.751114 68.415115
53.2668 72.7321
54.580345 75.01294
55.864567 77.191635
54.39253 81.76601
55.55992 85.71823
55.55992 85.71823
55.55992 85.71823
56.275917 87.313866
58.182556 89.06512
60.089195 90.816345
62.316902 93.112274
64.54461 95.408195
64.54461 95.408195
66.46533 97.21471
69.0 100.0
