100.0 100.0
100
46.032063 9.522786 1.5399252
74.35128 48.71955 5.432419
23.022144 1.6276418 3.6954916
16.068329 96.930084 3.1728992
91.83202 20.396059 6.1275873
71.426384 10.986567 5.783725
20.199673 67.98806 1.5042832
96.17274 89.020485 3.223705
46.096855 90.54839 0.47633106
63.86353 16.670317 6.6207004
92.36603 63.289925 6.7306056
7.3709784 36.58508 6.2502484
32.07081 1.0328655 1.5244353
19.974054 18.21151 1.9423381
40.469906 62.61775 2.4947283
17.03197 51.88535 5.9597306
34.339615 86.06387 0.1864747
61.791695 15.26743 5.7333484
79.76739 65.32182 4.255107
34.75453 86.106606 0.5580056
83.43781 5.9186883 5.1529393
41.367508 36.355656 2.8370373
15.445003 57.117477 5.828908
99.820564 51.544952 3.2505736
66.197845 27.769682 0.032179754
37.214157 71.42195 0.44280937
91.092735 97.07137 1.2907703
18.42456 64.41464 5.2186527
59.443447 11.1356535 5.8379617
46.617096 83.76104 5.4164596
40.864536 83.1244 0.017844414
93.40731 12.479928 5.058307
18.033735 82.45871 1.7255719
60.310318 80.33536 2.685106
50.450607 15.797524 6.9322796
53.0631 11.710557 5.037631
40.965206 62.93944 4.3255334
29.264185 28.953138 1.7105043
3.298079 70.98161 6.218851
68.75286 48.675564 3.7678454
74.917175 69.397285 5.2518907
90.65074 28.336065 6.554147
66.38745 40.557507 2.739802
68.20947 30.506231 3.3162653
52.728504 75.343796 2.2477152
54.989857 50.695694 2.2926495
70.22383 58.064514 0.5712071
40.31253 99.19478 0.18289894
79.28147 21.270004 2.7405434
25.792177 20.68177 2.298342
63.09823 51.723732 1.6009601
53.81429 17.361559 4.391631
51.870167 37.040203 5.2221193
22.910496 6.112767 6.701591
63.568844 85.018814 0.7790777
1.6682689 87.67072 6.6382413
91.5886 40.265556 3.1379502
93.20051 45.66527 3.8203132
99.10051 31.38727 6.2333794
36.73029 23.944569 5.6208158
92.596954 22.193241 3.8112183
39.83972 55.11449 4.428548
4.867155 74.7284 6.1602182
35.226196 1.001809 0.43644038
76.337425 61.40879 4.1616993
55.826557 51.979633 0.9681823
0.49358055 18.690939 1.7890164
16.400595 91.99819 0.047505934
80.163605 32.008377 1.5831715
6.301018 78.74698 2.5424168
41.505554 8.570162 6.184662
80.64119 5.8922267 5.040853
17.22562 0.67908466 5.672765
95.61758 73.69793 0.20086344
85.12837 62.07761 6.5927763
88.40839 43.79868 4.165612
33.387905 67.73187 2.5637512
31.736464 15.751811 0.39701238
50.871494 74.90868 2.1145043
75.8615 38.77269 4.836554
72.03493 69.79569 2.2910092
88.86154 83.40348 4.9099855
21.749231 51.53778 6.9004555
84.86154 27.722853 4.027641
84.69478 91.9113 2.9480507
92.17449 38.56679 4.142964
41.593575 30.835278 4.7240677
60.32411 38.058914 3.8070126
38.84939 25.797968 0.7989298
0.5318598 82.96848 5.787511
13.43519 45.195484 6.694838
90.80161 86.60494 0.4347825
14.237033 40.32035 1.0510073
15.593107 14.227291 4.9514003
92.47233 47.864 5.2291303
56.87534 15.659512 0.16670522
53.53753 38.70163 4.629569
98.72701 55.2219 1.1408154
90.46629 81.98268 5.9538198
83.94851 33.65835 1.0911883
5.0
20.0 0.0
69.0 100.0
100.0
50.0
419.598
200
20.0 0.0
20.76364 1.0375301
20.763638 1.0375301
21.66357 0.8926276
20.202492 1.1409503
21.608372 1.1611807
20.311184 1.5118387
20.311184 1.5118389
23.03498 2.268405
26.155005 2.8254147
28.223509 6.987192
31.952156 8.82164
36.164818 7.4273853
41.00379 7.6630774
44.73243 9.497525
47.272774 10.426728
50.794395 11.23716
54.52305 13.071608
56.130676 14.582779
56.506023 14.752823
57.343815 15.834442
57.343807 15.834438
56.98304 14.5779
56.158306 15.275018
56.92232 15.67765
56.42226 14.760132
56.70057 14.13612
57.01362 14.509315
56.429882 14.464788
56.207775 14.427252
56.58671 14.4280405
56.401825 14.6975155
56.2434 14.451518
56.243397 14.45152
56.138634 14.749878
56.935684 14.766047
56.77646 14.199612
56.763424 14.601096
56.78216 14.606239
57.09614 14.597462
57.16331 14.595074
56.381283 13.904852
56.571007 14.124487
56.589756 14.129632
56.608482 14.134783
56.75999 14.219341
56.62364 14.33399
56.807262 14.257726
56.99701 14.477363
56.891132 15.75056
56.54905 14.937003
56.934635 14.875474
56.08954 14.849099
56.37457 14.820265
57.03669 14.729544
56.887577 14.882392
56.865303 14.856783
56.716194 15.009615
56.71617 15.009613
56.716175 15.009605
56.54515 14.945065
57.10862 14.504744
56.171696 15.671778
56.8867 15.682264
56.545208 14.945074
57.108673 14.504751
56.171745 15.671785
56.886745 15.682274
56.74269 14.180102
57.069748 14.594512
56.786285 14.176401
56.27659 13.784319
56.21737 14.978984
56.55251 14.327356
56.210346 14.492925
56.45316 14.090375
56.5956 14.164492
56.11579 15.301407
56.376503 13.9429245
56.82219 14.252176
56.38958 13.937103
56.63902 14.281635
56.355545 13.863525
56.728527 14.466209
56.81195 14.689617
56.95293 14.782831
56.815174 14.576401
56.885624 14.612734
56.885612 14.612738
56.330574 13.921162
56.22296 14.346725
56.886562 14.266411
56.184578 14.637934
56.315117 15.236105
56.79696 14.985873
56.873497 14.933856
56.471058 15.187833
56.669796 15.136211
56.95933 14.569892
56.177513 15.121343
56.254074 15.069317
56.30155 14.161015
56.91884 14.40412
56.473404 14.423306
56.250656 14.1310425
56.743538 14.2407055
56.89081 14.276414
57.3726 15.660924
56.868313 15.504002
56.43025 14.485359
56.630337 14.314236
56.765797 14.415245
56.70118 14.687382
56.467262 14.467365
56.917534 14.269881
56.54196 14.680304
56.166386 15.090733
56.799587 15.745211
56.91284 15.735298
56.91283 15.735298
56.16807 14.163639
56.680656 14.052181
56.362137 14.341448
56.79223 14.969368
56.5309 14.696528
57.00722 14.452296
56.849617 14.769892
56.24388 14.701885
56.65443 14.267315
57.32609 15.929483
56.654446 14.267307
56.130016 15.376606
56.813416 15.052427
56.81339 15.052428
56.67913 14.995523
56.67917 14.995519
56.876553 14.693477
56.89096 14.410929
56.756714 14.354017
56.984386 15.601757
56.32993 15.513248
56.741474 14.485264
56.116417 14.473646
56.80148 14.943409
56.66719 14.886503
56.581146 14.390755
56.59697 14.463983
56.793922 14.542023
56.667587 15.135384
56.6736 14.541592
56.126114 14.543322
56.3741 14.87694
56.89541 14.788885
56.12797 14.822167
56.693775 14.270407
56.532104 14.67855
56.55002 14.187981
56.724403 14.39146
56.692715 14.883426
56.41695 15.434691
56.26329 14.736644
56.820076 14.336669
56.17652 14.324607
56.160942 15.049257
56.203373 14.667364
56.84694 14.679422
58.142593 17.091955
59.43824 19.504475
62.008102 21.887188
63.975456 26.385677
66.54532 28.76839
67.211365 33.641155
66.90831 38.51079
67.8087 41.72448
69.5872 46.253876
69.58719 46.25391
70.51643 48.70221
70.51643 48.702213
71.44568 51.15054
72.37493 53.598877
73.8293 58.14641
74.758545 60.594734
76.212906 65.14227
76.61702 65.49138
76.61702 65.49138
76.61702 65.49139
76.61702 65.491394
76.617035 65.4914
76.61704 65.49141
76.61703 65.49141
76.617035 65.49141
72.78638 67.99333
72.12897 70.45952
72.400795 75.374
72.67262 80.28848
72.94444 85.20296
70.70039 87.68698
70.97222 92.60146
71.24405 97.515945
69.0 100.0
