100.0 100.0
100
90.38832 31.87122 0.8686689
36.684513 2.4917116 5.5678725
52.78875 93.73468 4.616946
35.524998 84.343994 5.544033
21.411568 66.727684 3.6695817
26.04433 61.94085 3.384275
21.51031 92.97747 3.9475796
29.915476 27.987928 0.45438457
95.06335 94.395065 0.25859183
37.286503 12.747623 3.1070857
67.67844 32.392376 1.2626042
29.405645 47.881958 2.8474474
36.93091 37.80742 6.4858212
7.7252965 95.58768 1.6603354
66.73843 71.65047 0.07963879
31.682293 73.48087 0.86831003
35.917614 41.69163 5.014539
36.856678 9.52665 6.4181967
35.49114 12.8236 2.713457
93.02392 37.968723 5.4185247
98.974335 95.930626 2.3861763
96.24191 53.571327 4.477914
57.08502 32.176716 1.1179824
82.46457 93.6935 3.639481
49.93168 42.584675 0.83830804
11.809164 44.052975 0.3973046
69.276024 0.03681389 2.51582
72.681595 76.26146 4.5628586
61.820625 5.6639576 6.7757373
88.51325 74.24525 0.6699141
91.21278 71.84914 5.491252
84.6805 6.220309 0.492645
40.552727 86.16433 1.16897
86.52588 7.695827 0.43654856
31.600946 2.9904652 6.1160307
71.86002 32.51416 3.0271666
87.499054 88.07217 4.3593063
6.561383 32.136242 2.3807726
17.660145 19.431551 0.95678455
59.737854 27.570105 1.2890478
60.341877 73.65428 5.915521
74.08445 44.619785 0.86649376
55.17339 91.85594 4.928553
30.986551 98.82362 5.508488
83.6334 24.158398 2.8965967
9.521322 93.641014 6.4770794
13.7093525 84.04737 4.939249
76.59754 74.511345 0.7189453
36.169994 5.2300205 4.4143524
2.994632 37.41019 4.677283
34.793617 26.963982 1.9711235
64.97372 27.65811 1.8579584
67.543785 46.7179 3.99836
83.8296 14.51635 6.201948
42.139072 22.903011 6.6021733
7.70635 36.820557 4.918927
12.860389 91.79505 5.3856077
29.207521 33.817654 1.4800059
79.69487 89.016754 6.245562
3.2674212 35.480766 6.1371417
93.48364 11.311633 1.8844923
20.957966 88.27798 1.320226
26.117842 52.42894 5.4193625
12.03194 12.127209 5.195969
65.98625 13.254147 5.9955187
9.93657 86.43458 1.7488514
83.64287 29.594318 2.821186
94.01659 53.33183 0.55308443
15.026918 58.989296 2.061307
85.59872 1.3703792 6.221383
45.26548 46.883026 6.6196527
96.69964 27.303423 2.6739202
6.246678 72.38618 2.1210637
14.884814 75.19174 5.9949403
20.64043 90.71152 6.2623377
34.883717 87.94146 0.9476513
1.1645316 85.84523 2.067535
65.02947 97.62308 6.697873
28.336178 16.70405 4.8911333
0.028324137 15.758097 6.593162
70.466934 95.01391 3.5587945
39.309776 53.04447 6.664362
73.71299 16.190235 0.6323546
79.95447 48.80941 4.947376
39.619164 59.476105 3.787256
49.48779 67.06847 5.399006
28.060076 66.9277 6.1499305
61.59203 17.062325 0.1904816
32.797245 50.79389 6.22145
55.975624 84.10574 2.2257695
77.03683 47.90198 2.8033857
57.174004 99.208275 3.0919728
69.24411 27.925888 5.3328424
45.769657 15.662148 3.2738328
15.419306 54.78295 1.0038269
89.293976 64.55667 2.5637221
34.118717 3.607151 4.3239684
77.44161 8.777239 6.116999
45.61434 15.50713 6.2047715
63.738853 6.2437186 3.252826
5.0
20.0 0.0
69.0 100.0
100.0
50.0
436.68344
200
20.0 0.0
22.306255 0.94136333
26.28116 3.2417512
31.29965 3.42835
32.60395 4.7646646
34.091896 4.736966
34.89147 4.6188726
34.508305 5.523908
32.903187 5.7947598
34.39112 5.767061
36.58229 5.100664
35.428173 5.01408
34.78194 4.819662
35.18769 4.899049
35.91938 5.5050774
35.91939 5.505079
36.800457 5.260484
36.568146 5.288953
35.0969 5.5721607
35.0969 5.5721602
34.507317 4.7252536
34.50732 4.7252536
34.704197 4.7932124
33.889797 5.7971697
34.29552 5.8765583
35.501507 5.229677
35.968857 6.180414
34.47363 6.182886
34.904114 3.8233943
35.267273 4.0558133
35.734627 5.006553
33.670715 5.390758
33.42587 5.533577
33.802433 5.8836756
33.320053 5.193849
33.085155 5.135297
33.91734 5.1233997
36.122437 4.391368
34.365555 4.8285103
33.60954 6.491064
33.65737 4.935631
33.446423 4.1696963
34.649162 5.3094215
33.069145 6.18612
35.00474 5.6544294
35.14789 5.6562963
34.59781 5.917123
36.405952 4.991281
36.405968 4.99128
34.262302 4.8284106
32.98276 5.0307455
35.22177 4.281626
34.15787 4.013365
35.48906 3.9652286
35.213745 5.591227
34.737404 5.261093
32.97529 5.988263
33.084576 6.510206
33.123898 5.3199143
35.06247 5.5260553
36.62194 4.387885
35.355263 5.8608184
34.021656 5.8417506
35.069138 5.519259
35.048264 5.516023
32.750595 5.728664
35.02877 5.6514044
35.325127 5.5679245
33.82348 4.8416023
34.58355 6.592736
34.583534 6.5927334
36.06845 6.9166856
35.723736 6.880316
34.0859 5.5716915
36.291176 6.429045
35.045734 7.3322706
35.057514 6.1455364
35.144737 4.9233136
34.539337 5.2409334
32.991074 5.7596703
33.2731 4.541355
33.22425 4.5681634
35.346268 4.9072804
35.34627 4.9072824
35.895805 4.8774476
36.199154 4.8768888
36.111557 4.689689
35.39444 4.627229
35.452103 4.6921678
34.31633 5.386481
34.494522 6.0503674
33.84843 6.473364
32.70081 5.7375975
35.3166 6.6637
36.145275 6.358495
34.77706 7.002781
33.229454 6.3406277
35.6892 6.1572285
36.05787 6.0219927
34.682076 3.5626688
35.28096 4.2318263
32.11122 5.2405233
32.67149 5.248679
33.649323 5.261722
34.32058 6.481956
34.320576 6.481956
34.320576 6.481953
35.374107 6.5033503
34.781433 4.931859
33.918633 4.968135
35.25556 6.7179613
36.12627 6.128305
36.132816 4.6460013
36.338398 5.5599246
35.244183 5.546737
35.62077 5.896841
34.605316 5.9073753
33.68363 4.7301655
34.164486 6.1789556
34.5896 5.933093
33.19849 6.0653296
33.729347 4.664257
34.395756 5.117769
35.22444 4.812569
35.224434 4.812569
35.540592 4.946243
35.917152 5.296344
34.526016 5.428588
34.526005 5.42859
33.13489 5.5608315
34.27598 5.074674
35.42096 4.566628
35.943554 4.4792757
35.94356 4.479276
35.726845 5.1097193
35.529156 4.880247
34.27442 5.186187
36.620953 6.019066
36.2916 6.040509
35.276134 6.051041
33.543163 5.533178
33.54318 5.5331755
33.543198 5.5331755
36.514515 4.917148
36.51453 4.917146
36.514538 4.917148
35.095806 4.7584114
34.62289 4.496886
34.62289 4.4968877
34.156677 4.663977
34.15667 4.663975
35.624546 4.5933743
35.624535 4.5933766
36.527157 4.42239
34.26079 4.676844
34.260796 4.6768436
33.256016 5.3547525
33.924812 4.346755
36.32078 3.5990167
35.130272 3.5338907
34.125492 4.2117996
34.936394 6.652378
35.238777 4.704159
36.04968 7.1447372
36.433956 10.870527
36.742203 14.546011
36.796635 19.277466
36.76832 24.00085
35.207855 28.536858
37.621544 32.93749
38.137108 37.69642
38.5214 41.422207
39.456726 43.773323
39.456726 43.773323
39.456703 43.773293
40.588024 43.09982
40.58802 43.099854
40.588005 43.09983
40.588005 43.09985
40.588036 43.099895
40.58804 43.099888
40.97235 46.82568
42.228138 49.040283
43.518463 53.041283
41.32718 57.50747
42.71081 59.632103
45.693523 63.609924
49.67562 65.88612
52.24961 68.5003
53.061363 70.931915
56.949295 73.95517
57.286537 78.6501
57.097214 82.35748
57.908974 84.789085
61.534622 87.1008
64.517334 91.0786
67.3765 95.13679
67.3765 95.13679
68.18825 97.56839
69.0 100.0
