100.0 100.0
100
5.037167 22.557575 5.461985
39.668755 93.74536 5.390476
62.940586 10.14342 0.19705738
14.47875 92.71704 1.9539642
21.39782 64.543144 3.7157097
13.816772 31.338242 6.19086
31.815788 14.298444 1.5990081
68.63876 64.77473 1.630277
70.56904 64.39968 6.375317
14.499211 65.55176 2.4213119
2.742344 22.46769 2.0440617
15.553513 98.49571 2.7922983
73.90163 0.65551364 3.0693033
59.555275 76.82004 0.27800614
6.0508127 43.230106 5.104994
15.412782 15.007839 3.843045
3.5372417 72.90144 3.7254248
61.521194 59.893906 0.4502025
26.654266 54.424377 5.422136
94.88538 34.26672 3.3156292
98.00174 13.988165 2.847091
83.542015 96.52983 2.5117908
11.457386 42.166096 5.033671
40.462772 34.670986 1.8350186
31.411482 20.432411 4.452011
13.610774 5.429215 1.318454
88.87264 85.05632 6.5021663
53.660145 62.345715 3.0085614
64.87149 95.61416 4.643882
79.53459 37.478783 6.274231
34.165268 82.910576 5.2487345
79.14332 90.97064 0.16673814
40.635483 10.522341 5.8880267
10.873871 66.36832 0.91324043
67.08333 9.708782 2.9656537
66.13259 21.602793 3.7142031
92.06214 57.193882 6.474603
14.58319 2.1248972 0.49699143
19.529253 60.254177 3.104247
89.928894 18.47536 6.3395185
90.77847 69.955376 1.3088943
60.65148 19.487751 0.10366551
34.497406 42.29304 5.0095925
43.694836 88.77042 5.3889747
32.077698 39.685623 3.7636528
6.7224083 1.4815301 1.784766
74.25637 25.97416 6.4700503
15.9911175 46.652073 6.3326173
78.906845 64.59099 5.575311
6.330255 95.044205 6.791499
4.679149 91.48351 2.081139
90.255104 82.715126 3.7642744
32.69738 8.147525 4.6417065
57.946697 74.286644 0.08615444
83.61806 6.2696834 4.594027
67.85687 57.52294 6.685272
23.262444 23.591537 4.576929
17.761982 25.451788 0.5137511
57.449116 78.35086 0.17363264
60.472996 96.16451 0.65514505
93.41782 15.512562 1.2577769
22.861494 42.090652 3.2305386
82.05422 17.96516 6.465312
63.879463 26.106585 0.56151515
84.413055 63.05361 2.630515
54.874004 22.459578 0.58600926
19.013681 82.07114 6.438399
95.43344 97.921 4.403153
40.606876 41.98843 2.2762353
51.008465 68.88746 5.404356
95.109886 70.53041 6.90602
10.244104 71.3632 0.31084087
48.650955 99.51403 1.7137173
79.736984 76.47404 0.98346436
10.121481 97.894844 4.3208613
85.53399 37.415222 6.594014
58.21176 80.16118 6.971665
50.876015 91.21103 5.551298
99.56017 44.588398 1.2137855
84.87464 28.200018 6.519281
28.557089 3.4313104 6.4243693
47.947426 40.60933 0.02081642
80.478035 81.51026 0.4148404
4.7084537 14.554375 4.7500725
18.146666 83.96433 3.358832
82.02511 17.449036 6.7483435
93.775635 24.10975 5.8033876
90.91005 48.711693 5.4331055
75.32122 35.529324 6.845288
59.67932 11.018349 1.4127547
73.86169 64.2915 6.745517
38.61518 54.204643 2.163551
89.79826 9.41457 1.6007286
61.585735 64.48542 0.8331683
57.85754 78.92766 2.9529617
41.37743 98.22957 0.93133855
9.612484 34.832577 3.0658152
77.162605 52.05809 6.473465
60.37717 69.684715 5.239393
15.079051 97.31195 3.408573
5.0
20.0 0.0
69.0 100.0
100.0
50.0
331.1558
200
20.0 0.0
23.183716 1.9892488
26.367434 3.9784975
28.850039 6.355401
29.051252 6.368623
29.814434 6.4140787
31.739986 6.159978
32.741314 7.048143
31.311203 6.635964
30.551048 6.8761425
32.152424 6.4615297
30.897736 7.3371973
30.199184 6.983139
30.666077 8.316383
29.36419 7.346472
30.040024 8.457867
28.195011 8.124273
28.195011 8.124273
30.141224 7.1466875
32.471672 8.15611
32.471672 8.15611
31.51294 8.324115
31.738964 8.398849
31.738968 8.398849
28.850006 6.834568
29.693161 7.0317793
31.284058 8.204928
33.230278 7.2273445
33.23028 7.2273455
36.925587 9.335182
36.925587 9.335182
41.774326 9.942392
46.29818 11.84602
49.214386 15.686554
53.430626 18.230864
57.71343 20.12632
62.562225 20.73353
64.91829 21.845177
69.058 23.631361
71.974236 27.471882
73.52495 31.994015
76.96875 31.829739
80.952576 32.69942
81.49263 33.733364
81.492615 33.733364
80.7563 32.95335
81.18991 32.822083
81.90919 33.89186
81.2803 32.424286
81.28025 32.4243
81.40312 33.13496
81.10886 32.940987
81.54752 33.323124
80.90922 33.193157
81.049675 33.173523
81.48829 33.555664
81.782524 33.74964
81.27483 33.379517
81.05346 33.073288
80.99007 33.210995
80.69582 33.017014
81.14 32.98992
81.28048 32.970272
81.28051 32.970245
81.657585 33.03466
81.05512 33.13035
81.19564 33.110695
81.1956 33.11064
81.37599 33.22726
81.36168 33.190723
81.36171 33.19071
80.69343 33.16282
81.315575 33.36022
81.31545 33.360264
81.35542 32.535835
80.79408 33.11463
81.666534 33.817062
81.476326 33.344707
81.78831 33.302338
81.78829 33.30233
81.02657 32.88929
81.02657 32.889294
81.631294 32.949432
81.51174 33.11934
80.68009 33.14848
80.76244 32.881874
80.64293 33.051758
81.28926 33.35475
81.51872 33.377007
81.51878 33.377018
81.19438 32.955738
81.36001 32.652737
81.55554 33.352673
81.52947 33.220566
81.451126 33.207264
81.45122 33.207275
80.85099 32.80684
81.36997 32.870903
81.5655 33.570847
80.86847 33.282528
81.03415 32.979507
81.54285 33.107887
80.32858 35.867188
79.11432 38.62649
77.900055 41.385796
76.45456 46.07599
74.539825 49.26261
73.09434 53.9528
71.51329 58.268158
70.581505 60.626373
69.36728 63.38567
68.00003 63.291943
69.03897 63.773247
69.68692 63.89376
68.31967 63.800037
68.7377 63.77382
69.339226 63.7722
67.97194 63.67845
68.19827 63.827293
67.7323 63.526962
68.38025 63.64747
68.60667 63.796318
69.83334 63.83689
67.50695 63.885536
68.202286 63.96183
69.07118 64.05986
67.491486 63.73736
68.31953 63.91398
68.78206 64.002625
68.13418 63.882133
69.77992 63.782593
69.13204 63.662094
68.10968 63.60794
68.06557 63.400486
69.32463 63.65381
68.69724 63.62069
68.4291 63.792236
69.29795 63.89028
68.05687 63.55568
68.05687 63.555695
68.05684 63.555725
68.666145 64.10961
68.46898 63.98848
69.67616 63.900383
69.174324 63.965965
69.56776 63.96901
68.06133 63.923798
67.56372 63.61497
69.61304 63.68355
68.02706 63.53715
68.67972 64.11308
69.48649 63.679054
68.54572 63.2509
67.59352 64.00731
69.467255 63.88703
68.887314 63.753944
68.849846 63.82898
67.67089 63.75534
69.52551 63.50733
69.52548 63.507317
69.525475 63.5073
68.80812 63.57531
69.42579 63.905365
68.35298 63.35865
69.67268 63.719948
68.11054 63.872505
67.27042 63.986076
68.094 64.148674
67.77701 63.944237
67.88059 63.88839
67.21804 64.08009
69.41668 63.428894
69.11503 63.455887
69.304955 63.659393
69.0613 63.886063
69.0613 63.886063
68.11939 64.1696
68.119415 64.1696
68.42095 64.142654
69.59894 63.8639
69.106285 63.856895
69.1063 63.856895
67.378944 63.759453
69.19413 63.64045
69.10859 63.402367
69.10857 63.40236
68.61587 63.39537
67.88774 64.059586
67.86916 63.609055
68.64092 63.32025
69.13359 63.32724
68.821945 65.79741
67.13652 70.386475
66.708824 75.3792
65.02341 79.96828
63.337982 84.55736
61.652565 89.14642
64.657616 93.083916
67.31581 95.37288
69.0 100.0
