100.0 100.0
100
31.102058 93.22845 4.7865443
53.894695 12.601814 0.3814047
37.125713 84.28066 0.30537218
35.489822 62.620937 6.697381
61.087734 66.89717 4.244086
85.07122 67.68275 6.3641376
6.6875057 12.411943 6.671386
96.33861 59.861595 3.429065
15.89729 7.4544225 3.0375686
12.85835 11.729419 6.9385266
16.825876 77.838776 3.9266279
1.8634853 44.095467 5.542325
28.650017 87.5005 5.033702
46.570744 57.077744 2.0721178
64.192894 8.739723 6.498928
91.56022 76.79869 3.663798
65.078186 56.65341 2.1490178
55.722343 31.304535 6.597602
84.30957 41.26466 2.5665288
58.49904 68.823105 5.3315983
77.16238 12.292636 0.9636928
6.3123503 98.17723 3.0781121
75.46186 71.1933 1.090989
19.209183 25.240171 5.814478
85.255615 28.43769 3.7780137
28.547606 29.771048 0.52649176
31.375975 61.31486 0.048530366
15.186219 43.02963 3.9424045
5.9689174 66.51729 5.425366
95.59822 6.9943266 5.5772214
75.92141 91.90679 6.5831976
63.394043 54.319454 3.2177346
70.48308 6.0302057 6.919742
14.183016 71.85945 3.911796
8.297348 68.065025 4.173595
28.9893 93.562546 6.151082
13.393443 84.72602 5.5541186
22.929716 84.63848 0.9272997
6.55289 45.72949 6.087139
22.958395 12.143158 4.8168983
7.7617555 57.553844 5.8522635
13.278861 24.23448 5.721
84.08159 59.706036 4.9356823
91.88109 55.634697 5.87206
55.3953 33.491085 2.237363
12.443456 71.69412 2.7388232
27.827372 70.72506 3.666047
45.214024 18.925192 1.5632576
41.97951 97.61307 6.0462136
4.607278 87.3748 3.8410137
88.206 49.02765 5.7687297
68.308334 94.036865 2.6682632
57.115936 75.68105 4.6705503
96.16785 63.280224 0.90329397
17.251778 47.329426 4.3960185
56.463284 71.99288 6.490391
24.450615 54.78318 2.9335997
37.69534 61.98792 2.3660798
72.762856 60.49136 0.8035514
60.189453 44.032883 6.338414
3.3839314 21.473522 4.0493417
50.192097 98.23691 0.72818357
3.4650037 81.30396 2.5014327
40.167557 80.80689 3.7753234
3.6264722 80.62346 4.6066327
40.769608 17.026102 4.8558836
39.61852 89.45908 6.485142
97.190414 68.5464 2.9735966
69.47783 13.170909 5.365847
32.598656 29.226131 0.03488971
44.437344 72.801056 2.253439
77.35421 84.235306 1.9527981
3.857115 81.8626 1.3505701
39.785355 80.53809 6.9637923
58.005142 55.090694 5.1792107
92.50041 51.299957 4.2436113
55.083557 67.30809 1.8129916
91.049866 2.7806013 0.79590887
70.59713 24.82121 0.4268409
18.12087 59.577213 2.5827427
32.2991 82.468475 3.4037786
2.8693533 83.1666 2.9455192
19.937773 41.650906 0.58131945
54.736317 47.27531 0.8230638
87.427414 23.494787 3.9934556
69.241135 41.488216 5.638404
76.6352 46.08387 1.6233857
12.8938875 41.242126 3.086049
49.187458 18.408806 4.483749
40.842056 49.08298 0.20008259
0.97937286 43.474766 2.832839
42.04325 40.227955 5.7977915
59.015606 14.920989 1.9782546
46.035244 81.55911 0.32357317
14.320879 23.858685 3.6884186
6.4267597 34.559032 0.16007309
30.717749 89.03546 3.419544
89.60307 48.53813 1.1678139
87.16259 20.631163 3.2449946
0.92852724 98.00951 6.6041546
5.0
20.0 0.0
69.0 100.0
100.0
50.0
392.4623
200
20.0 0.0
18.310858 3.2360852
16.07279 7.228629
14.574253 10.121886
13.075714 13.015143
11.577177 15.908401
12.440901 18.601894
15.049951 22.42387
15.6613035 22.404198
16.232262 22.544151
16.901106 23.295166
17.021116 23.422592
17.30469 23.452402
15.711086 22.172937
14.978071 23.247143
15.90641 26.389137
15.906412 26.389137
15.04381 25.774776
14.713953 24.94944
14.289389 23.18586
14.915539 23.157845
15.684715 23.126755
15.755383 23.95103
15.755386 23.95102
15.462784 25.837254
17.679073 22.69128
17.749752 23.515545
17.668013 23.896736
17.668016 23.896736
17.668016 23.896732
16.949461 24.559967
16.174923 24.597599
16.444107 23.203676
16.188145 23.51534
16.188145 23.51534
16.188148 23.51536
16.188148 23.515358
16.18815 23.515362
17.371197 23.090054
15.964508 22.009758
14.715328 22.689713
15.417445 26.284096
16.119564 29.878471
15.589587 34.594048
14.361592 39.282253
11.325751 42.543232
11.325753 42.543224
11.897585 43.869606
11.897584 43.86961
10.394683 48.043247
9.603794 50.987404
10.94061 55.551632
10.737965 60.012787
9.947075 62.95694
10.754334 66.09305
11.561594 69.22915
11.561594 69.22909
11.778879 69.82466
11.280587 70.15139
11.063289 69.55579
11.063291 69.55589
12.880452 71.36688
14.697604 73.17787
16.51477 74.98887
18.228115 77.129974
19.750307 80.04338
23.079918 83.793495
25.361269 86.06464
29.072235 89.375946
33.143974 89.393074
33.143944 89.39312
33.14393 89.393166
33.214516 89.27172
33.256542 89.260254
33.283215 89.31682
33.29378 89.335266
33.21325 89.3514
33.24785 89.31651
33.277924 89.20068
33.288475 89.21921
33.238564 89.41245
33.212795 89.442314
33.336746 89.232285
33.313454 89.192085
33.313484 89.19215
33.15293 89.653015
33.15464 89.62107
33.15463 89.62107
33.154636 89.62105
33.154648 89.62102
33.2444 89.55112
33.244446 89.55109
33.244453 89.55108
33.156418 89.44331
33.18065 89.06923
33.149456 89.24965
33.290173 89.31279
33.290165 89.312775
33.167004 89.167175
33.221214 89.239975
33.176018 89.09065
33.13616 89.377304
33.22985 89.32718
33.166504 89.35748
33.13604 89.28322
33.276756 89.346375
33.1775 89.30628
33.177097 89.19753
33.32138 89.2433
33.340717 89.2653
33.249 89.16011
33.180912 89.271675
33.356438 89.24409
33.18091 89.2717
33.1809 89.27168
33.21339 89.3954
33.2134 89.39546
33.24592 89.519196
33.21336 89.39549
33.213375 89.39549
33.14015 89.292465
33.1401 89.29245
33.208096 89.54401
33.145855 89.133064
33.275024 89.234726
33.172867 89.36445
33.172855 89.36444
33.266327 89.33203
33.3333 89.28851
33.333275 89.28849
33.29154 89.18486
33.15993 89.36588
33.226894 89.32235
33.226902 89.32235
33.236515 89.32398
33.236492 89.32395
33.350063 89.23664
33.28805 89.45137
33.205128 89.166954
33.205124 89.16703
33.16773 89.418274
33.167767 89.41826
33.34736 89.24489
33.34735 89.244835
33.347336 89.24487
33.191986 89.23691
33.288845 89.17145
33.270905 89.175186
33.30301 89.3899
33.14679 89.38904
33.146805 89.389046
33.146805 89.38903
33.146805 89.38903
33.247364 89.23118
33.247345 89.23131
33.24734 89.23131
33.247356 89.23133
33.24734 89.231285
33.24734 89.23128
33.222557 89.134056
33.217186 89.47277
33.217197 89.472786
33.217213 89.472786
33.162212 89.43483
33.20039 89.419014
33.200455 89.41898
33.20882 89.5197
33.148228 89.502396
33.14826 89.502365
33.148273 89.50237
33.19384 89.3066
33.21317 89.3286
33.221493 89.429245
33.135178 89.50552
33.135193 89.50551
33.135193 89.50548
33.21141 89.55808
33.199043 89.28364
33.207386 89.38432
33.1386 89.20174
33.146965 89.30244
33.21064 89.10079
33.21065 89.100746
33.218983 89.20107
33.244595 89.48317
33.210052 89.42207
33.21006 89.42207
33.149483 89.40474
33.17506 89.68684
33.644722 91.28479
36.53356 95.04758
39.48209 93.64501
43.502384 93.97353
46.95738 96.68995
50.52655 98.80197
54.221245 99.04158
57.915924 99.28116
61.61062 99.520775
65.30531 99.76039
69.0 100.0
