100.0 100.0
200
66.46206 75.00906 3.2173672
59.895058 4.3865476 0.4249775
84.83151 16.927744 6.0074453
72.930916 59.023033 6.5769854
37.543545 71.29495 3.0208604
64.62545 70.19996 1.1359673
35.66175 45.297165 5.822289
73.28531 21.174381 4.1396117
96.89301 69.66783 6.6174283
43.820866 64.91358 3.4803932
12.685017 81.98991 2.0591898
2.4776158 40.507584 1.5999223
14.847601 61.078037 0.29133654
23.125305 9.691129 5.3250213
74.3158 10.078935 6.473975
85.32192 57.842243 6.2430305
48.44721 29.000853 3.7556765
9.324342 21.601383 2.1677015
62.38435 15.012468 6.4625354
93.92829 67.51108 3.0116851
49.770317 50.373604 4.4442625
2.806037 41.406723 0.86546624
70.46972 89.151 6.028085
81.293236 89.60957 2.4308295
53.249798 79.190674 3.407691
89.618805 13.689458 3.8288965
55.212395 78.09011 6.2963667
20.10394 67.89231 1.5973341
68.89929 63.77816 5.088392
80.38286 55.865334 4.0252256
82.448875 58.397713 5.865293
27.174696 39.021805 3.5724092
39.528824 79.50927 4.284027
9.863425 80.89957 4.1860895
81.593544 68.621826 1.0786544
63.13112 47.07427 3.613937
43.89683 89.68723 6.7244973
71.604065 98.362465 5.0238223
52.512684 41.795563 0.5851959
72.77713 90.25024 0.048938245
99.82394 57.071 6.4602623
48.757626 60.81221 6.250292
31.375961 87.58692 6.9926367
52.172207 68.67035 2.1667252
84.274315 97.37057 5.8420033
54.891315 75.29902 0.5075939
53.145447 0.51033896 1.4621673
89.22625 3.0802844 2.405676
87.43862 9.331099 1.2453027
76.72327 72.177185 2.469332
52.561283 35.67252 0.07690089
72.517525 15.693433 2.7964041
74.77667 45.360336 0.9185594
14.252191 71.97244 4.8790407
79.626335 92.696976 6.325029
26.751703 21.294409 3.2373126
80.600845 86.150314 1.7954708
91.743 51.06819 0.9486647
57.675472 0.22866924 6.0855775
6.5191245 13.966716 1.731745
24.106146 32.285767 5.780951
96.34242 1.6841974 2.6505065
58.465134 44.623215 3.815283
42.750454 15.328873 2.3664165
41.239628 66.31757 5.685231
78.42409 92.467865 2.0720234
29.237253 52.574986 1.8859807
96.01094 97.22748 4.106321
17.610033 30.374907 2.5172012
81.946915 98.89711 3.2511744
29.131529 52.92668 3.0929034
8.769666 14.283961 2.6104293
75.883385 28.775078 1.4549589
39.389423 5.202997 0.12324883
97.44959 34.2619 1.5784247
32.30651 66.193214 5.3142214
87.10876 1.7119755 6.2674103
36.071465 0.21224426 2.256406
52.252537 83.03475 3.829197
68.51636 65.97352 2.199251
29.941107 56.424015 2.8719952
76.6607 26.1387 1.566319
98.314735 20.499947 1.9965662
20.59285 79.54419 6.5868044
98.24877 84.98849 4.7648168
7.2912326 58.127434 2.829733
86.10621 77.027435 2.7529979
3.2441957 67.71251 1.2033075
47.53826 91.30418 3.2632933
33.293537 21.185875 3.4774997
76.8549 41.112026 1.8765157
17.547869 12.367125 6.811031
71.628914 96.916824 5.448775
70.987274 64.88811 5.2703586
65.79916 18.505865 4.09947
74.89218 77.96008 5.1611
21.146929 72.13697 5.806284
58.15042 41.978107 6.2417116
66.00834 7.0366163 5.769086
55.29888 83.102066 4.5796366
55.469494 17.686954 6.3277717
57.61922 78.24602 3.9428084
90.98132 56.34235 1.05005
63.155724 78.76109 3.455578
14.473164 11.698925 3.0991557
77.354355 33.03211 6.024615
62.064426 90.6138 1.7119323
46.41089 22.437538 2.464393
55.76998 81.84004 1.5333172
50.229816 27.602613 2.5304112
56.323524 92.532814 3.6475663
78.25745 4.160108 2.880287
23.444511 29.251534 1.6725702
88.65477 55.820072 4.712584
39.201683 10.621465 2.7769754
42.445915 77.90885 0.5359182
31.734299 53.707233 3.6744697
81.95637 67.83109 1.5005815
34.261562 69.7482 5.722337
53.553223 99.39993 0.2590924
83.67676 57.293343 6.3518987
9.656862 55.45282 6.9746556
23.799025 37.29561 4.863369
56.76857 26.170115 5.216986
5.731936 21.117437 2.677975
29.434273 10.044939 4.8974094
63.695263 22.588913 2.0730472
79.25847 54.760548 3.9373782
86.49133 60.22147 5.5323896
92.61653 79.59941 1.8436933
37.70327 78.36647 6.5174227
83.68784 87.03268 3.6510038
57.20861 60.414997 6.7804236
1.619637 48.710472 6.085861
32.421715 84.98458 2.5104692
80.51016 2.344392 5.447975
56.40347 33.092285 5.4892454
63.28537 58.851788 3.7384348
37.55485 67.47142 1.1282604
99.72159 92.39101 1.8933027
48.761955 25.94614 5.726536
80.730576 13.787256 3.8619223
42.0789 14.651425 4.392598
11.692287 96.97065 5.671674
76.006035 62.554783 4.810407
81.1035 47.982494 4.153745
28.598883 67.16576 4.5716343
40.747692 35.091515 1.3901225
75.05572 39.0726 0.021627575
39.711185 13.0224 2.4143124
85.27939 39.02018 3.956529
86.44523 76.60362 0.36002654
99.33517 60.195152 3.9119174
22.88299 41.438732 3.3333151
27.140217 56.14431 1.2541968
64.064545 41.6408 1.3986361
22.360247 85.451485 5.2865086
26.857239 31.123583 1.9759377
41.42321 70.580086 5.085412
97.054276 86.409386 2.9672492
64.12117 18.977467 2.3740497
72.000305 10.968042 6.1072097
29.93873 1.2094864 6.5466595
16.92373 16.396729 4.22109
67.277504 94.78234 1.3694987
59.009533 10.290411 6.637032
57.3949 89.14764 1.1380833
19.968065 74.610054 0.34837982
8.801742 83.192795 0.5209671
60.023705 9.478719 4.7260833
27.385132 17.9755 2.7866626
23.91884 28.539143 5.37712
30.635597 1.4655014 6.882961
97.018394 57.49489 0.7069826
12.971831 93.163666 2.1144652
87.0345 81.78653 1.0224562
53.804604 47.33799 0.2574865
97.6398 78.10245 6.9545417
9.2476845 45.284 4.3807983
2.7171926 16.67655 5.1205196
64.620926 38.64028 6.250677
46.01221 32.96919 6.208125
78.29909 75.74839 5.7316055
8.660101 7.1680055 6.372324
80.39258 2.6352756 2.6736023
8.713382 98.94707 0.8980528
32.136772 77.82276 6.040125
4.004686 36.410976 3.0202153
74.95513 35.877254 6.177601
65.363 54.582466 4.562322
62.220993 14.9009495 3.9432144
28.498034 88.74092 5.3567915
32.30662 76.475235 2.33074
74.31535 41.204197 2.0309556
67.596825 32.487015 4.844631
27.179321 70.555214 6.6699395
52.31973 31.385654 0.6849618
60.133743 24.168459 6.2899437
75.59988 90.91893 1.0498313
8.450637 93.70977 5.046193
5.0
20.0 0.0
69.0 100.0
100.0
50.0
502.51257
200
20.0 0.0
24.113998 2.4136
26.951752 6.4785175
26.951752 6.4785175
26.951752 6.4785175
26.951752 6.4785175
27.353415 6.765543
27.353415 6.765543
26.665972 6.225379
26.665976 6.225379
26.665985 6.225379
27.069061 6.518526
27.470734 6.8055515
26.783287 6.2653875
27.173126 6.323472
29.85006 6.567891
32.526993 6.8123093
36.79512 9.203512
39.335564 11.225805
39.335564 11.225805
40.469704 11.027847
44.792038 11.718981
48.545326 11.660486
53.398495 12.687295
57.151783 12.628806
59.023335 12.812236
59.13837 13.892577
59.990055 13.840217
60.35834 13.676124
59.709595 13.629816
59.68988 13.6197605
59.95534 13.597647
59.455357 13.388342
59.823635 13.224249
59.11678 13.121814
59.50424 13.050943
59.362083 14.015787
59.82157 14.070366
59.82156 14.070362
61.933804 18.556705
62.677128 18.644058
62.010895 18.381905
62.088486 18.636963
63.252426 21.02079
63.252426 21.020794
62.47596 18.5661
62.822792 18.654955
63.986732 21.038778
65.2411 23.281206
67.05422 27.740484
68.478294 30.159533
69.98512 32.628185
71.75966 34.94104
71.75966 34.94104
73.53464 37.565445
76.10942 41.210438
78.2052 45.603027
79.657074 49.731926
81.46945 53.82422
82.690506 56.470932
82.690506 56.470932
82.69054 56.470917
82.53587 56.412308
82.483925 56.408173
82.48389 56.40816
82.48388 56.408184
84.11648 56.67884
84.319786 55.663376
84.31981 55.663372
84.16127 55.629665
84.1613 55.629684
84.161316 55.629757
84.16139 55.629765
84.10944 55.625652
82.46352 56.579395
82.60182 56.558918
82.54994 56.554794
81.80412 57.316383
82.45264 56.81066
82.573746 56.852367
84.323044 56.428246
84.112595 56.390415
84.36235 56.414528
83.96923 56.267418
82.51847 56.81653
82.51848 56.81651
82.353325 56.837864
82.76362 56.203815
84.1682 56.29888
84.16822 56.29889
84.15262 55.54096
84.106766 55.565037
82.15673 56.88906
82.21516 56.893425
77.39907 57.960873
81.744576 57.425373
81.74457 57.42537
82.073204 57.355816
82.215294 56.889465
82.21531 56.88943
81.79972 57.339375
81.85809 57.34372
84.309235 55.318832
84.00441 55.38074
83.9814 55.69824
82.035446 57.20463
82.035446 57.204605
82.387314 56.524002
82.71595 56.454433
82.299 56.85909
82.4213 56.745785
82.04222 57.126846
82.160614 57.06851
81.781624 57.44959
82.315506 56.863895
82.3155 56.863846
84.2942 56.688408
84.29417 56.688416
81.9387 57.278885
82.47257 56.693165
82.09353 57.074276
84.072235 56.89885
84.080414 56.896057
81.87799 57.49701
81.87009 57.502785
79.37418 57.753708
77.61678 58.03163
78.42611 58.48815
78.26671 58.51512
77.42828 58.082226
78.327705 58.471733
78.3278 58.47175
77.97568 58.447758
78.158195 58.4125
77.87945 58.416645
78.18908 58.398415
78.18913 58.39846
77.91043 58.40259
79.18201 58.31202
79.39184 58.317314
79.11312 58.321445
79.11319 58.321457
79.2395 58.3617
79.11193 58.34066
79.421646 58.32242
79.143 58.32654
79.339195 58.43165
79.339195 58.43165
81.632484 57.62197
81.632515 57.62197
79.357346 58.672173
78.19938 58.356365
77.86747 58.26836
79.405205 58.295006
79.28515 58.320107
79.28521 58.320076
81.993576 57.49955
82.79826 56.47014
82.79818 56.47017
84.18296 56.392815
84.18295 56.392803
84.236626 56.476936
82.42995 56.729565
82.430046 56.72957
82.52192 56.70323
82.61378 56.676888
82.61383 56.676872
82.58286 56.690998
82.58286 56.69099
81.62668 57.816746
81.626656 57.816734
81.62655 57.816746
84.24606 55.599514
82.83744 56.211884
82.714645 56.52846
82.71459 56.528484
82.41291 56.8594
82.35684 56.868885
82.213455 56.887085
84.405556 55.94982
82.04374 57.119392
82.04369 57.119396
78.08114 58.43719
79.374275 59.507774
79.07252 59.83873
77.05026 63.936882
77.4558 67.13259
75.43356 71.23071
75.32571 74.01885
75.3257 74.018845
75.21785 76.80699
76.136765 80.41026
74.894264 85.171425
73.651764 89.93259
73.5439 92.72073
73.5439 92.72073
73.5439 92.72074
69.28301 94.898056
69.14151 97.44903
69.0 100.0
