100.0 100.0
200
8.10264 32.342503 5.6401978
2.9531825 0.6937105 5.329346
8.971699 53.828102 6.050637
3.6871336 59.892223 4.032167
36.11088 88.72834 3.6840267
14.065907 63.039467 4.3960075
67.80895 12.712365 5.2844353
43.529022 64.83405 6.6251802
9.3805275 34.596603 2.4621048
30.475 0.68548924 2.9340656
55.92596 68.53383 1.3849345
57.60118 8.360005 1.8953608
50.721897 69.13869 6.709016
31.771944 10.755261 3.5574448
48.46257 55.590122 5.7076926
85.05944 88.24733 5.5248594
20.48098 69.06932 0.6022065
52.001198 49.46944 3.8186162
88.18175 78.86798 1.8362772
16.750603 3.0570757 3.9636335
72.801956 55.539272 0.6338847
8.684804 82.76748 0.28866336
61.20386 78.70515 4.721285
14.104847 47.05492 4.9292364
39.989494 73.42832 1.9514794
79.094025 92.04185 5.3543468
1.2680353 2.6215363 4.486677
90.33775 98.02546 3.5896108
89.22758 24.72053 4.9933405
94.21436 31.833267 3.0888455
60.134556 98.45622 4.733393
35.573177 4.27806 2.181173
56.811974 88.47365 0.6068116
32.376343 49.1639 1.5033232
56.48217 58.86382 0.21657848
39.08652 65.23183 4.643139
36.529957 0.47657442 6.7910414
63.769485 48.475327 1.5285317
21.788946 23.624746 3.6820369
66.19491 92.641624 2.6291769
95.82668 58.735825 3.078206
52.174484 48.64052 3.1361136
16.957561 7.6208735 6.217437
81.79835 99.20137 1.1111683
34.028652 87.588715 2.6911235
23.219864 66.87542 1.2179618
1.3649447 13.812725 2.1429548
85.56764 83.866104 4.1672773
91.63501 40.35699 2.5950687
74.354 43.368603 3.7819517
65.10595 75.04479 3.563445
55.848595 79.46629 2.4760334
75.664085 28.830875 2.5151231
37.909317 76.249245 3.979724
55.2517 29.999418 1.6996528
66.52805 36.75924 4.3761234
44.27154 76.515335 1.8014047
79.088066 73.93821 2.696196
80.26079 6.442047 4.869777
52.10938 64.94956 0.032676756
56.495247 84.93561 2.592425
80.21261 49.678272 2.343533
22.336916 34.95442 2.005818
86.74975 28.408321 2.5376744
85.578354 72.54891 1.216665
11.029671 20.962124 4.0098863
88.60699 44.36975 5.2531996
78.89903 41.085686 1.5055677
46.06424 11.05793 3.8649008
99.43753 41.90638 2.813982
20.851498 89.91374 1.0494094
35.783062 88.22054 1.5741732
7.824848 28.48641 2.7071438
94.49623 55.23193 2.762331
6.02217 78.755714 5.030629
38.329014 21.941849 2.9325125
65.59601 75.02918 6.280189
87.58961 36.17267 2.3513527
85.564766 71.00086 5.7380857
52.22629 41.28623 5.646666
36.061253 18.90052 2.8622468
62.81955 41.252914 4.810041
13.276172 66.6517 3.842195
43.845726 80.846054 5.79524
73.29937 58.604103 2.9231133
98.13913 48.746395 1.1510952
27.980427 96.355804 0.06722853
13.347984 70.548706 3.739141
49.632652 97.86397 0.6006114
58.963947 0.69537616 6.9539623
82.13777 37.7887 6.1675773
52.847813 27.05331 3.7955987
84.86456 2.9718204 5.531023
95.458275 38.45617 1.1093289
92.801674 99.823555 4.8046746
61.265816 2.554434 4.051444
24.25008 44.308525 5.542974
26.87198 14.816587 3.1318371
49.321594 9.568766 4.5178843
37.99868 95.7866 2.5013971
53.613014 60.02512 6.51637
50.03084 89.16255 2.3197381
95.33307 22.346386 6.8303733
30.730093 9.128452 0.42743826
38.016125 18.26431 5.6818447
19.7598 91.95551 2.1836588
5.8730617 23.50042 3.9300551
30.24957 46.576168 6.3173585
26.646341 67.26204 1.3786407
95.877785 61.811867 1.561483
38.667793 93.905525 4.0045314
64.65849 91.17266 1.3544488
61.83478 58.28948 2.6524627
29.753216 72.781456 4.515569
28.535715 75.36243 1.76674
5.6402 16.18898 4.874361
31.764862 24.730165 0.4277896
56.888996 85.42862 5.0082626
15.470391 55.96351 1.7044148
76.82362 97.9183 1.2858578
91.69876 97.88987 2.4651716
77.83065 48.088108 6.9611807
60.87256 40.56573 2.231851
74.65202 3.5895202 6.974084
40.879578 57.116383 2.062612
69.90487 81.15499 0.31541842
90.90872 86.87162 3.9678268
16.505957 17.378899 3.160777
76.44214 24.873566 3.8962655
30.02064 23.566288 4.2691813
30.422031 99.273964 5.4504457
90.25344 60.30375 6.676362
82.127235 52.933254 2.4500349
13.450997 0.22804222 2.8249764
92.81286 14.625574 5.510379
21.49226 98.44653 0.023053408
51.67229 85.387024 6.8525224
13.189263 26.161167 6.932226
74.95918 4.8400307 0.4313303
34.796814 55.27006 4.9730096
15.914528 31.758387 1.3350922
64.994934 54.598743 0.8677886
38.444595 86.67782 5.7440314
44.523163 29.051374 4.5764275
26.752203 67.83765 3.9240541
51.5468 87.32421 3.5144894
61.003933 10.019678 5.7317533
7.603753 65.75411 3.7545667
56.665432 51.644028 2.8763928
60.466236 83.741745 0.03743317
98.34803 16.246387 5.3159747
54.173378 32.063656 1.3534907
56.892757 36.021664 2.0207684
7.2030783 75.70524 1.23389
17.07081 46.23238 4.1757803
85.408394 65.17891 1.4453602
74.12469 78.13165 2.8481724
33.559196 30.080673 4.8622975
44.619896 3.6977754 1.6097763
28.18433 54.157066 6.9231534
34.634346 96.54694 0.44965145
43.707523 78.596596 2.3098857
48.78841 72.85584 2.5414176
58.81742 14.777152 2.7574742
61.680855 46.779915 2.2775648
78.022224 66.361015 0.510276
25.587666 12.12535 4.1048183
99.46117 52.673813 2.2146535
14.248101 69.066925 2.0332406
37.52247 37.739414 2.4988651
97.93178 43.162422 1.726287
78.59123 90.80975 4.4956665
78.313995 90.744125 0.594518
92.72877 84.24116 4.024764
43.3142 99.195 1.4754097
49.294945 2.6343012 5.595717
97.86927 87.92498 6.894078
84.79738 24.930882 5.3065443
92.60728 4.0340466 1.5276154
74.852325 46.71266 1.232966
70.44575 37.73175 6.6618137
20.821697 82.341835 6.111155
43.55959 77.68611 1.8275468
27.875528 75.418 4.8082857
54.48874 82.54773 6.3355885
57.636726 31.231934 1.5904155
74.306984 51.026894 3.8295476
2.2850301 39.93343 2.9706223
72.17389 24.600534 1.6239437
95.62625 85.99523 1.6697781
26.823942 13.918786 0.51915425
17.821886 52.307194 3.2373147
16.273457 84.321335 6.83676
76.28577 40.466248 0.6451704
62.308517 34.697796 3.6792521
57.00501 34.39977 1.596291
98.10856 19.964808 2.3661327
19.336502 20.967134 0.10425579
72.86944 37.426937 4.588743
29.273949 26.031631 0.26644874
5.0
20.0 0.0
69.0 100.0
100.0
50.0
422.11057
200
20.0 0.0
19.600842 2.4085157
15.042782 2.042613
14.662777 2.2352743
14.434299 2.379027
13.729787 2.3769755
14.145226 2.4592767
14.145225 2.4592776
14.145225 2.4592779
13.427995 2.5688634
15.249176 2.6930037
15.527836 5.801404
15.806496 8.909808
16.08516 12.018204
15.1494665 15.27018
12.801585 19.581083
8.955468 22.79955
6.607589 27.110432
6.73209 26.938969
6.7389307 27.032124
6.680854 27.058811
7.491314 26.832897
7.491314 26.83288
7.782316 26.850653
6.5711794 27.154781
6.5573874 27.162016
7.853343 26.843603
7.6523447 26.830606
6.8493643 27.027025
6.7912874 27.053726
6.7774954 27.060955
6.559745 27.189344
7.4129763 26.941996
6.609996 27.138416
6.605936 27.151691
6.592144 27.158928
6.534067 27.185612
6.399025 27.170803
7.2522564 26.923462
6.5252037 27.072674
6.7990837 27.059761
9.908234 29.594013
10.351028 32.82963
10.793821 36.065224
14.918819 38.9091
16.58083 43.56797
19.67265 45.141
21.08094 46.78824
25.558983 48.988583
25.55898 48.98858
27.856869 48.084354
29.36689 50.196457
30.83631 52.312725
32.305725 54.428993
33.91647 57.80216
36.45229 62.01478
37.24052 64.13567
38.24498 66.64066
39.249428 69.14571
40.25386 71.65074
41.258305 74.15578
44.66142 76.50007
45.057896 78.083046
47.460533 80.15109
48.929955 82.267365
52.333057 84.61164
54.7357 86.67968
54.01716 85.050415
54.017174 85.050415
54.01719 85.05043
54.393974 86.14296
54.48089 85.398575
54.179024 85.48879
54.17902 85.48881
54.469967 85.5435
54.510944 86.49662
54.48409 85.483055
54.484074 85.48306
54.484093 85.483055
54.1822 85.57317
54.47311 85.62788
54.144936 85.66824
54.443718 85.687614
54.14637 85.75342
54.146385 85.75337
54.14641 85.75341
54.670677 86.69836
54.845264 86.46843
53.975513 85.14018
54.675446 85.78379
54.67543 85.783775
54.675426 85.7838
53.932106 85.16562
53.93211 85.16563
54.289474 85.19001
54.178085 85.99706
54.619038 85.71788
54.409325 85.87247
54.96039 86.79591
54.316994 85.19656
54.31345 86.07166
54.327206 86.075005
54.472725 86.2546
54.561295 86.25531
54.56126 86.25532
54.90766 86.33957
54.84664 86.50681
54.421013 86.48259
54.509594 86.483345
54.404575 85.58274
54.63391 86.513115
54.593834 86.40716
54.58018 86.40386
54.813126 86.392555
54.179596 86.07018
54.300022 85.97989
54.300034 85.97986
54.083797 85.84897
54.317272 85.65323
54.376785 86.012375
54.345104 86.07941
54.102833 85.32667
54.178432 85.52428
54.506165 86.538315
53.979195 85.09533
54.306686 86.25821
54.84375 86.123535
54.84375 86.12353
54.678207 85.90776
54.142223 85.63451
54.503216 86.3148
55.02457 86.86321
54.49423 85.98403
54.494217 85.98401
54.469975 85.98822
54.39166 86.015366
54.60335 86.09905
54.811646 86.77835
54.709087 85.91358
54.70908 85.91356
54.20719 85.883675
54.107788 85.69183
54.510242 85.53001
54.386074 85.85719
54.194614 85.85343
54.315697 86.17942
54.843815 86.25514
54.01586 85.310905
54.283157 85.54198
54.44195 85.53093
55.022697 87.029076
54.09635 85.32699
54.675896 85.98965
54.90076 86.5997
54.900745 86.59969
54.928246 86.88754
54.822735 86.53285
54.841354 86.65214
54.9618 86.681656
54.035454 84.97958
54.308857 85.93332
54.444008 85.67217
54.71739 86.62592
54.357178 85.50284
54.20476 85.233826
53.978878 84.85513
54.711212 86.42819
54.573414 85.694115
54.473984 85.502396
54.83754 86.61511
53.993874 85.44607
54.751884 86.4125
54.614082 85.67844
54.561092 85.60115
54.561115 85.60123
54.0494 85.34517
54.049404 85.345184
54.59706 86.622086
54.762913 85.96586
54.1795 85.34617
54.18622 85.80718
54.17879 85.82223
54.210117 85.35597
54.369946 85.609955
54.416553 86.338905
54.84756 86.689224
54.25388 86.06064
54.814835 86.80371
54.317505 85.66665
54.888184 86.29738
54.73578 86.028366
54.735794 86.02843
54.73581 86.028496
54.623398 86.4483
56.40487 88.07858
58.045578 89.99666
60.561996 93.98654
62.967705 95.75089
64.467674 97.95676
69.0 100.0
