100.0 100.0
200
13.981461 40.299995 6.4883885
92.43699 63.81742 0.8883762
82.60197 16.180117 3.7684572
44.250347 34.75943 0.6593858
37.53501 21.887798 5.221903
0.7857278 27.489449 5.039515
78.502106 57.833206 3.778508
83.994026 49.89694 2.3956125
70.45213 74.95757 6.3486724
60.233124 45.763016 2.5726864
94.37734 66.20927 0.16452894
60.605316 17.308834 0.2565633
38.013584 76.28378 6.70858
69.62221 96.91264 0.09066614
1.3525909 93.865486 4.275343
73.14805 97.30406 0.524296
14.519604 67.475365 5.591772
46.590504 5.1490235 3.4758067
55.52825 78.96894 5.417242
40.767864 63.081066 1.7137946
43.743423 65.53079 2.686435
52.79304 6.193333 4.5912137
55.03382 19.416084 4.2155395
97.61888 24.263737 4.0457897
39.15358 66.706696 0.61602247
36.31088 54.49191 1.827826
26.296124 44.331474 3.157276
51.844223 64.44382 2.8953826
56.731297 27.898783 3.8897796
76.38735 28.048971 5.779979
79.46553 47.022823 1.1992569
66.68436 7.1328588 4.4021664
38.415752 29.30969 1.0586306
36.544853 15.179144 4.3399897
95.96491 96.734184 6.150684
35.692684 46.915226 2.7853646
21.342041 18.806791 1.9842632
15.809772 94.397675 6.287405
28.62654 66.48849 3.6396706
96.27383 48.6825 6.074259
70.8916 16.463339 4.8075547
58.333794 93.26968 2.1563559
74.19765 81.926506 0.4895541
75.45726 13.127409 0.03061759
95.5918 58.6941 3.3740323
41.596813 3.8153615 5.6435165
61.729233 62.39112 1.0462958
14.559541 29.706749 2.9249694
82.40887 44.708527 4.2351155
29.63819 96.14262 0.87134546
71.632545 81.960976 4.5853148
86.45901 87.83749 5.5294166
91.446526 58.731438 1.6063724
10.24564 99.3671 5.451336
18.877678 42.672386 6.198252
30.84679 9.474231 6.5314665
7.351384 57.306305 2.805476
72.66917 77.741806 6.9580636
19.817924 53.576397 3.2215493
2.469023 4.500585 2.4593987
81.33737 95.67708 3.206136
49.483776 9.799166 3.2879224
5.6173635 44.431454 5.1640415
9.933802 37.638794 6.871416
43.065224 6.619883 0.8887732
36.540245 13.399128 0.55090356
8.917965 51.931103 1.4554157
4.7202425 59.193577 6.8078256
78.1833 8.499991 5.218556
21.186754 98.953995 1.9469494
97.652725 88.189415 1.0472604
93.148636 24.765919 3.475454
47.07417 73.797386 2.076623
8.862715 80.98618 3.280829
72.254944 64.36002 6.7202377
4.004384 79.734184 3.5422432
78.822014 89.86598 0.4665717
96.8352 96.1777 2.8447556
58.658028 73.43321 5.7917814
73.462616 87.45262 6.8114414
65.072174 70.459076 6.53686
47.920815 82.44166 2.772863
9.668722 45.45144 1.0765657
63.845856 6.676777 0.041068323
30.891659 6.2124867 3.5375993
64.993614 56.428127 0.27605832
51.53778 29.198267 2.3652732
81.42851 42.121216 3.225595
70.9429 34.17592 0.96980304
21.481766 93.55087 1.4826908
46.87046 52.26745 5.184978
59.04627 41.484528 3.2913406
22.87859 95.92395 0.8047
31.790419 60.761265 4.7260175
90.70494 63.80548 0.15654658
84.196526 60.951145 1.2314315
73.36989 30.265375 2.5339985
16.120977 76.2145 5.772926
4.445252 22.966928 1.2311248
71.85117 89.57684 1.654815
0.25078243 91.06202 6.358404
44.781754 65.87467 4.6221128
91.93811 56.630875 2.4700503
47.522346 6.077903 1.3095057
97.9454 63.82612 6.696302
67.1741 30.334654 1.5094558
34.91688 71.43049 6.7219877
49.604843 87.13186 6.7037697
38.33161 15.203416 3.5779762
31.891535 10.41903 3.742289
80.15347 44.95516 0.57995665
37.49882 72.13471 5.659267
26.062445 12.984867 3.3293278
22.06538 4.869894 2.9944382
93.32824 31.733934 0.7920599
69.0296 20.485462 3.7343454
79.835464 26.193302 4.204706
10.335765 78.852066 2.9850912
70.982956 47.515755 5.9166164
82.7165 54.439808 6.5289154
72.28119 61.03667 4.528714
74.805695 10.564385 6.744877
52.112003 69.4703 0.40912095
4.1926746 69.71167 2.077934
83.78445 0.03301626 2.194838
62.561295 73.704216 5.3530135
62.386726 22.365065 4.5997705
34.688145 96.64122 6.839963
3.299688 76.52421 3.553302
3.9037793 38.342037 1.4743644
0.6288619 24.97974 6.65152
39.80687 52.4935 6.250071
66.85455 48.688454 1.3260497
42.25756 35.25107 5.802051
9.646704 41.02674 4.7057586
1.6585345 53.420856 0.8202744
16.12873 8.322194 2.0032544
42.79069 74.37297 0.6404349
80.63424 95.51275 2.0423412
64.7504 24.699133 2.3014917
44.059975 24.329046 1.5089265
64.434364 86.74494 3.0684445
40.98681 29.735367 0.3600563
34.363026 39.93098 6.262689
10.57123 12.4696665 4.8443003
10.1202135 62.367477 2.0811317
38.09963 58.22397 5.770565
66.586754 97.16516 1.4674444
24.075983 45.387096 6.0136666
17.399565 12.546532 3.6978652
75.74657 41.745407 1.9818425
26.89731 29.988857 2.8358815
90.63912 6.826051 0.16069998
93.976814 43.73187 1.5817508
56.260902 72.672325 2.5053084
39.4174 25.056782 4.3490634
55.423435 69.86344 1.3622906
23.217688 90.717155 1.2728043
13.496499 6.3015637 5.773879
12.615408 4.6888742 2.5899534
21.104065 49.61606 6.5751963
2.0980306 77.83076 2.686372
56.49337 88.18772 3.4164565
10.607849 92.82424 3.4045355
69.19227 43.497753 2.4579222
66.88369 66.88313 5.260678
26.726952 88.875435 0.84885293
16.884201 42.006752 2.4213138
73.972916 9.574032 4.1111283
50.69957 54.74211 3.698666
39.622375 7.055416 6.953475
74.79211 44.205585 0.47800013
48.966564 15.770378 6.625238
16.005749 34.46611 6.988172
60.766357 24.692337 6.212422
13.590179 93.166565 2.7897215
47.30515 20.700096 2.8900495
41.37907 8.564208 1.602595
81.568115 58.966183 3.9039147
83.08098 65.937546 2.4505613
90.130424 72.20763 3.619983
55.25681 2.68661 3.9866123
34.390675 22.397264 5.183566
97.51767 92.018906 3.4149387
78.44632 57.598484 6.457602
19.868504 14.537618 2.5760162
30.794615 17.583742 1.2541057
42.576317 62.829597 1.8604912
31.781765 91.123436 6.330482
0.22650021 81.0927 4.3486414
0.1725661 22.940533 6.724437
73.09774 72.43733 5.0212655
23.440374 50.98266 5.711072
81.105286 6.9808564 5.8688216
19.885502 88.39053 2.406751
47.12661 49.63078 0.50864273
33.060165 99.74773 3.8403606
84.58362 8.741851 0.78825974
84.98716 57.401226 1.5747604
15.563095 76.78017 6.445289
5.0
20.0 0.0
69.0 100.0
100.0
50.0
439.19598
200
20.0 0.0
17.12852 2.3820744
14.257039 4.7641487
15.910903 9.271812
15.910902 9.271813
15.77874 9.484666
15.77874 9.484664
14.961802 11.188451
14.829626 11.401298
14.829632 11.401299
14.52957 11.821594
14.5295725 11.821594
13.995463 11.211588
14.295524 10.791292
13.99546 11.211589
15.001852 11.775419
15.197068 14.5273
14.95813 19.301296
14.622577 24.258787
14.006617 29.198715
13.3906555 34.138645
13.151716 38.912632
13.78109 39.642395
15.693566 41.08615
15.693565 41.08612
15.72459 41.11963
15.483654 40.094147
15.530273 40.2225
15.53027 40.222492
14.160006 40.479664
14.858137 41.33592
13.776354 41.033615
14.333054 40.93722
15.523579 40.055336
15.523575 40.055313
14.076891 40.257133
16.012356 40.63922
13.561094 40.794323
15.691317 40.979366
13.910328 40.296967
15.845793 40.679047
13.998299 40.39939
15.933765 40.78146
13.998295 40.3994
15.933762 40.781464
13.4825 40.936565
15.268934 40.566803
15.26893 40.566822
15.102373 40.606735
15.102369 40.606743
15.933762 40.781487
13.4825 40.936592
15.974169 40.53232
13.642793 40.60283
13.342714 40.284096
13.830156 40.410645
13.998737 40.97763
16.060211 40.68999
15.735092 40.63403
14.052328 40.367756
15.020599 40.54991
16.09142 40.120583
13.696136 39.874943
15.612692 40.623642
13.563454 40.673664
15.109478 40.480003
14.131667 39.735104
16.065601 40.323566
15.43624 40.41588
13.98411 40.26721
15.882496 39.890026
14.103287 39.937912
15.320728 40.368168
13.637967 40.101894
13.637968 40.101868
15.53581 40.72005
13.6838255 40.583847
15.726532 40.58215
15.726534 40.58209
13.870401 40.113865
13.724007 40.60283
14.108545 40.693687
14.163675 40.718327
15.251064 40.828926
15.874439 40.29
13.980223 39.928543
15.865587 40.700886
13.72632 39.682625
15.506802 40.84122
14.0954 40.423237
15.88249 40.95808
15.632315 40.735126
15.171856 40.845467
15.662045 40.955532
15.662046 40.955616
14.250645 40.537613
15.789995 40.006012
13.6988735 40.27174
13.929491 40.517532
14.811808 41.00393
14.81181 41.00392
15.528448 41.392487
13.389177 40.37423
14.161995 40.292313
15.408745 40.833233
15.683446 40.94912
15.683447 40.94913
13.619551 40.416542
13.04711 40.62549
14.9140415 41.16783
13.668525 40.990105
14.719721 40.960285
15.748329 40.56361
14.071558 40.75545
15.298841 41.37668
15.539356 41.43297
19.139484 43.67659
21.633411 44.27691
24.166136 45.897217
24.166136 45.897217
26.50259 47.09565
28.839046 48.294083
33.500755 47.40029
36.339714 48.804775
39.292015 52.62664
37.819958 54.106052
42.71872 54.890137
42.71872 54.890137
47.609535 54.738632
50.521324 55.49447
53.360287 56.898952
56.87938 60.064117
61.303715 62.40653
65.81826 64.215996
68.207825 67.01068
70.59738 69.805374
71.138855 69.65608
70.76013 69.33145
70.6611 69.70035
71.03979 70.02498
70.77737 69.79753
70.8175 69.898
70.677505 69.89616
68.98737 69.61201
70.13607 70.045456
69.866135 69.91148
70.00328 69.61172
69.86489 69.49987
70.10151 69.52335
71.39568 69.04509
71.25571 69.0433
70.31887 70.07368
70.04893 69.939705
70.04891 69.93961
69.97076 69.890274
69.9707 69.89019
69.03084 70.04665
70.351166 70.697624
70.35118 70.69759
69.410286 69.25191
69.50384 69.35589
69.124596 69.90493
69.124596 69.904854
71.32922 69.15669
69.797844 70.27211
70.287445 70.23303
70.28743 70.23304
70.496666 69.846825
70.49667 69.84686
69.83677 70.42901
70.44312 70.66717
69.89714 70.50543
69.97176 69.75425
69.518906 69.95759
69.0641 69.98274
70.43455 70.74232
69.12487 69.51523
70.20879 69.30917
69.48312 69.99394
69.48311 69.99391
69.43765 69.4682
69.4376 69.468185
70.787254 68.988976
69.78097 70.4803
69.980125 70.56174
70.69724 70.07958
70.40728 70.20488
69.84739 69.5793
69.847404 69.57936
69.6455 69.22209
70.122536 70.39229
70.81725 70.237495
69.31696 69.13802
70.08379 73.828575
70.95589 78.4987
70.459045 83.40074
70.02258 85.88344
70.789406 90.57398
70.29259 95.47604
69.0 100.0
