100.0 100.0
200
97.37962 43.290077 0.8441899
92.9025 58.12518 4.5886917
2.7549386 45.485188 2.3556924
94.76606 97.748375 3.8522334
12.0498 91.69545 5.6748314
80.48602 71.71268 2.0599983
41.79432 49.925632 6.0164423
31.623793 90.44411 0.47977442
23.898012 92.241776 1.3567024
79.99294 64.745255 5.5288577
8.932179 54.283047 2.5446823
46.451378 50.450653 1.5468533
50.54563 71.02297 5.4265423
27.934175 5.851674 6.461864
9.964305 31.262302 2.5479946
0.87124705 29.408688 1.9517615
1.5352011 38.83026 1.1328752
24.879175 84.54979 6.3072624
95.263115 25.79137 1.9225348
85.56245 13.467503 5.3467765
0.21598935 62.473877 1.0037496
55.7404 41.70527 1.2675169
93.5351 88.43269 1.6319103
26.593166 22.759539 3.5035965
55.542583 33.11813 5.580234
47.414745 69.954735 4.0499997
34.948093 65.51984 5.073904
86.50732 32.394688 5.838743
43.21232 68.06012 5.735547
0.6248772 90.85008 0.1377781
20.644289 72.79419 6.8815427
64.9115 21.143024 0.006737888
86.042946 86.01895 3.1547835
24.211496 91.274734 2.3142328
86.23484 79.64188 0.6303453
70.48262 89.82427 5.8062677
62.090706 13.255912 0.19631875
80.68978 85.89299 3.0555334
28.084755 73.53776 0.2367273
16.912407 55.85434 5.7872195
80.673256 37.32961 0.31244206
75.99414 44.025158 6.273622
58.45376 58.69889 6.0981216
8.560586 70.386734 6.795701
33.320217 29.055 2.6210852
59.32663 49.584175 6.439773
53.957092 54.87749 3.211196
70.17998 21.690105 3.4170325
73.04284 1.769048 0.3182103
42.166157 39.943783 5.1760206
91.134705 98.26716 5.0314918
30.1171 64.16906 5.055736
92.69756 94.235016 1.4552728
60.99416 24.400156 1.6904818
82.64147 39.173466 0.32990283
52.432037 32.800682 1.1751053
45.3071 21.804642 0.8099543
44.292976 12.991399 1.3151665
51.85405 73.86935 4.3357964
93.409256 83.44463 3.4707336
76.87659 85.6042 3.1110775
59.957306 81.79535 4.634135
6.3803196 20.31101 0.3135419
18.373425 10.901803 1.2020802
68.56707 5.7542744 5.778333
9.446579 68.5631 6.1594653
90.589676 39.46372 0.13214839
90.44295 88.84242 1.2987118
20.31846 19.650263 2.4703712
55.753815 81.980835 3.0065517
42.079556 42.147594 3.2931206
42.151134 3.584367 4.7041416
54.590416 76.2344 0.54529953
65.46914 35.48978 5.963579
29.865593 92.76955 5.169223
70.47803 1.6489446 2.7464797
96.4414 51.530724 1.7981228
63.705708 91.12442 1.5580976
75.62769 99.202354 5.469301
85.94071 78.21477 2.4234571
56.50928 97.4812 5.4007473
33.20132 46.13182 5.1524034
20.8466 46.48822 3.227619
75.60064 18.878359 1.6673641
35.59617 26.73859 4.510578
85.21872 83.27595 6.5957155
99.098305 11.00086 6.1692853
60.21241 94.04733 1.9863464
4.6860933 90.40425 4.790285
25.584429 69.96498 1.0121293
55.797565 62.155354 2.3284583
87.74917 47.06212 2.951121
30.716389 57.046787 5.6789637
80.91343 59.107082 6.7870154
58.642834 87.60168 0.19838572
83.12053 21.674173 3.6650918
96.84795 81.43872 4.3367567
20.283693 60.530655 2.7494578
96.95053 42.909794 5.8303747
89.41265 29.401123 4.4910917
54.090332 15.479237 6.2422614
49.80778 2.7151108 4.8436403
42.697353 41.819042 0.73397624
85.22857 54.816784 5.545373
78.87602 65.34478 3.524025
1.0932922 44.470863 1.7876511
60.826904 42.891396 3.6777234
39.9271 58.989746 4.960308
55.673443 15.076065 6.6516104
19.821293 71.27509 5.274367
11.31782 13.519526 6.766383
91.42756 44.71746 3.078598
54.295876 93.059204 2.5737038
63.87204 84.59046 3.2569625
85.44099 34.280087 4.1478343
65.87765 48.26253 4.006206
94.70868 53.114872 5.0741835
78.797226 70.2352 0.75289273
98.02528 53.108833 1.2543411
44.424397 82.01778 1.5169652
46.5505 23.536789 6.9038877
55.12191 86.48721 1.0071242
5.5647316 78.16462 1.4363196
57.570976 61.63064 0.8827714
72.14414 66.21971 4.345894
21.039576 9.035105 3.7810102
5.483544 64.93802 2.7319896
13.571512 55.01493 2.7788937
8.547401 3.2259047 2.5736146
55.5599 90.26259 2.120918
68.36284 72.48016 5.3169193
53.875034 14.466649 6.9793787
81.43539 52.43363 4.580066
52.03761 58.98735 6.2448435
65.64838 36.846794 6.079958
59.078842 26.566065 5.8735204
28.756458 58.404594 2.2876596
37.146885 95.17418 6.840484
38.21094 99.179535 5.9160805
84.92967 97.162766 4.1772647
79.79234 73.85057 1.7132385
83.60157 45.99693 5.1600895
43.718685 79.424904 2.5549362
94.793396 94.66414 6.1252494
22.295624 4.060793 6.8634434
10.025597 5.812937 3.0318885
65.38877 63.60393 3.3524141
26.31402 97.92866 3.4674983
0.77837706 57.796562 0.2995141
63.058693 6.2044144 5.3816752
33.286495 67.81075 2.9602022
12.75155 33.83824 3.0829206
18.97638 88.33204 1.5451944
35.682983 63.486397 1.8085803
28.59381 11.694527 4.607401
99.21356 72.31185 4.798502
82.39178 65.81995 2.551433
13.459719 12.423086 4.3139977
17.524075 19.959719 4.033926
99.603386 56.034904 4.1729383
68.19109 3.7273288 0.19019961
14.390487 35.961533 6.7107477
5.850238 25.23722 4.5161667
28.961628 41.11485 3.686598
72.35758 97.89479 1.9680783
16.921705 43.400692 1.6999037
58.06275 58.30308 3.732641
88.7782 80.51586 3.861785
72.80986 5.43561 6.1478333
58.589275 82.568535 6.8951864
82.39145 31.758617 4.1958647
49.037384 91.44948 0.71973985
94.33032 44.26121 6.8901796
50.28378 16.471672 3.3898034
19.40953 86.58146 3.0941234
52.9047 62.561832 3.330628
40.91407 82.982506 3.6042352
39.375336 89.88959 6.129176
67.473694 23.99202 1.5641563
9.18408 8.11063 2.712511
15.055836 89.220795 4.977235
81.17825 37.075775 4.5968127
42.314075 70.37518 4.7769966
48.518986 0.4005432 5.433294
5.229598 34.32897 6.273882
40.603096 85.854256 3.0019624
64.832054 64.008026 6.841507
14.768696 74.26765 6.929667
43.263084 9.974885 1.9131997
53.420322 35.904198 3.529551
44.439793 38.467224 2.1937208
79.48785 18.781233 1.0086838
5.532259 91.21247 2.5839727
74.36414 87.03581 3.6688194
23.619032 49.155212 1.0784571
89.83585 51.663315 2.4859056
16.154491 99.238174 0.6150675
33.295284 66.09447 0.46121925
51.009403 22.66255 2.3792038
46.844685 15.996909 3.4497576
5.0
95.5 0.0
62.0 100.0
100.0
170.0
506.03015
200
95.5 0.0
92.66971 0.5933995
89.501236 1.2478232
85.65642 2.0242968
80.71567 1.3118186
75.7749 0.5993402
72.56294 3.0309916
72.56294 3.0309916
71.548416 3.2140656
71.548416 3.2140656
69.295975 4.083122
69.295975 4.0831213
66.785866 4.690214
66.78586 4.690213
66.7993 5.6803293
66.799286 5.680331
64.00378 7.0953703
60.006676 10.064855
56.227943 12.239432
52.44921 14.414009
49.63185 17.806072
49.631836 17.80608
49.631836 17.80608
49.631836 17.806082
49.631855 17.806065
49.63184 17.806065
49.631893 17.806065
49.631886 17.806065
49.63186 17.80607
49.63185 17.80607
49.631866 17.80608
49.631866 17.806076
49.631886 17.806072
48.36449 17.691164
49.583637 17.47865
49.87039 17.502619
49.582954 17.634705
49.620106 17.638634
49.620102 17.638636
49.6208 17.482567
49.907555 17.506538
49.57773 17.509491
49.57774 17.509499
49.662155 17.574303
49.84223 17.506771
49.84223 17.506758
49.58398 17.389528
49.478027 17.432152
49.88726 17.53218
49.550743 17.616869
49.472572 17.432102
49.472557 17.432125
49.472557 17.43211
49.472576 17.432102
49.472553 17.432121
49.47254 17.432127
49.88177 17.53215
49.77628 17.62923
49.737106 17.549492
49.461346 17.440987
49.821495 17.61429
49.821476 17.614285
49.82149 17.61428
49.61063 17.738974
49.610588 17.73898
49.459595 17.374762
49.544403 17.367544
49.544395 17.367548
49.544407 17.367552
49.544407 17.367537
49.57867 17.375172
49.87217 17.599464
49.66132 17.724146
49.465122 17.374876
49.549942 17.367634
49.576443 17.612856
49.673798 17.445732
49.67383 17.445717
49.448135 17.337296
49.442715 17.33725
49.828793 17.46805
49.648376 17.408545
49.648376 17.408537
49.76829 17.43241
49.771496 17.79731
49.60959 17.374294
49.609592 17.374304
49.60958 17.374304
49.47212 17.351242
49.472115 17.351233
49.70876 17.444063
49.693764 17.649433
49.66797 17.500998
49.752434 17.475998
49.692513 17.600769
49.692505 17.600769
50.174488 17.774807
49.594006 17.548315
49.683216 17.494938
49.61319 17.491966
49.61316 17.491966
49.9087 17.538258
49.846794 17.528019
49.84678 17.528038
49.868633 17.616547
49.795673 17.443354
49.795673 17.443365
49.730328 17.502407
49.665 17.561457
49.664974 17.561455
49.66498 17.56145
49.664967 17.561472
49.799534 17.526203
49.755848 17.449448
49.44431 17.31306
48.82005 17.516956
49.788853 17.737926
49.781193 17.7363
49.781162 17.73632
49.788815 17.737915
49.51179 17.38676
49.554916 17.52898
49.55495 17.528996
49.61018 17.442715
49.617798 17.444298
49.68845 17.486855
49.818066 17.608706
49.818047 17.608717
49.476204 17.434511
49.476192 17.434494
49.54684 17.47708
49.5545 17.478643
49.69195 17.541662
49.581287 17.588524
49.68124 17.498943
49.877026 17.524609
49.791378 17.479338
49.61725 17.579264
49.531536 17.53403
49.531563 17.53403
49.80772 17.533752
49.006615 17.477867
49.752228 17.708944
49.873062 17.612024
49.873066 17.612017
49.69878 17.67708
49.59966 17.668293
49.645325 17.645233
49.59967 17.668291
49.59968 17.66829
49.820065 17.589348
49.865707 17.566294
49.865704 17.56629
49.617085 17.579485
49.51804 17.570692
49.6172 17.579468
49.61913 17.565128
49.619167 17.565166
49.61912 17.565144
49.619118 17.565144
49.66476 17.542084
49.664764 17.542091
49.71042 17.519049
49.608963 17.512844
49.608963 17.512836
49.60898 17.512838
49.756096 17.496029
49.68351 17.866016
49.734085 16.216824
50.01169 19.061897
50.804474 23.582157
51.59726 28.102415
52.390045 32.622673
52.745636 35.12215
53.02324 37.967224
53.359917 42.67944
54.010384 47.569584
54.66085 52.459705
55.311317 57.34986
55.690987 60.82263
55.61727 60.74881
55.61727 60.74881
55.617268 60.74881
55.690987 60.82263
55.690987 60.82263
55.717003 61.800278
54.691277 65.30925
54.282646 70.31438
54.92576 72.78818
55.56887 75.26198
56.211983 77.73578
56.855095 80.20958
57.498207 82.68338
58.14132 85.15718
58.78443 87.63098
59.427544 90.10478
60.070656 92.57858
60.71377 95.05239
61.356888 97.5262
62.0 100.0
