10
87.48604256640039 87.06627224097183 2.232064536679112
10.83095473137978 72.27454545368218 1.2960241503924004
66.20396092772636 12.268591139712473 14.067418148856873
71.44673664070146 95.03489508457962 13.821028232745057
43.80942297543019 90.3475279391847 19.369544169253736
14.389832288859196 74.31080133988901 15.533963753058531
7.590579697700948 94.40408229650949 6.7744530460555215
35.873758062871964 61.99033383417639 14.961892792923482
78.94754231102799 92.92220341969033 3.529639680392237
46.947114640058075 95.01826217809983 5.680879553545493
20.0 0.0
69.0 100.0