10
24.21163392443899 3.5894867610456394 16.94944035054464
69.88425124171391 52.38898972854925 14.526512015381114
34.92390249197123 75.33128524972784 8.690464759859049
42.629519632628 82.80240412103873 10.639295617751685
42.415422474730164 14.342645458972218 5.666771770429689
65.21162346632883 47.67976401245834 9.496980373373741
74.96666403519426 98.43436016975483 8.780462177411279
24.186981596030627 23.70550914563839 19.47304616745222
50.10135661484899 66.84050563792425 0.05078223041620511
99.0781836505442 74.36891348318078 10.740480457427969
20.0 0.0
69.0 100.0