10
68.62707729083216 56.427872946809245 12.389953744236692
66.67596570639111 3.7301523057273642 2.9688101737756742
79.5005367594514 52.37205965547449 15.754014101989506
24.129678204348018 95.11984408386601 5.782678257123105
43.94505437567458 95.25596824568858 11.19613453937255
51.24218940949216 85.4112298619224 12.397539000709767
23.39967853814858 75.76673339483541 15.048196023149163
41.16677016530993 56.70655441827678 11.240947366552348
40.387949573742524 13.899109154760547 10.095227118084939
5.251275402197668 21.978093425918786 13.506666792636771
20.0 0.0
69.0 100.0