10
40.08086359414177 59.55427461951165 13.206259259753221
77.58469527439622 32.392964280121845 11.686762246149438
37.79171003252682 12.63717151384251 12.972376747017558
55.11123931554728 85.82315994300997 15.216156385054724
49.90229403288907 37.753194093954065 12.668028616236732
61.3918545759756 7.281701180537212 12.312253397607602
17.045469725280647 70.92828603363937 4.026394825021273
5.287398940214208 35.900058362724785 5.782657363354564
40.102236964842255 35.13688338399582 2.3216484164338125
12.690308897519127 61.245064850086976 2.2023060011825772
20.0 0.0
69.0 100.0