10
33.21597572829538 56.878103363917724 17.709441826664857
70.47523376720072 83.21083582369968 12.5788956389894
21.17800067865477 58.257569494997625 14.368774896401275
22.308755125047085 70.8309543013008 12.7862549354316304
3.880145502118522 72.71001595718143 14.591992888373447
31.11212766539388 37.91403328540363 15.615851272584579
53.30567701345876 42.78856851690484 19.7720844652892
50.58526693016097 14.45941032142472 7.29484029816272
54.41130905469359 27.164009695775757 9.311748103857601
10.82336848637743 78.26086945087008 15.792980437699175
20.0 0.0
69.0 100.0
