10
14.125318685690486 42.39170011526812 3.115362969203204
46.338753671551714 25.593015355010976 14.173173779600697
37.907571765073605 60.7884961269474 18.44876012168948
66.45494121862052 63.25551556655745 16.564721040241718
92.0171761917922 22.266074120135357 8.619214848794686
18.976292713515733 27.44721219533713 2.5148042821380154
56.12072001641146 51.16944793312065 13.962072151385023
30.523367366015133 5.76071006336532 14.450668218131236
51.841984221772215 99.67154356243796 0.214356247230589
38.85871323703988 26.950657387085606 9.038287943644152
20.0 0.0
69.0 100.0