10
86.61702982145408 42.274291154363205 10.728752691309436
52.05018646007125 91.37888531561467 15.039017875139086
27.336172812515088 69.5779173142925 9.733014078774511
79.10611091103189 6.825357018675359 15.653934371529552
31.076547570273327 34.84669582851533 0.855877530034742
87.18510751418378 77.54921041090677 12.60611026197703
20.53907127083839 87.90714930623145 10.50888506589938
78.95713135583372 16.786072563280644 1.2849410136564698
53.993208635351465 16.93335872936024 18.3348271201875
98.40653673472283 21.922348798214063 16.135983358785495
20.0 0.0
69.0 100.0