10
46.64393205678856 80.81877073448864 12.949148785649712
6.690744123035114 10.885719391043217 17.649037011814237
49.870951075501125 96.15168586637334 16.58680239270417
3.6168773561055314 98.45960450389504 7.301795712801695
40.491965561294975 72.7373347747948 9.667747954058402
97.94859608863594 45.36319251397314 2.227066688422294
83.5884754560804 92.14548053225265 7.322526477425957
19.854721011910854 94.70741860467025 9.55725509675219
37.64385000833666 47.57289433527181 2.6181366257849654
0.2754125668790648 80.87380622919507 14.11881232993049
20.0 0.0
69.0 100.0