10
69.73335639872697 4.270585584178448 11.444528452885548
11.53177906272704 90.1538785262126 19.562050457049068
14.803712749468103 93.11861316705236 19.699433616698705
40.59704625577447 93.6905612511861 6.288607693265763
77.74997506626308 77.35490690780072 6.388901652678818
70.83720058017185 60.45337787023437 11.675869167105649
59.46540719097736 80.3722608562073 12.787737637780943
48.78842796999035 94.57674120112188 4.131182581512848
93.28290765087434 98.46320602325551 5.298419842349407
41.753961709761626 72.69782891395994 7.896357209900406
20.0 0.0
69.0 100.0