100.0 100.0
50
36.297634 48.501305 1.1941233
30.610182 18.231062 1.4209913
36.81132 45.9232 5.392928
57.385433 97.23805 0.3281533
21.650703 93.63026 1.3357053
90.40207 18.763662 3.1088777
71.96198 13.827041 4.870063
76.02111 98.16978 3.9571579
18.060936 20.691093 5.816024
54.745937 58.034466 4.590386
47.516228 7.7858887 2.0225792
45.99329 26.411888 1.8173748
41.062546 82.394005 6.8380685
9.387068 12.8228245 3.8121653
84.68788 27.553165 5.5769296
57.227177 2.117653 3.3066876
40.21697 58.985268 4.565635
68.100845 63.99654 3.3467832
17.759817 26.933674 4.7496753
3.726694 9.15553 3.4271507
67.829185 67.328354 0.8059376
75.387314 40.79654 5.088604
21.060894 2.2477114 3.750923
39.310852 54.290794 2.41014
90.05325 94.33956 3.4181027
68.85354 11.45039 4.762673
70.832924 60.020935 4.2752123
42.164894 36.99026 2.185131
75.451454 77.50067 0.9016356
23.491917 34.602634 2.927399
3.9066103 61.173943 2.2068758
4.0115767 98.650215 1.9927449
34.682137 82.77829 6.50794
26.508627 44.67833 4.1611323
22.744846 98.990814 1.0156472
92.17905 26.220253 6.5899725
63.38484 35.131348 5.2525682
12.213251 28.530792 6.3837976
19.434513 86.513596 2.5119882
47.899727 15.379122 3.6606295
45.274246 38.64011 2.0198045
46.463436 30.128414 5.766832
44.66886 57.81557 1.3804888
45.292717 51.340317 4.91171
77.853874 6.3496103 6.1939073
66.8117 56.06312 3.6201904
10.483567 20.50261 1.4648304
96.08784 96.26851 0.9190422
26.31438 40.09889 0.8378427
57.446983 47.90888 2.6596026
5.0
20.0 0.0
69.0 100.0
100.0
50.0
261.30655
200
20.0 0.0
19.890602 0.18934679
20.292683 3.4005184
20.262695 5.1645784
20.262701 5.164578
19.998808 5.5135207
18.731567 10.354671
17.629673 15.200081
15.012054 18.945385
15.773363 23.326054
15.359182 25.569744
15.429405 24.677757
16.021856 25.877653
14.374208 23.87669
14.853476 23.368176
14.754862 23.325941
15.090313 24.596214
15.220644 25.439358
15.220644 25.439362
15.220648 25.43936
14.417589 25.063429
15.003149 23.67892
15.883722 25.849258
14.236067 23.848299
16.268658 24.143618
15.146584 24.225718
15.841532 23.624073
15.810987 23.770283
15.810982 23.770279
15.395754 25.155064
17.063902 26.350641
17.995625 25.86258
16.051266 25.622171
17.34559 25.369776
15.504517 23.71532
16.124197 23.744368
15.916916 25.022768
16.238037 24.905577
17.868494 25.883947
17.868494 25.88395
15.924135 25.643536
16.35106 25.443731
16.351059 25.443731
16.01758 25.432343
14.857035 25.40003
16.123114 25.871916
17.305597 24.916523
16.901821 26.330364
15.527624 25.493822
17.168709 24.784647
16.83522 24.773273
17.155727 24.914335
15.734837 25.963987
16.661745 24.420254
16.53833 24.387678
15.151049 24.764816
15.151064 24.764826
14.345501 25.047945
15.408979 25.124908
15.135658 24.76543
16.703627 24.637117
15.365908 24.67042
15.805096 24.016571
15.184053 24.649935
13.753456 24.473333
14.010326 24.150723
14.619715 25.343323
15.429493 24.013391
15.899 24.035004
16.771944 25.744293
14.6011715 25.283033
15.344059 25.321474
16.016762 25.291138
14.1165905 24.906107
15.603462 25.386875
17.342642 24.954792
14.636868 24.617496
15.952553 24.024202
14.549107 23.976076
14.856865 25.448738
14.856865 25.448727
17.090302 24.48652
14.384527 24.149231
15.997543 24.840672
16.15324 24.036077
14.810043 24.05914
16.321686 25.500477
16.601423 25.467442
17.672125 25.395966
14.966349 25.058672
16.278667 25.264116
17.109657 24.89514
17.847454 25.91919
16.998434 25.86587
16.159824 24.58349
16.416698 24.260876
15.842722 24.73997
13.829996 24.409382
13.829996 24.409386
14.598631 24.544977
15.977194 25.25674
15.953466 25.695816
15.953476 25.69583
16.886543 25.716667
17.93361 25.95672
17.953148 26.151009
16.616955 24.416752
17.264181 25.167181
16.415169 25.113857
15.566147 25.06053
16.031822 25.314095
14.001251 24.649025
14.626177 24.575583
14.626177 24.575583
16.397268 23.923838
15.035097 24.105017
16.025288 23.846064
15.452602 24.25806
16.668816 24.385696
16.805956 26.339014
16.80596 26.33902
16.858671 24.643856
16.929163 26.093826
16.662975 24.741549
14.290377 23.842985
16.325577 24.108923
16.325535 24.108894
16.183262 25.882431
16.205444 24.190126
17.381723 25.58259
15.711639 25.29666
14.458742 24.992985
16.803019 25.751167
16.094927 25.315645
16.136963 24.865805
14.575539 24.219921
16.016068 23.87677
16.3583 23.94045
16.886595 25.785885
16.711481 25.721493
15.258957 25.32941
16.24276 25.116787
16.479937 25.013002
16.491266 25.20711
14.658688 24.531328
14.054028 24.308424
15.911064 24.600157
16.094067 24.872904
17.329084 25.998297
17.329086 25.998308
15.047459 25.3752
15.361973 25.268986
15.912909 24.519867
16.505455 24.334745
15.335014 25.251268
16.318817 25.038637
16.318819 25.03864
14.266972 24.386057
15.345173 23.796993
16.802845 25.831135
15.439203 24.235022
16.896877 26.269167
15.066044 24.736717
16.447605 24.37521
16.447617 24.37521
17.381516 25.64531
17.211103 25.915604
18.371584 28.268501
16.705393 31.532852
20.869864 33.30269
23.40874 36.81826
26.549923 40.74009
30.210835 43.946785
32.900894 45.861176
36.56179 49.06787
36.908035 49.458282
40.59146 52.611317
36.908035 49.458286
40.59146 52.611298
40.591476 52.611282
39.389755 54.682945
39.38976 54.682957
39.38976 54.68296
40.75806 56.09166
44.206642 58.691338
44.20664 58.691322
44.343353 60.70993
44.197372 64.90178
45.298416 69.80165
44.460846 74.33937
44.308945 78.82971
45.451706 81.140305
47.7321 83.58443
50.012497 86.02853
54.440475 88.28607
58.868454 90.543625
61.14885 92.98776
62.29161 95.29832
66.719604 97.55583
69.0 100.0
