100.0 100.0
50
75.59779 53.282265 5.592759
59.07523 11.2317095 5.628702
45.003624 29.73053 4.7037764
13.086105 43.48385 4.298378
44.483604 28.591255 0.048077695
4.0192704 26.869936 5.3314114
33.16175 36.635117 1.3657057
63.301525 50.84367 2.8053021
72.71986 69.01556 4.0653944
8.882112 42.204212 2.9486423
48.87942 72.658035 4.2337127
85.87315 5.591071 0.7889717
52.609768 91.24417 0.62953925
27.22042 5.508478 1.4354403
82.291725 24.369295 4.811022
85.0326 62.494392 6.2961287
51.615402 89.77104 6.1399093
5.1314125 24.333353 2.6377554
7.788146 80.56838 3.890675
64.32319 38.43974 6.011259
23.363192 6.655585 5.3275514
31.664932 44.215103 2.02878
80.43505 72.396286 0.90498173
46.658596 10.810268 2.9995644
2.4020028 31.8942 3.7165902
35.704456 1.4481323 1.7509073
39.898537 0.5051605 5.7197857
45.410576 90.18065 5.5264034
2.3154588 29.1052 0.74538803
12.026531 42.82665 1.6180681
31.534428 96.351395 3.1624324
29.52405 45.615543 2.763399
83.989555 67.2742 2.1806226
2.3793504 26.238173 4.697944
94.26203 19.744696 1.3981346
30.445581 0.7442312 3.8712432
59.004463 77.18097 0.8219986
91.874916 64.66634 1.9253007
61.528996 56.909157 5.538182
94.17251 25.191555 4.6216097
60.240784 49.180065 4.80913
76.325066 42.815376 2.979439
94.12947 17.910069 0.4042044
17.051678 91.07382 2.9137259
10.491822 23.538172 2.7233875
91.257286 4.8762155 5.176676
14.147714 69.870384 5.1552444
76.59956 4.3297086 5.611592
77.67055 89.04599 6.509998
82.68783 85.22852 3.1220527
5.0
20.0 0.0
69.0 100.0
100.0
50.0
327.63818
200
20.0 0.0
21.67166 1.6800375
20.083803 3.939702
20.083803 3.939701
19.975193 5.258522
19.975195 5.2585216
18.29208 8.173613
18.29208 8.173613
15.615923 11.494474
13.917007 13.876844
11.222767 17.942259
8.802172 21.768497
4.0888824 23.336388
3.3672051 24.780258
1.6377149 29.047852
1.6377153 29.047852
1.6377158 29.047853
1.5972533 29.12243
1.8467658 28.74059
1.9094844 29.218224
1.9599857 29.214457
2.2214174 29.536722
2.936913 29.165625
2.305518 29.214933
1.8083308 29.02249
1.8083308 29.022486
1.767868 29.09706
1.7811575 29.358469
2.5056372 29.443762
2.077592 29.110804
2.077592 29.110807
2.0334916 29.26642
2.145602 29.666622
2.1897044 29.51099
2.2338066 29.355371
2.0795498 28.984793
1.8562908 29.076477
1.856291 29.076466
2.2619941 28.479801
2.389218 28.714493
2.316594 28.674448
3.0333717 29.122248
2.28139 28.67732
2.219777 29.005835
2.2307882 28.795555
2.4925075 29.340971
1.613307 28.952831
2.6672547 28.579012
1.9331892 28.705872
2.5822906 29.203867
2.2408938 29.31861
2.027741 29.621645
2.4878743 29.494738
2.695882 29.196854
2.4994037 29.016956
2.3029253 28.837057
2.3029249 28.837044
2.1242416 29.18121
2.4175615 29.161272
2.3682184 29.185413
1.6861835 28.920286
3.0036259 29.267765
2.6273892 29.329193
1.6075785 29.27346
2.228659 29.521418
2.1793153 29.545551
2.6820154 28.854832
2.268849 29.819246
2.073535 28.679066
2.073536 28.679054
1.6972995 28.740496
1.6973 28.740501
2.9568934 28.79646
2.7478676 29.571766
1.6799021 28.743902
2.9394956 28.799875
1.9988008 28.86198
1.6668911 28.745697
2.0986166 28.778814
2.7000332 28.694742
2.7000344 28.694733
2.44792 28.891693
1.8653476 29.04436
2.998948 28.829096
1.8028188 28.89224
2.394287 29.176718
2.6474724 28.911041
1.8413014 28.859337
2.6162872 28.6495
1.6340919 28.861912
2.6443868 28.66549
2.2214692 28.65813
1.8682268 29.56667
1.8682268 29.566692
1.8682258 29.5667
2.7115626 28.626877
1.7072663 29.10513
2.5053406 29.48992
2.0824232 29.482563
2.2212954 29.410156
2.8866117 28.881502
1.8823164 29.359755
2.135456 29.607462
2.2584634 28.809532
2.2680209 28.797974
2.13816 29.382774
2.3059988 29.123726
2.2151136 29.245497
1.9693823 28.850382
2.1372216 28.591335
2.8375533 28.945307
1.6172953 29.095697
2.5476618 29.046953
1.9926839 29.761072
2.7196076 28.765203
2.0854428 29.763393
2.505768 29.742733
1.9319651 29.138485
2.6842086 29.20073
2.9040544 29.076468
1.888341 29.315428
1.9976826 28.474854
2.3174763 28.768198
1.7531066 29.539
2.5675573 29.472567
2.177425 28.911722
2.3972707 28.787441
2.6529126 29.20313
2.779468 28.704021
2.1687183 28.540722
2.6967468 29.328617
2.1583357 28.93813
1.9814763 29.60564
1.988419 28.940372
2.7696476 28.665863
2.3905334 29.393143
2.5294046 29.320732
1.8655164 29.266716
1.8655169 29.266716
2.041004 29.744242
2.4698446 29.498083
2.0799818 29.602703
2.1371546 29.615105
2.3973947 29.649416
1.8609943 29.194016
2.7213173 29.313393
2.7213182 29.313389
2.7213154 29.313412
1.7151346 29.173706
1.9753747 29.208042
2.1198502 28.925953
2.2876892 28.666904
2.6936688 29.594992
2.0061321 29.578375
2.244843 29.60559
1.8354149 28.864817
2.095655 28.899137
2.6241508 29.01936
2.9159055 29.155144
3.6667657 29.44491
5.2542753 31.886322
6.724429 36.035606
9.043262 39.916107
10.630773 42.35752
10.6307745 42.35752
10.630774 42.357525
11.486959 43.35984
11.486959 43.35985
11.486959 43.35984
11.486959 43.35985
11.486959 43.359844
11.486959 43.359848
13.175865 43.655228
14.898445 46.673576
17.567387 50.006798
19.435114 51.93634
23.99951 53.91712
28.56392 55.89788
29.973911 58.072037
34.538322 60.05282
34.34109 64.349075
37.010017 67.6823
41.57442 69.663086
46.138824 71.64386
46.84516 75.50952
46.80685 79.97751
46.221764 84.89267
46.629826 87.55289
46.62981 87.55289
48.88271 88.70532
48.882706 88.70534
48.980003 88.510666
49.150322 88.45822
49.150326 88.45823
50.560333 90.63237
52.91046 91.5901
56.859253 91.73958
60.64743 94.87942
65.21182 96.86017
69.0 100.0
