100.0 100.0
50
80.63793 86.726715 6.2664704
74.37211 89.95934 6.3360496
47.11079 90.27178 2.211557
89.16099 50.989136 6.4096956
96.09448 4.1481476 1.5384711
98.04568 39.22938 3.9729443
59.727863 64.202965 5.4300885
27.085653 22.137802 0.93790126
97.95269 24.986298 3.6329126
33.116222 31.854353 6.008644
0.2944008 22.551558 5.931124
88.89876 72.580376 2.5838082
38.65693 41.114838 5.367943
66.31883 54.283875 4.3386006
20.591122 31.813618 4.257753
4.1949873 70.33471 5.3291683
47.368336 35.630928 0.36042875
43.352394 33.40551 4.0450125
92.43327 10.734005 1.3896296
4.8115535 64.460785 2.935682
80.84519 22.76267 6.2552953
10.821219 83.79469 0.9233027
48.750275 87.565735 3.6659539
73.01292 65.24006 0.35747033
5.6782765 51.095455 3.8322928
23.499971 13.346283 4.1713586
57.89161 97.02014 6.9057846
23.341627 26.069607 1.7905886
52.912724 90.5492 4.241643
54.683018 31.229176 3.4146364
80.65679 67.19265 3.6217866
40.66558 50.128925 1.9809867
93.33717 71.42908 0.5997585
51.65356 51.161392 3.7649531
19.757803 49.958866 6.539827
98.30301 74.13951 1.2109711
41.548992 44.47702 2.7336626
72.708176 86.64003 1.3799282
74.189705 18.959347 3.6778307
57.685963 52.35222 4.7129908
2.4908104 60.870213 4.7332296
55.79696 18.831059 1.3132197
32.342495 3.1621704 6.7773705
25.998718 6.8430886 1.9357873
18.445265 65.82459 5.5298715
63.740166 26.696526 1.9605744
86.05613 90.64594 4.960674
60.84761 68.99593 2.3821661
8.433798 58.97216 5.235445
45.414246 45.744682 4.3291245
5.0
20.0 0.0
69.0 100.0
100.0
50.0
236.18091
200
20.0 0.0
22.828444 1.1561922
26.017063 4.9843545
26.017063 4.9843545
26.017063 4.9843545
26.706837 6.007109
27.242004 6.576383
27.330122 6.586635
26.479803 6.46529
26.695309 5.584611
26.783436 5.594862
27.257887 5.632678
26.625044 5.6557436
26.625048 5.6557436
27.009169 6.437704
26.726692 6.4543867
26.506742 5.913274
26.890867 6.6952343
24.217241 10.484499
25.277967 13.13538
25.77785 16.309582
26.277742 19.48378
27.953613 21.788378
29.014322 24.439262
30.6902 26.743862
32.36607 29.048462
34.04194 31.35306
35.71781 33.657658
37.39368 35.962257
37.39368 35.962257
40.01652 39.42282
42.818363 43.452103
42.818348 43.45208
43.428577 43.334877
43.27112 43.399593
43.20514 43.901314
43.081528 43.629436
41.938877 44.112926
42.822792 43.754692
42.31863 44.551422
42.388832 44.65298
42.438595 44.744556
42.513577 44.84025
41.41187 44.121082
41.520924 43.993507
41.87433 44.450405
41.515766 44.47627
41.515785 44.47628
41.90992 44.855465
42.10206 43.404003
41.340702 45.22782
43.287014 42.44764
43.401104 42.707966
43.08581 43.971516
42.412384 43.20928
43.233284 43.57141
43.14595 43.19877
42.70821 43.1064
42.93512 43.190964
42.971935 43.195194
42.08599 44.340107
43.509617 42.71264
43.352173 42.77738
43.326595 42.92354
42.90304 42.93359
41.89408 43.389633
42.192917 44.155144
43.23837 43.7245
41.730648 44.41101
41.97533 44.472538
42.40406 42.772957
43.076763 42.373013
42.039608 44.169388
43.109512 43.90398
43.171627 42.92964
43.015965 42.940445
43.287838 42.860275
42.94829 43.30247
43.37209 43.44827
42.76767 43.09431
43.19144 43.240135
41.866875 44.38898
41.52013 45.059917
42.03084 44.473656
43.039677 44.04479
41.874573 43.86414
41.71894 43.874958
41.429245 44.32048
42.524975 43.912308
41.993416 43.433315
41.9934 43.433342
41.99341 43.43334
41.993412 43.43334
43.002216 43.004498
43.274097 42.92432
42.400402 44.447
42.40437 43.76507
42.676212 43.68488
41.918484 43.464764
42.934814 43.439617
42.96932 43.651302
43.241936 43.632267
42.007843 43.344383
41.854626 43.38636
42.12726 43.36734
42.94672 43.302536
42.82558 43.1591
42.860676 43.608013
41.81349 43.538883
42.886906 42.889
42.884514 42.89091
42.78964 42.818043
42.974155 44.082466
42.7819 44.047108
42.024857 43.686584
41.497616 44.35777
43.02836 44.112747
42.00899 44.463135
41.81671 44.427788
42.244194 44.237617
43.312687 43.731857
41.733208 43.49697
43.21043 43.605392
43.208035 43.6073
43.282825 43.033264
43.669235 42.99259
42.80658 42.41056
42.9535 42.954582
43.381687 43.00249
42.467506 42.893448
43.266945 42.886814
41.768127 44.327213
42.567566 44.320587
42.567543 44.320564
41.273045 44.58684
42.214497 45.019604
43.824783 45.57971
46.29782 47.41928
48.770855 49.25885
51.24389 51.09842
53.643417 52.79424
53.643417 52.79424
54.047882 53.633533
55.99577 55.260292
58.190605 59.4819
59.34956 64.333855
60.736553 67.71271
59.92871 66.86998
59.92871 66.86995
59.407356 69.45136
59.798683 69.50683
61.94612 68.71416
61.424767 71.29558
63.257393 75.781845
65.09002 80.26811
69.29386 82.73692
72.722305 85.49259
72.722305 85.49258
77.105 87.6852
74.86205 88.30039
74.86204 88.30038
76.178154 87.368034
76.445335 86.74294
78.13714 86.451836
78.25843 86.46151
76.191734 85.72503
78.20917 87.5692
78.75576 87.80351
78.75574 87.803505
77.85965 87.71377
79.19116 87.487206
80.405334 89.78486
80.40534 89.78488
80.0347 89.78671
80.689674 89.68779
80.68968 89.687805
78.82224 89.49495
77.97322 87.33472
78.415215 87.27538
76.00644 86.96349
75.26058 87.71663
77.318695 86.72432
76.76686 85.31315
74.49089 85.77634
73.74502 86.52946
76.820076 88.33082
77.26208 88.27142
78.71238 88.93372
78.71237 88.93372
78.15526 86.02111
78.15526 86.02111
78.15526 86.02112
77.91817 85.844696
76.44523 87.37454
79.52024 89.1759
78.57386 89.11958
76.7427 90.83437
73.08042 94.26391
69.41812 97.69342
69.0 100.0
