100.0 100.0
50
20.737057 88.90293 5.4293604
22.612928 28.749943 0.8948453
90.47555 2.2552927 0.5690152
18.323685 50.440647 6.3243213
26.182188 86.158424 6.6214304
66.72278 14.88622 6.985727
45.025505 42.161194 3.0765
43.341267 48.66114 0.31045178
47.31448 61.522484 3.6234152
98.66228 39.20374 5.712803
44.900085 14.652102 1.130561
24.983593 66.87238 3.9529722
62.47502 73.704254 4.23758
32.983147 76.42764 6.7753673
27.851995 3.7360144 0.8062312
14.83145 51.529366 3.5526037
34.054688 3.5496852 1.5440528
46.53575 45.015953 0.594651
83.819496 48.93252 0.7454926
43.656273 53.037292 5.0787206
98.00916 86.86334 4.1131
34.856216 0.6747135 3.426651
92.25358 18.120155 6.742086
1.2668021 65.65934 3.1277335
60.59292 26.180117 6.567775
57.671394 14.300653 1.592496
64.85543 80.774895 5.701725
65.43289 81.631874 6.447567
31.855492 58.144802 3.8681445
61.96688 23.532547 4.351238
89.99631 22.437803 6.280987
16.435247 88.89802 3.2846859
99.2887 40.01751 4.7472773
31.802092 0.843975 4.463325
11.684641 9.718972 5.4007616
22.575405 99.348595 6.8193407
13.579597 53.20333 3.3677688
42.274628 29.428843 5.786223
37.190186 47.35047 4.777513
12.737849 70.179504 5.2850666
56.92286 39.96277 6.002474
37.2384 82.40106 6.7724867
88.64679 65.481636 2.4233618
48.650673 70.29686 2.243527
27.255136 15.029139 5.031436
64.524635 22.450373 2.7990775
51.33735 2.5087965 5.305494
12.24651 79.6263 4.0823936
63.086548 60.503407 0.8366996
27.162746 56.732746 5.2168183
5.0
20.0 0.0
69.0 100.0
100.0
50.0
333.66833
200
20.0 0.0
23.865164 1.7121549
28.025747 3.093802
32.711334 2.1972723
33.85157 2.9277053
34.463753 3.0563345
34.582787 4.0346727
34.582787 4.0346737
34.830864 3.5431051
33.956154 2.7540543
33.99157 2.7722857
34.13378 2.8206222
35.07326 2.7063994
35.149075 2.6919487
34.18721 3.525603
34.187195 3.5256033
34.109306 3.5124035
34.031414 3.499204
34.031403 3.4992046
34.031418 3.4992058
34.370434 3.475682
36.233177 3.7609434
40.879803 5.3386993
45.5264 6.9164553
49.09625 10.188591
52.8695 11.829702
56.64276 13.470812
60.2126 16.742943
63.42914 20.418652
63.42914 20.418652
64.90169 21.27007
62.97708 20.757986
62.977066 20.757982
64.068184 21.093939
64.272514 21.054638
64.27252 21.054642
64.83197 21.447477
64.83197 21.447472
64.587395 21.377256
64.3728 20.34032
63.28708 20.271917
63.01278 20.340174
62.975883 20.341341
62.975906 20.34134
63.98764 21.068995
63.76544 20.690945
63.600784 20.692934
63.175865 20.769588
62.746956 20.45685
63.28817 20.515404
62.809204 20.400099
62.81179 20.399595
63.3711 20.689838
63.6454 20.621582
63.919662 20.553318
63.24945 20.504705
63.812935 20.503325
63.341278 20.580566
64.05624 20.650816
63.057785 20.336164
64.995346 21.425846
64.30446 21.048214
62.769875 20.586128
64.03276 21.115955
64.30704 21.047709
62.772446 20.585625
64.68248 21.34597
65.10447 21.524073
65.10448 21.524061
63.404785 20.884422
64.48603 21.047302
64.48603 21.047295
65.15498 21.613548
64.726036 21.300821
64.29063 21.06089
64.564926 20.992641
63.99726 20.73269
63.725525 20.692047
64.14748 20.870167
63.7359 20.761374
63.745934 20.759089
63.481285 20.516184
63.153427 20.501448
64.14456 21.220667
64.14456 21.220676
64.41766 21.22025
64.49062 21.192167
63.62712 21.0761
64.48615 21.291237
64.48616 21.291239
64.48617 21.291237
62.60247 20.498304
63.559654 20.774475
64.81148 21.333794
65.04781 21.485495
64.24525 21.28036
63.58589 20.971884
63.39435 20.883484
64.38819 20.889416
63.65281 21.114046
64.28221 20.781181
63.5468 21.005814
63.546776 21.005825
64.54842 21.354485
63.705315 20.661629
63.70529 20.661634
63.61315 20.67008
64.68902 21.296696
64.442764 21.452448
63.433258 20.443884
64.37833 21.340252
64.830025 21.321438
64.83 21.321445
65.31121 21.69783
65.31118 21.697823
64.50858 21.492691
64.06762 20.78335
62.84247 20.634035
62.842453 20.63402
62.757484 20.624537
64.282 21.172642
63.71875 20.802402
63.452644 20.980854
64.07697 20.615465
64.07699 20.615467
63.810867 20.793941
63.544754 20.972425
64.188324 20.787683
64.33445 21.174997
63.72802 20.730427
63.16478 20.360188
62.792015 20.526096
63.671814 20.438955
62.772484 20.496578
64.6361 21.125727
63.428688 20.945787
63.641533 20.889383
64.25236 20.926376
63.044952 20.746435
63.821243 20.886766
63.41433 20.72986
63.825745 21.146452
63.82569 21.146448
63.53807 20.866943
63.016655 20.757462
63.016655 20.75747
63.677658 20.616795
63.67769 20.616777
63.270744 20.459892
63.270744 20.4599
62.8638 20.303017
62.863792 20.303022
63.85202 21.076614
63.454903 20.697674
64.718834 21.119593
63.77147 20.637299
62.671875 20.554989
63.394302 20.308348
64.02219 20.958809
65.083374 21.595566
63.343086 20.504145
64.40428 21.140903
64.45091 21.174274
63.210022 20.265766
63.195442 20.535313
63.195457 20.535336
65.25529 21.648525
65.255295 21.648502
65.48186 24.794899
61.590164 27.070496
61.81675 30.216892
59.52853 34.58834
59.967834 37.18919
60.407143 39.79004
60.846447 42.39089
61.28575 44.991737
61.72506 47.59259
62.164368 50.193447
62.603676 52.794304
62.892807 55.366226
63.332115 57.96708
63.771423 60.567936
62.5457 65.36386
61.77233 70.2473
62.83323 72.96781
63.894127 75.688324
63.894127 75.688324
64.15278 75.73834
64.15276 75.73834
64.15275 75.73835
64.152725 75.73834
64.15271 75.73835
64.15273 75.73838
64.152756 75.73836
65.564865 76.43924
64.47371 80.88696
65.60527 85.66516
66.736855 90.44346
67.86844 95.221756
69.0 100.0
