100.0 100.0
50
53.31957 60.740658 6.292797
73.95335 95.207954 3.0273876
57.75752 82.8639 3.2704473
92.38815 60.8947 1.9061383
39.19149 28.173994 5.990191
99.02021 58.23135 1.5334982
74.510635 66.57487 5.2522125
4.753965 68.7021 4.9552116
16.757092 13.876118 6.8166094
43.24777 29.07443 4.3523746
29.598095 71.85738 4.3322124
41.338924 12.060051 4.9059916
67.2275 36.79725 1.9031162
42.298595 26.421146 1.4047858
88.88141 99.08094 4.580006
34.54531 88.67963 4.7005973
6.1044364 30.559395 6.230724
5.671701 76.66848 2.4111829
23.129484 8.9460335 2.1611881
88.88036 98.79523 6.6317863
23.045326 87.96353 0.14461173
96.057396 24.685514 0.996787
9.761364 10.142324 2.7801757
67.955505 11.324801 1.5595287
24.645987 30.797045 1.4854846
43.815605 30.031992 2.669623
4.478834 20.552513 5.212155
54.384426 55.742294 5.618419
38.94614 59.038574 3.2667453
45.651707 66.18101 1.8712618
49.658535 94.56885 5.061366
16.853779 32.126385 2.8001885
23.438747 89.66158 2.221682
50.843227 87.93596 5.2922764
72.95653 6.5264096 3.0895936
49.900787 4.3793206 0.7316917
63.820625 23.380396 3.2016635
72.505844 54.673286 3.767812
69.21469 18.901278 2.9174523
17.868998 69.00013 0.29041955
32.77686 61.251133 6.4972873
24.6648 37.07002 6.3203173
11.9177475 11.793105 1.3236939
64.98448 95.064705 2.4117074
14.629141 40.000366 6.492991
38.557354 16.894201 2.6215358
38.992767 93.03389 4.731872
94.43356 82.36785 1.0023692
27.597532 64.10081 2.3559215
0.07494467 84.31836 2.2076883
5.0
20.0 0.0
69.0 100.0
100.0
50.0
333.16583
200
20.0 0.0
20.858519 3.664942
21.717037 7.3298836
21.360094 9.616118
21.360094 9.616118
17.043804 10.378528
12.321255 10.721443
12.197369 11.242855
12.218613 11.17502
12.218617 11.175023
12.197366 11.242855
12.211995 11.189395
12.179803 11.282568
12.158555 11.3504
12.158558 11.350402
14.850117 12.7031355
17.541676 14.05587
20.233238 15.408604
22.924797 16.761337
27.264137 19.2913
31.514381 21.621296
35.85372 24.15126
40.26197 26.174063
42.953526 27.526796
43.024494 27.522848
43.0245 27.52284
42.873753 27.579931
42.85428 27.567835
42.945766 27.587477
42.89064 27.593586
42.938194 27.578447
43.06295 27.542536
42.839123 27.62516
42.847927 27.57595
42.902065 27.677141
42.683556 27.640488
42.75451 27.636536
43.037422 27.537405
42.982327 27.54352
42.98232 27.543512
42.70338 27.632263
42.63778 27.73518
42.83095 27.71332
42.830948 27.713324
42.52576 27.712107
42.866306 27.6913
42.80829 27.635334
42.808292 27.635326
42.841496 27.646496
42.841526 27.646492
42.84152 27.646502
42.89471 27.600824
42.89475 27.60083
43.068153 27.530136
42.88114 27.660229
42.90422 27.624382
42.904217 27.624386
42.9042 27.624374
42.794205 27.6119
43.16765 27.488585
43.167694 27.488577
43.16769 27.488585
43.173225 27.511818
43.173218 27.5118
43.024002 27.582287
42.823948 27.640186
42.836376 27.562923
42.83639 27.562908
42.83641 27.562933
42.80551 27.700815
42.518013 27.754635
42.824333 27.63182
42.824318 27.631786
42.824326 27.631794
43.130646 27.508982
43.01969 27.590118
42.804832 27.637115
42.80484 27.637123
42.80487 27.63713
42.590015 27.684124
42.590004 27.684132
42.731388 27.733349
42.731373 27.733349
42.731316 27.733362
42.610435 27.68205
42.6104 27.682032
42.610474 27.68203
42.61045 27.682032
42.61045 27.682032
42.61035 27.682055
42.61039 27.682056
42.610344 27.68206
42.84365 27.657639
42.843616 27.657633
42.926327 27.646704
42.926327 27.646698
42.773685 27.629013
42.773174 27.607208
42.84402 27.612953
43.011288 27.595985
42.68265 27.635185
42.792213 27.62669
42.778587 27.622341
42.778603 27.622326
42.874115 27.590199
42.344517 27.81508
42.846596 27.600178
42.970497 27.64835
42.5978 27.67162
43.222507 27.455372
42.68983 27.714603
42.689827 27.714607
42.612595 27.756235
42.685265 27.631311
42.86351 27.575634
42.863457 27.575642
42.647427 27.645895
43.000748 27.612633
43.00073 27.612629
42.927242 27.610542
42.794952 27.605236
42.794983 27.605238
43.077873 27.533499
42.926994 27.647396
42.927025 27.647398
42.927002 27.647396
42.926994 27.647379
42.68621 27.61785
42.998066 27.634693
42.89415 27.599184
42.894154 27.599184
43.072372 27.543499
43.037827 27.489899
43.04164 27.523712
42.74458 27.646915
42.913696 27.674122
42.977448 27.593945
42.903934 27.591862
42.9039 27.591858
42.771603 27.586575
42.77163 27.586578
42.771576 27.58657
42.713116 27.617584
43.083035 27.582901
42.966106 27.55894
42.835117 27.596024
42.820583 27.586151
42.756836 27.665003
42.920143 27.625986
42.62871 27.66766
42.838757 27.669685
42.71647 27.653543
42.74488 27.741869
42.744926 27.741863
42.78379 27.678558
42.947098 27.639538
42.87509 27.552269
42.74411 27.589338
42.772514 27.677675
42.772526 27.677673
42.772522 27.677677
42.935844 27.638641
42.99709 27.497492
43.05913 27.480387
43.0586 27.523552
43.058563 27.523567
42.928413 27.541977
42.918125 27.659203
42.74991 27.68415
43.03333 27.56289
43.033314 27.56289
42.90053 27.524925
43.942417 31.104275
44.859016 33.09699
45.655296 37.992504
48.58039 41.98578
49.191483 46.76426
52.116585 50.75757
52.370842 55.693413
52.370842 55.693382
52.370842 55.693398
52.33823 56.4963
53.317192 58.926777
54.296154 61.35726
54.29615 61.35726
54.29615 61.357307
54.21003 65.671646
55.36361 68.54004
54.15264 72.70722
57.785778 75.96205
58.322113 79.68655
59.593643 81.929565
60.48227 84.2357
61.753773 86.47872
63.02529 88.72174
64.29681 90.96477
65.18543 93.270935
66.45695 95.513954
67.728485 97.75697
69.0 100.0
