100.0 100.0
50
94.84829 19.701317 6.9370193
58.02609 14.634412 2.803677
76.43413 61.36542 1.177378
53.5839 48.76615 3.5621274
20.490253 77.106384 5.632625
43.63997 59.79488 6.866263
21.656643 47.088936 3.2987251
40.356564 34.887825 5.6658244
3.0841937 52.361794 4.7340865
73.00449 92.296104 2.3853748
23.019917 79.24134 2.7605727
54.36506 74.11874 2.4250555
92.23965 13.3630905 6.867525
45.413746 69.39713 3.730353
39.505795 13.815529 4.383947
13.500537 95.06049 4.1446476
30.640512 24.558588 0.15461425
90.13653 17.940317 3.7062593
42.9913 33.279633 4.975702
61.79693 42.45727 6.3155093
77.51411 74.984665 4.7086263
47.262653 6.66242 6.1032
58.917953 70.51458 1.386817
41.705128 47.85232 5.6229124
88.69669 7.218911 0.75457567
8.4261265 29.850826 1.560467
69.36298 78.44257 2.351571
48.8299 95.432686 2.6802905
48.1139 72.06554 2.5326445
24.7881 22.019918 3.4728591
78.259026 94.39421 4.569242
55.82251 33.01462 0.4560455
69.71972 82.46879 0.6982983
64.93335 23.473701 3.4993334
10.681238 46.346268 4.729051
39.130966 70.33163 2.0887706
30.292671 46.531075 4.7072406
27.330944 63.3928 6.605523
88.34866 58.101852 4.1547604
54.961388 82.9649 6.637365
6.187384 49.656654 4.157871
94.28928 83.012665 3.5920613
76.74336 75.50557 5.6422405
70.50647 49.110516 2.4360702
14.228663 84.70348 2.9505825
23.218836 4.6984224 3.4809914
2.4638565 80.63324 0.39411277
70.04726 71.32003 1.5356046
42.53477 41.699284 6.557587
95.83928 7.2517095 2.5944712
5.0
20.0 0.0
69.0 100.0
100.0
50.0
257.78894
200
20.0 0.0
21.733479 1.6493777
21.847244 2.1099055
22.088608 1.9183941
22.148516 2.1641073
23.101336 2.907835
24.324438 1.9209175
24.538248 2.0613103
24.727982 4.8761067
24.917717 7.6909046
25.10745 10.505701
24.187847 14.767942
23.268244 19.030184
25.537071 20.671255
25.797523 21.132498
28.066355 22.773573
30.530745 24.59274
32.658554 28.490866
37.04769 30.612976
39.31402 34.224766
41.805107 36.550365
41.80509 36.550373
43.36467 36.83462
43.36467 36.834625
42.340958 37.021896
43.999664 36.812805
43.94604 37.63663
44.44971 37.639584
43.803745 37.2095
41.707123 36.9372
44.049927 36.42098
44.049923 36.420975
44.438744 37.187656
44.438747 37.18765
43.41502 37.37492
41.567825 37.15166
42.15977 36.650543
43.81849 36.441433
43.17253 36.011364
43.11891 36.835182
42.923462 37.69971
42.923462 37.699715
42.144875 37.337578
43.87906 37.002205
43.04476 37.368233
42.741608 37.213768
45.189156 36.410744
45.18915 36.41074
43.65145 35.89474
44.30965 36.896538
42.543537 35.52794
40.92065 35.366364
41.21721 37.33289
43.531403 37.96861
43.24514 35.71133
42.813972 35.588894
42.51767 36.56548
42.62135 36.568295
45.322567 37.217873
40.48755 36.47395
40.48755 36.473953
42.93341 36.667206
41.86541 36.318207
44.69533 36.261826
44.695328 36.26183
43.15786 35.508804
44.543743 37.36255
42.158142 37.244072
42.00137 36.968483
41.05913 37.18976
41.284363 37.041805
42.62639 36.136868
42.626377 36.136845
44.41492 36.06951
43.038578 36.586586
41.051228 35.503925
41.875725 37.21803
40.300232 37.223972
40.30025 37.22397
40.99748 37.297695
41.05785 36.26312
41.05785 36.26312
42.81767 35.46278
44.557083 35.826252
42.126507 36.67659
43.404205 36.205463
42.535187 35.83707
40.83284 36.04189
40.64496 35.99132
39.81049 36.085686
41.848843 36.148186
40.721733 36.081104
40.72174 36.08111
39.798756 36.22683
40.639565 36.87967
41.91683 36.72447
40.469738 36.528835
42.12415 36.21401
42.959953 35.62244
40.932022 36.50762
42.247543 37.038555
40.19581 35.702168
42.12075 35.257416
44.489147 35.803158
43.455402 35.749203
44.058086 37.685574
42.956676 37.39319
43.76842 37.046955
42.200043 37.69357
41.69071 36.758003
41.690704 36.757996
39.340305 36.229282
40.694374 36.069866
42.058743 37.277565
43.81854 36.47719
43.818565 36.47723
42.015865 35.79364
42.12893 35.849575
44.256004 35.39287
44.054462 35.48152
44.05449 35.481586
41.762367 35.980335
39.758583 36.363083
39.75859 36.3631
41.482315 36.180534
41.573944 37.735313
40.03675 36.044952
42.278152 35.20782
44.70313 35.539085
44.191315 38.03183
43.34839 35.766422
41.249153 36.490253
40.17076 36.78971
40.170765 36.789703
41.457134 36.573246
41.45716 36.573208
41.824265 37.07065
43.110615 36.854202
42.37907 36.147705
41.16554 36.277878
41.188293 36.265526
41.860184 36.292664
42.80551 36.437893
42.80572 35.797623
44.159447 35.92779
44.159443 35.9278
44.882877 36.81441
43.06692 36.447483
42.978546 36.439636
42.464085 36.126205
44.416534 36.19478
43.216644 37.913013
44.891228 37.311405
44.45925 35.933952
42.58998 36.729546
42.589977 36.729565
44.810295 36.439865
42.462975 36.899536
42.030994 35.522087
42.03099 35.52211
43.137886 37.794235
40.907658 36.637947
42.58225 36.036335
44.802555 35.746647
45.04035 36.028423
45.093636 37.384003
44.154045 36.179306
42.216965 36.39717
43.436424 36.198765
44.070686 37.638985
44.74258 37.66613
43.24075 37.6709
44.49959 36.997387
43.60821 37.055847
41.67745 37.702213
41.6774 37.702213
42.483154 42.540524
42.46231 45.357746
42.441452 48.174957
42.590042 53.191727
44.050884 56.653
44.03005 59.470222
44.009197 62.287445
45.47005 65.74872
46.94132 67.801384
48.412594 69.85405
48.412598 69.85404
49.883865 71.90671
53.589607 74.06351
54.696526 76.33562
54.696526 76.33562
55.4701 81.00285
56.577003 83.27496
57.683895 85.54708
58.790802 87.8192
61.337944 89.96834
63.8851 92.11748
65.345955 95.57874
67.8931 97.727875
69.0 100.0
