100.0 100.0
50
58.907852 95.024666 4.2636127
79.67835 88.23111 4.804289
35.11718 18.804564 2.7196603
89.779335 73.62725 4.489026
9.307433 46.66371 1.2555149
8.456492 10.844445 4.156637
79.15965 63.20483 3.1746573
68.27363 33.60247 1.4864824
45.603676 67.50726 0.2730598
7.6187935 72.05974 3.5394452
66.27807 99.77145 0.46439207
81.06255 76.42198 3.1627734
76.3438 4.352961 5.020763
55.502068 97.74707 4.347326
20.345354 69.64913 5.8615966
31.854864 75.5045 6.0403395
46.889866 8.186752 2.205125
35.028168 81.38865 4.370317
5.101279 77.583084 5.2763495
60.449017 93.00865 0.3560288
76.54261 78.34159 3.9417121
86.551125 85.59593 4.7720838
99.96867 87.42287 3.4590113
7.797519 90.18985 3.1134727
75.26161 35.09803 6.5652275
50.464466 32.829044 0.0840596
32.855442 37.963512 1.5592947
46.88228 85.0278 4.073115
67.20856 70.7337 0.2180991
37.391212 84.945946 3.357934
25.753918 44.834446 2.922207
74.47337 83.03224 6.8407416
35.250885 88.216644 3.8220403
20.347057 19.395662 0.46140486
37.120472 50.507156 3.465062
36.51782 27.24183 1.1301843
98.351295 83.90371 2.7450647
6.108895 58.327698 2.5568578
86.91413 71.49218 1.9989661
21.227568 18.273247 2.7744763
53.037712 65.81074 3.4457293
76.71864 44.14369 4.9885297
65.1218 39.00238 4.1294007
98.935814 61.980606 3.9439201
73.01565 32.651802 4.779832
40.892326 1.8573511 0.11785524
94.06978 53.79343 2.6056538
46.323967 94.86588 6.3041406
81.33515 28.868238 6.3058567
31.326435 74.36032 6.4142604
5.0
20.0 0.0
69.0 100.0
100.0
50.0
247.23619
200
20.0 0.0
19.562172 2.3026705
17.248253 6.427997
19.188396 10.933735
20.42845 15.670163
20.71474 19.157587
20.723476 19.316975
20.748058 19.496944
20.748066 19.496954
20.696384 19.270353
20.662424 19.150309
20.662428 19.150309
20.604256 19.127338
20.72302 19.427961
20.723019 19.427956
20.723022 19.427958
20.433464 19.229845
20.646898 19.085833
20.291265 19.675333
20.36828 19.02029
20.597208 19.232334
20.334238 19.295689
20.334238 19.295685
20.34989 19.424616
20.326742 19.489122
20.063776 19.552488
20.567902 19.117867
20.56791 19.117859
21.174696 21.67057
21.781483 24.223282
22.411516 26.880745
23.04145 29.36895
23.671484 32.026413
24.301517 34.683876
24.838564 36.922333
25.44535 39.475044
26.052135 42.027756
26.872217 44.63617
27.479004 47.18888
28.165325 51.396255
29.228706 55.669754
30.048794 58.27816
31.263489 62.975143
32.160053 66.865555
32.693893 69.548744
33.300674 72.10146
33.907455 74.65415
34.51424 77.206856
34.62458 77.905624
33.838066 77.68175
33.700356 78.290985
33.590023 77.5923
33.700367 78.29107
34.140533 79.15571
34.250862 79.85452
32.34327 77.98982
32.40463 78.428116
33.870815 77.641136
32.999405 79.360664
33.021404 80.48305
33.021408 80.48305
32.36693 77.99686
32.528397 79.54242
32.819633 80.49679
31.609524 78.71628
33.817074 79.440285
34.212337 79.79125
33.00222 78.01075
33.055847 80.46423
31.845734 78.68374
32.070503 78.6993
34.481915 79.33927
34.48189 79.339195
34.481895 79.3392
33.271782 77.55867
32.854286 78.82481
32.85428 78.8248
32.037567 78.84264
33.61054 79.09401
33.230362 77.90306
33.918404 77.91865
33.149208 79.139366
33.7262 79.18289
35.685627 78.266106
31.575165 79.46418
31.519646 79.43702
33.429466 78.949005
33.244614 79.00769
35.3177 78.6993
33.824078 79.405556
33.85696 79.40046
31.91412 80.15124
31.956825 79.73814
31.327747 79.326584
33.97553 77.18946
33.348476 78.36938
32.93099 79.63555
35.578793 77.49844
34.206295 77.757996
34.431057 77.77349
33.230602 79.83342
32.934116 77.64974
32.28509 79.26471
33.16269 79.20835
33.58184 77.69041
33.581955 77.74022
35.455925 78.38133
34.63919 78.39912
33.45768 80.17607
33.49054 80.17097
33.490547 80.17096
33.59885 80.27545
33.46239 79.895325
33.462387 79.89534
32.738895 77.684685
32.839317 77.61828
33.96301 77.7883
36.311035 77.45791
33.934826 78.73714
34.532204 79.136154
35.101788 77.57987
36.58483 77.99756
35.39065 78.79254
34.58382 78.64872
34.477104 78.62266
35.078346 77.503876
33.0489 77.76063
34.338745 78.21959
31.96254 79.49876
33.51812 78.897415
33.65446 78.9712
32.268322 79.35842
31.974861 79.23097
33.541374 79.47867
31.773422 78.63241
33.640335 78.38867
33.640335 78.38864
35.029415 79.45446
35.151127 79.1955
34.42118 79.21685
32.04495 80.49609
32.044952 80.496124
32.905685 79.718925
31.538597 79.7026
33.19104 79.84723
35.074207 78.58382
33.94358 79.30661
36.169193 78.52358
36.16924 78.523575
34.783134 78.91091
34.783127 78.910904
32.406956 80.19011
31.122608 80.2793
32.12689 80.3857
32.46021 80.46042
32.141277 80.20302
33.00995 78.42238
35.332844 78.40657
35.350285 78.39912
35.350285 78.39915
35.35028 78.399124
35.367702 78.391624
34.822697 78.180695
35.219822 77.48985
35.99839 77.242805
34.376125 78.492256
35.184906 78.3769
32.988785 77.65957
33.54956 77.846054
33.682476 78.911964
31.86924 78.918945
32.816124 79.87455
34.546623 79.34789
33.259747 79.62182
34.389095 78.56751
35.02189 79.54318
33.507206 79.45809
33.507233 79.45814
33.507263 79.45809
33.661747 79.37997
32.61147 79.2584
33.244267 80.2341
34.361843 84.7449
35.30378 84.723236
34.581924 84.646355
37.4831 85.323135
40.384277 85.99992
43.826088 87.53529
47.267902 89.070656
47.267902 89.070656
49.08344 92.55003
51.984608 93.22682
54.885777 93.90361
54.885777 93.90361
56.40045 95.40367
58.575333 97.20639
58.832153 96.83311
62.389297 96.615776
66.33568 99.54527
69.0 100.0
