100.0 100.0
50
57.42379 87.325905 6.6266346
92.94908 89.25071 0.32451567
70.36722 70.39452 5.8109446
62.03262 55.248356 5.122448
31.667953 23.407068 0.1627553
47.344955 39.805172 4.9687448
64.80946 81.46383 3.8723636
46.92599 2.8073857 6.597782
31.178371 23.819532 1.6677899
96.19711 96.395386 3.952949
48.52807 21.443848 6.0547853
91.89643 40.31429 4.196256
77.56566 8.341735 1.3877895
72.40656 33.15585 0.6846651
93.37121 11.229206 3.4121394
43.856087 40.60614 0.8744491
88.93174 74.09949 4.916537
12.75117 63.550816 5.8838778
71.12245 95.60763 4.10644
63.775085 82.13451 3.4162393
2.2442226 76.491905 6.7630253
48.27608 63.293068 3.2190616
33.38264 97.91489 0.18762541
46.5062 86.82416 1.6728463
16.184736 89.26789 2.8255022
49.527096 55.158436 4.8271675
19.801676 8.574351 0.3937354
97.97496 22.81356 2.9067874
72.467384 2.3070478 3.385398
44.393085 71.297874 2.8530154
26.182674 61.083054 1.1703347
40.229084 56.693226 4.7842407
51.257687 8.276429 0.615549
77.47707 49.239033 4.733488
53.04502 68.22844 3.2919443
42.826427 86.14104 5.890886
14.346929 46.43463 0.37013364
66.31669 35.74115 4.4335356
21.750507 87.92507 6.6030965
43.967155 27.605305 6.011583
72.60995 48.336704 6.9825754
65.127335 47.462738 4.2855353
96.17099 5.550371 5.1592174
57.137188 18.1683 6.362143
14.15698 58.22228 0.814456
30.890888 8.917258 5.577986
30.838524 23.424107 1.3177571
82.08446 90.77685 2.680367
87.59681 31.12574 0.57335716
35.79356 51.025253 0.9363357
5.0
20.0 0.0
69.0 100.0
100.0
50.0
237.18593
200
20.0 0.0
21.031824 1.6939403
23.859589 3.5321245
26.687355 5.370309
27.363914 5.793145
27.528698 8.748291
27.693481 11.703436
27.693481 11.703436
27.693478 11.703434
28.181293 12.172647
28.6691 12.64186
30.112335 14.050296
30.005453 17.166183
29.898571 20.28207
29.79169 23.397957
29.79169 23.397957
29.79169 23.397957
32.749336 23.429369
36.464718 23.441242
40.180107 23.453114
43.137756 23.484522
44.405014 23.334536
44.4741 23.649755
44.4741 23.649763
44.79798 26.182384
45.23978 26.149351
45.239803 26.149355
45.15283 23.319868
45.446003 25.491604
46.05136 23.775135
46.05136 23.775143
48.048172 24.11264
47.526047 26.94437
47.44257 26.942492
45.630135 25.66661
45.721764 25.244118
46.60559 25.651909
46.60561 25.651915
47.48461 25.182
45.965813 23.358442
45.965816 23.358437
45.96583 23.358418
47.138557 22.974218
44.536613 24.06841
44.002098 24.557386
44.62703 24.787086
44.627018 24.787079
46.341496 22.3426
46.34148 22.342611
48.33003 23.903831
52.156776 21.005445
52.156776 21.005447
54.1119 22.63176
56.90828 26.790905
59.704697 30.950054
62.501106 35.109184
64.02979 39.29583
65.533775 43.659733
66.37505 46.19255
66.37503 46.192547
65.85927 48.780083
65.85928 48.780083
65.8593 48.780083
65.34352 51.367645
65.34352 51.367645
65.34352 51.367645
65.34354 51.36764
64.827774 53.955208
63.342102 58.286583
65.73854 62.19314
67.177864 66.40702
68.61719 70.62088
65.93494 74.10524
66.19582 79.07561
64.36488 81.564514
62.533943 84.05344
62.375793 83.23834
62.37581 83.23827
62.344074 83.230606
62.344067 83.230576
62.34402 83.230576
62.117966 83.1419
62.248184 83.55323
62.35549 84.03763
62.313587 84.13465
62.311146 84.186584
61.736618 83.326385
61.74879 82.39421
61.748775 82.39422
61.74878 82.394226
61.854233 83.95038
62.880604 83.8076
62.462086 83.570274
62.521633 83.381645
62.521603 83.38159
62.521595 83.381676
62.261642 83.69017
62.887566 83.773094
61.375374 82.76198
62.001293 82.84491
62.455715 84.22091
61.992836 83.84764
61.99283 83.84764
62.768528 83.649445
62.203526 83.96624
61.937057 83.258995
61.937057 83.25903
63.372334 84.43153
61.75109 83.78992
62.38078 83.36727
62.061115 83.85258
62.00529 83.84854
62.00529 83.84852
62.340343 83.74552
62.820934 83.72902
62.820995 83.72892
61.616062 83.60827
62.01254 83.36332
62.493122 83.34676
61.46943 82.84772
61.469437 82.847885
62.42363 83.47415
61.97427 83.3091
62.928486 83.935295
62.932632 83.70031
62.483276 83.53523
62.033886 83.370155
62.038063 83.135155
61.62819 83.16303
63.011253 84.62652
62.561897 84.46144
62.561882 84.4615
63.09266 84.33964
63.09263 84.33968
61.423244 82.70401
61.423256 82.703926
61.423256 82.70397
62.274582 83.683525
62.74726 83.42009
62.458847 83.56865
61.13053 82.60306
61.559387 82.213776
62.266724 84.23377
62.220978 83.27712
62.220997 83.27714
63.133892 84.298904
62.94112 83.92413
62.410828 84.2251
62.361153 84.27641
62.36527 84.04138
61.668423 83.66753
62.442764 84.525986
62.984203 83.97296
62.934536 84.02425
62.48512 83.85922
62.62969 84.59373
63.26198 84.43928
61.942852 83.95595
62.78208 84.014336
61.962822 83.37969
61.561943 83.202545
62.194244 83.048035
62.858963 83.87411
61.539833 83.39074
61.68518 82.665245
61.56305 83.16874
62.7615 83.78049
62.07261 82.62671
62.50128 84.19285
63.049305 84.11401
62.92654 83.87501
62.926586 83.87513
62.746254 83.86683
61.75379 82.361984
62.404892 84.45887
62.91838 83.70752
62.91839 83.70754
62.670647 83.520645
62.515205 84.091194
63.352993 84.4005
62.07375 83.8711
62.021606 82.9318
61.53048 83.143036
62.16891 82.746155
61.885353 83.607025
61.885338 83.60699
61.850426 83.28707
63.14715 84.33099
62.190254 83.97131
62.1903 83.97138
62.323616 83.495705
61.589622 83.092926
61.72294 82.61725
62.356285 84.71393
64.01026 87.55469
65.66424 90.39546
68.467705 92.76604
68.64515 95.17736
68.82257 97.588684
69.0 100.0
