100.0 100.0
100
5.6704245 70.67401 6.4195123
20.8304 28.06083 4.2549295
2.374562 31.575382 5.994155
76.261185 6.8368464 2.2845273
52.71303 87.42292 3.9485579
61.731815 95.81484 3.1320128
19.758886 16.5698 4.648626
41.946377 87.02496 6.3336415
72.60214 24.632952 1.302051
63.981285 39.28568 3.1183407
7.369744 55.768215 4.6318874
99.0955 35.42945 3.8556194
82.87674 40.02735 2.238518
95.73711 18.813807 6.054376
91.583755 62.21334 3.4668994
33.748833 35.32843 4.977661
56.796577 72.64312 4.950589
45.739475 65.43221 6.108152
64.7081 15.406656 3.9390237
68.06815 95.66896 6.982213
17.320606 15.543881 5.1090794
96.17381 90.40116 1.4345558
96.64996 37.045074 5.3041315
91.83125 64.85382 4.4928427
19.367636 80.537415 3.3533945
77.662155 35.73215 4.125979
64.43049 82.21623 3.2686603
61.54242 27.904297 0.37905434
78.0495 74.95754 1.3040301
60.937534 50.80979 2.7575219
12.307261 43.613945 6.7117915
85.4388 75.97591 0.94085515
46.66198 53.944576 6.236154
53.64359 83.69191 3.065128
72.57121 13.57229 3.7970743
17.835796 12.9403715 2.0484877
42.7275 29.05163 4.3426514
67.58156 45.681545 1.704296
81.21595 68.85936 1.6085808
86.20067 64.4345 1.674582
97.86241 52.99142 0.1408494
33.573795 58.547604 0.80501086
72.04794 62.92879 6.894474
50.115543 67.36843 1.3575156
2.0112326 13.07294 5.790483
38.8529 28.06671 4.677942
88.21168 74.10901 0.32371727
3.0122309 37.47763 4.7214513
52.988186 47.340775 5.532829
66.64911 95.876205 2.6285489
58.984093 90.3819 1.7902218
32.68069 55.579254 2.0990152
20.894442 60.68172 1.9146268
31.018051 13.491487 0.3185344
90.375885 60.530758 5.4293313
19.099674 68.88122 0.35863128
95.956566 87.59144 1.0982225
5.213218 34.5403 1.4750696
13.033673 9.543312 6.856044
83.96829 81.00702 2.235008
16.541065 93.863594 6.19481
83.300995 10.107417 1.3126856
77.02676 61.962147 0.6703626
72.36555 60.499207 2.2562282
82.44126 50.96974 6.894809
19.684023 58.637234 4.7038956
19.826197 63.059475 0.9957896
78.49385 39.996548 0.91540486
16.171057 91.211975 0.5530306
93.63574 38.195496 4.6440115
43.534023 15.155215 4.980994
18.313225 71.23329 2.1632388
29.615929 36.051807 0.551683
84.45461 70.397606 0.71277314
46.728516 6.4300823 3.076579
60.714054 81.56242 2.9173913
47.431396 51.127354 3.0874636
94.97177 67.83774 5.1780114
22.080675 74.24492 2.0385914
49.45505 97.07804 4.865912
41.504658 91.97163 0.2765411
30.64601 72.034035 2.830486
6.730722 84.25302 4.0637255
60.48461 10.215822 0.8586391
1.3340541 64.023575 0.5503984
72.56331 98.39026 4.128137
90.7457 96.67615 3.0492563
77.121605 19.195026 5.0592904
36.576473 88.1919 3.02413
4.2346983 96.37769 6.384435
57.40489 88.65274 3.5306034
26.376745 83.97339 4.4017787
8.273429 56.58168 5.7953415
57.021786 30.494513 3.5094094
13.564034 84.90739 3.4835453
87.00831 89.7988 1.840095
76.4171 45.443058 4.805384
14.379915 66.75867 0.7316744
21.558233 57.435127 0.50468117
0.6130197 87.63211 4.188078
5.0
20.0 0.0
69.0 100.0
100.0
50.0
350.75378
200
20.0 0.0
19.606962 4.7144227
18.91962 7.0999403
16.891676 11.251858
18.568588 12.510618
18.287365 13.035469
18.287365 13.035469
18.235996 13.28186
18.229864 13.297202
17.578007 13.070909
16.98869 13.53139
19.031452 12.14459
16.8257 14.086136
16.825703 14.086136
17.53941 14.027462
17.578465 14.532099
18.203686 12.611282
17.554844 12.992748
17.50349 13.239142
18.20368 12.611288
17.584064 13.682486
18.145271 13.541075
17.781803 14.180395
18.27437 12.957836
16.47737 14.387201
18.627834 12.146138
17.475357 14.204438
16.55817 13.751972
18.090649 12.974716
18.253494 13.039261
18.358795 13.067646
16.43791 14.1442375
16.651825 14.165024
18.304304 12.393068
18.747417 12.61652
19.017725 12.471598
19.417923 11.978685
18.963919 12.555203
17.663136 13.414265
16.826109 13.418667
16.826103 13.418667
17.648579 13.600769
17.347317 14.084142
16.610691 13.967163
16.665924 13.195213
17.751781 12.952461
18.363323 13.669296
18.710264 13.164546
16.279097 13.585115
16.631042 13.528795
16.631031 13.528794
18.358307 13.461141
18.009193 13.499948
18.009184 13.499949
17.26479 13.759866
18.661293 13.229504
16.498743 13.331423
17.52973 13.274926
17.529724 13.274917
16.784042 13.760433
16.959454 13.735105
17.45258 13.770228
18.42058 13.390115
18.07146 13.428925
18.488342 13.475269
17.14191 12.926931
17.561005 12.9826145
17.70797 14.289913
16.316586 13.6937065
16.735676 13.749387
17.927223 14.0881815
17.366297 12.755511
18.712185 12.332047
18.031712 14.147428
16.99675 13.715073
18.247349 13.0645075
16.503675 13.784075
16.03945 13.842662
16.075054 13.818941
17.365192 13.84516
17.6016 13.820898
16.391409 13.639643
17.661512 13.490753
17.186876 14.473394
17.632215 13.608976
16.765615 13.731316
17.815012 13.260178
17.874775 14.081921
17.687756 14.004614
17.687778 14.004621
17.434956 13.937243
17.370012 13.308515
17.405636 13.284792
18.768202 13.173859
18.849718 12.028675
17.882072 14.156165
18.300177 12.393024
18.300167 12.393023
17.332525 14.520516
17.145493 14.443209
17.391579 14.045242
17.545372 14.514709
16.210827 13.724922
17.936743 12.419672
17.669037 12.870651
16.451736 14.241186
17.056904 13.347456
17.568224 13.319854
17.638111 14.531487
17.638117 14.5314865
18.086407 13.599012
17.432484 13.769216
17.050549 13.655306
17.414925 12.67098
16.197617 14.041515
17.43111 14.156248
16.585018 13.582542
17.524712 14.658855
17.732044 14.215748
19.011784 12.587358
16.877176 13.593452
16.735916 13.540068
17.406628 13.8437195
17.357445 13.83033
18.02815 14.133982
17.380926 13.714344
17.380938 13.7143345
17.08078 14.305363
18.36469 12.298767
16.973934 14.291705
16.37434 13.869423
16.719955 13.779835
16.71995 13.779833
16.911427 13.76165
18.416826 12.5600815
16.640003 13.76416
17.629393 14.433382
16.666176 14.211653
16.457855 14.176123
16.80348 14.0865345
18.974901 12.866594
18.210014 13.598337
16.853949 13.922844
18.110884 13.267716
16.815058 13.189713
17.993797 13.74743
17.993797 13.747424
16.435556 13.379265
17.596575 14.1362
17.38825 14.10067
17.985655 13.575821
16.672287 13.445702
16.863754 13.427513
16.355072 13.419876
18.715061 13.3638735
18.04066 13.334712
16.35507 13.419877
16.355076 13.419879
18.715057 13.363874
16.421824 13.91938
16.95536 13.817509
17.115837 13.979782
16.482521 13.807367
17.963577 13.655642
19.19756 17.844995
20.546211 20.01969
21.762463 24.520811
23.916553 28.812248
28.375854 31.00904
29.592106 35.51016
29.479496 35.580513
31.371334 37.81316
36.03642 39.149918
39.29221 42.795166
41.184074 45.027824
42.632057 49.56608
44.523884 51.79872
46.415745 54.031364
46.415752 54.031364
46.415756 54.031364
46.273533 57.15791
47.014393 59.83743
49.626457 62.42655
49.204712 66.38676
49.204712 66.38676
50.553364 68.56146
50.553368 68.56147
53.568855 70.78385
55.578415 74.84512
58.593903 77.067505
61.703217 80.845726
62.63385 83.167305
62.63385 83.167305
63.86985 85.41234
64.59281 90.129105
64.51434 94.88463
64.51434 94.88463
64.51434 94.88463
67.25461 98.12158
69.0 100.0
