100.0 100.0
100
90.38832 31.87122 0.8686689
36.684513 2.4917116 5.5678725
52.78875 93.73468 4.616946
35.524998 84.343994 5.544033
21.411568 66.727684 3.6695817
26.04433 61.94085 3.384275
21.51031 92.97747 3.9475796
29.915476 27.987928 0.45438457
95.06335 94.395065 0.25859183
37.286503 12.747623 3.1070857
67.67844 32.392376 1.2626042
29.405645 47.881958 2.8474474
36.93091 37.80742 6.4858212
7.7252965 95.58768 1.6603354
66.73843 71.65047 0.07963879
31.682293 73.48087 0.86831003
35.917614 41.69163 5.014539
36.856678 9.52665 6.4181967
35.49114 12.8236 2.713457
93.02392 37.968723 5.4185247
98.974335 95.930626 2.3861763
96.24191 53.571327 4.477914
57.08502 32.176716 1.1179824
82.46457 93.6935 3.639481
49.93168 42.584675 0.83830804
11.809164 44.052975 0.3973046
69.276024 0.03681389 2.51582
72.681595 76.26146 4.5628586
61.820625 5.6639576 6.7757373
88.51325 74.24525 0.6699141
91.21278 71.84914 5.491252
84.6805 6.220309 0.492645
40.552727 86.16433 1.16897
86.52588 7.695827 0.43654856
31.600946 2.9904652 6.1160307
71.86002 32.51416 3.0271666
87.499054 88.07217 4.3593063
6.561383 32.136242 2.3807726
17.660145 19.431551 0.95678455
59.737854 27.570105 1.2890478
60.341877 73.65428 5.915521
74.08445 44.619785 0.86649376
55.17339 91.85594 4.928553
30.986551 98.82362 5.508488
83.6334 24.158398 2.8965967
9.521322 93.641014 6.4770794
13.7093525 84.04737 4.939249
76.59754 74.511345 0.7189453
36.169994 5.2300205 4.4143524
2.994632 37.41019 4.677283
34.793617 26.963982 1.9711235
64.97372 27.65811 1.8579584
67.543785 46.7179 3.99836
83.8296 14.51635 6.201948
42.139072 22.903011 6.6021733
7.70635 36.820557 4.918927
12.860389 91.79505 5.3856077
29.207521 33.817654 1.4800059
79.69487 89.016754 6.245562
3.2674212 35.480766 6.1371417
93.48364 11.311633 1.8844923
20.957966 88.27798 1.320226
26.117842 52.42894 5.4193625
12.03194 12.127209 5.195969
65.98625 13.254147 5.9955187
9.93657 86.43458 1.7488514
83.64287 29.594318 2.821186
94.01659 53.33183 0.55308443
15.026918 58.989296 2.061307
85.59872 1.3703792 6.221383
45.26548 46.883026 6.6196527
96.69964 27.303423 2.6739202
6.246678 72.38618 2.1210637
14.884814 75.19174 5.9949403
20.64043 90.71152 6.2623377
34.883717 87.94146 0.9476513
1.1645316 85.84523 2.067535
65.02947 97.62308 6.697873
28.336178 16.70405 4.8911333
0.028324137 15.758097 6.593162
70.466934 95.01391 3.5587945
39.309776 53.04447 6.664362
73.71299 16.190235 0.6323546
79.95447 48.80941 4.947376
39.619164 59.476105 3.787256
49.48779 67.06847 5.399006
28.060076 66.9277 6.1499305
61.59203 17.062325 0.1904816
32.797245 50.79389 6.22145
55.975624 84.10574 2.2257695
77.03683 47.90198 2.8033857
57.174004 99.208275 3.0919728
69.24411 27.925888 5.3328424
45.769657 15.662148 3.2738328
15.419306 54.78295 1.0038269
89.293976 64.55667 2.5637221
34.118717 3.607151 4.3239684
77.44161 8.777239 6.116999
45.61434 15.50713 6.2047715
63.738853 6.2437186 3.252826
5.0
20.0 0.0
69.0 100.0
100.0
50.0
426.13068
200
20.0 0.0
21.798744 1.577982
26.455683 1.4717486
29.823517 3.1428277
33.19136 4.8139076
33.19136 4.813908
35.087486 5.1208143
32.94817 5.3171525
33.790184 4.918301
34.31317 5.146257
35.15085 5.1167073
34.85817 5.33794
36.9737 5.141867
35.316708 4.8269453
36.36954 4.8919525
34.6962 4.594423
35.761578 4.7670994
37.066967 5.115213
37.094795 5.119757
37.288292 5.1319633
35.00274 4.3970847
33.84352 5.307418
35.857727 5.0121007
36.122856 5.0721602
36.947826 5.370063
35.548946 5.6852646
36.17992 5.4110355
35.695415 4.564701
34.9482 5.1108985
34.446117 5.7251487
35.7235 6.250356
33.491043 6.169883
35.951447 5.687213
33.394474 6.2535243
34.21944 6.5514274
35.044395 6.849333
35.22599 6.853534
35.21678 5.4105477
34.660473 5.261612
36.29284 5.221258
35.026077 3.7294426
36.95867 4.2296925
37.18829 4.309641
36.431362 6.2601967
35.85257 6.0270567
33.96663 6.265447
32.43595 5.768972
34.893837 5.956646
33.29153 6.1714177
35.002304 5.374212
34.26178 5.2227826
35.616333 5.246687
37.28995 4.979677
35.564777 4.8079658
34.55634 5.0013914
34.12494 5.1561637
33.85583 5.201404
34.376392 5.305511
34.558018 5.3097143
34.091278 5.2419205
34.87212 5.487954
34.35654 5.1705055
32.887253 5.37496
32.824394 5.3071384
33.73751 5.3461742
35.35669 5.0375175
33.416718 4.980319
32.737183 4.707798
34.22504 4.6652684
34.1978 4.6462617
34.75367 4.396511
34.284378 4.7793827
35.994583 4.8819785
34.709103 4.855559
33.40282 5.6713743
34.391605 5.7741675
34.949356 3.402298
36.920498 3.442872
35.53171 6.524824
35.49529 6.512291
34.15698 5.836771
32.759346 6.224619
32.759346 6.224615
32.793636 6.2098975
34.217102 6.074782
32.60572 5.8098445
32.48004 5.759554
34.135593 6.069575
34.13561 6.069573
34.08062 6.037173
33.787178 5.7533855
34.81163 5.4229693
36.10087 5.3188024
37.123264 5.01663
35.546425 4.293372
34.899864 4.1829715
34.942955 6.48825
33.003044 5.5197806
32.1042 5.278625
34.548344 5.1197624
36.10103 6.403914
34.524204 5.680657
35.71333 4.8625474
35.71334 4.862547
34.345222 4.0346994
34.491398 6.3100977
32.527603 5.869878
33.436924 5.387685
33.43692 5.3876863
33.862267 5.4811506
35.840897 5.318966
34.568134 5.132364
34.32105 5.163213
34.84511 5.5544424
35.94691 5.9255533
34.794918 6.7560635
35.553818 5.9770846
34.631344 5.7859817
32.787502 5.2234545
33.807808 4.696132
35.695526 5.816935
34.12176 6.5180936
32.305794 5.784978
32.305794 5.784978
34.461445 4.563235
36.27844 4.998796
34.770317 3.863202
33.970573 5.1684713
33.54552 5.510112
33.462902 5.852931
33.180374 6.1654396
35.102665 5.6347895
33.509995 5.3032465
33.51 5.3032475
32.10099 5.435706
32.101006 5.4357023
33.73469 4.0541787
33.652126 4.396997
33.652126 4.3969975
33.816223 4.251508
33.816216 4.251506
33.81623 4.251506
36.06836 6.327865
36.068356 6.3278646
36.068394 6.327861
34.086285 4.2542048
36.545723 3.9222617
36.33106 3.6459336
36.495174 3.5004463
35.472538 5.0778484
36.941563 4.687985
36.94157 4.6879864
35.982018 5.333292
35.369015 5.4669065
36.83799 5.26056
34.66855 4.8908067
32.430332 5.770174
32.59442 5.6246877
34.458134 5.107326
34.458153 5.107329
34.458164 5.1073284
36.070045 5.723404
34.16445 6.854618
35.336723 10.74473
35.568295 13.561352
36.478996 15.91152
37.38954 20.549248
38.861847 25.304005
39.474342 27.93074
38.43201 32.530174
38.853287 35.2371
39.657154 39.810673
40.83218 42.103283
40.77065 42.37003
40.832188 42.103283
40.77064 42.370037
40.87515 42.227238
42.194725 47.068344
43.36975 49.360954
44.39824 51.844284
45.531235 54.184803
47.551105 57.293846
48.25939 62.120937
49.392387 64.461464
50.525387 66.80199
51.700405 69.09459
55.689003 72.0914
55.689003 72.0914
56.822 74.431915
57.954975 76.77244
59.075478 79.070984
60.20849 81.4115
61.3415 83.752014
62.474495 86.09254
63.594994 88.39113
64.71549 90.68968
65.84849 93.0302
66.968956 95.32879
68.10196 97.66931
69.0 100.0
