100.0 100.0
100
5.037167 22.557575 5.461985
39.668755 93.74536 5.390476
62.940586 10.14342 0.19705738
14.47875 92.71704 1.9539642
21.39782 64.543144 3.7157097
13.816772 31.338242 6.19086
31.815788 14.298444 1.5990081
68.63876 64.77473 1.630277
70.56904 64.39968 6.375317
14.499211 65.55176 2.4213119
2.742344 22.46769 2.0440617
15.553513 98.49571 2.7922983
73.90163 0.65551364 3.0693033
59.555275 76.82004 0.27800614
6.0508127 43.230106 5.104994
15.412782 15.007839 3.843045
3.5372417 72.90144 3.7254248
61.521194 59.893906 0.4502025
26.654266 54.424377 5.422136
94.88538 34.26672 3.3156292
98.00174 13.988165 2.847091
83.542015 96.52983 2.5117908
11.457386 42.166096 5.033671
40.462772 34.670986 1.8350186
31.411482 20.432411 4.452011
13.610774 5.429215 1.318454
88.87264 85.05632 6.5021663
53.660145 62.345715 3.0085614
64.87149 95.61416 4.643882
79.53459 37.478783 6.274231
34.165268 82.910576 5.2487345
79.14332 90.97064 0.16673814
40.635483 10.522341 5.8880267
10.873871 66.36832 0.91324043
67.08333 9.708782 2.9656537
66.13259 21.602793 3.7142031
92.06214 57.193882 6.474603
14.58319 2.1248972 0.49699143
19.529253 60.254177 3.104247
89.928894 18.47536 6.3395185
90.77847 69.955376 1.3088943
60.65148 19.487751 0.10366551
34.497406 42.29304 5.0095925
43.694836 88.77042 5.3889747
32.077698 39.685623 3.7636528
6.7224083 1.4815301 1.784766
74.25637 25.97416 6.4700503
15.9911175 46.652073 6.3326173
78.906845 64.59099 5.575311
6.330255 95.044205 6.791499
4.679149 91.48351 2.081139
90.255104 82.715126 3.7642744
32.69738 8.147525 4.6417065
57.946697 74.286644 0.08615444
83.61806 6.2696834 4.594027
67.85687 57.52294 6.685272
23.262444 23.591537 4.576929
17.761982 25.451788 0.5137511
57.449116 78.35086 0.17363264
60.472996 96.16451 0.65514505
93.41782 15.512562 1.2577769
22.861494 42.090652 3.2305386
82.05422 17.96516 6.465312
63.879463 26.106585 0.56151515
84.413055 63.05361 2.630515
54.874004 22.459578 0.58600926
19.013681 82.07114 6.438399
95.43344 97.921 4.403153
40.606876 41.98843 2.2762353
51.008465 68.88746 5.404356
95.109886 70.53041 6.90602
10.244104 71.3632 0.31084087
48.650955 99.51403 1.7137173
79.736984 76.47404 0.98346436
10.121481 97.894844 4.3208613
85.53399 37.415222 6.594014
58.21176 80.16118 6.971665
50.876015 91.21103 5.551298
99.56017 44.588398 1.2137855
84.87464 28.200018 6.519281
28.557089 3.4313104 6.4243693
47.947426 40.60933 0.02081642
80.478035 81.51026 0.4148404
4.7084537 14.554375 4.7500725
18.146666 83.96433 3.358832
82.02511 17.449036 6.7483435
93.775635 24.10975 5.8033876
90.91005 48.711693 5.4331055
75.32122 35.529324 6.845288
59.67932 11.018349 1.4127547
73.86169 64.2915 6.745517
38.61518 54.204643 2.163551
89.79826 9.41457 1.6007286
61.585735 64.48542 0.8331683
57.85754 78.92766 2.9529617
41.37743 98.22957 0.93133855
9.612484 34.832577 3.0658152
77.162605 52.05809 6.473465
60.37717 69.684715 5.239393
15.079051 97.31195 3.408573
5.0
20.0 0.0
69.0 100.0
100.0
50.0
326.63318
200
20.0 0.0
22.545113 1.3773727
26.271177 4.322426
29.495012 7.605053
29.495012 7.605053
31.019032 6.9105387
31.019028 6.9105377
30.469444 6.916006
29.778233 5.985325
29.911793 9.400867
33.174458 5.6290464
33.78186 5.5652494
33.781868 5.5652475
32.13453 5.435527
31.335876 5.101608
30.550747 4.816976
30.051544 4.740663
31.53418 5.1644063
32.28032 5.5694523
33.943306 6.5586724
33.94331 6.558672
31.825695 6.1345806
31.825691 6.1345797
34.056965 6.374295
37.129505 8.833911
35.68958 8.558072
37.815647 9.987893
40.617786 11.08521
42.743847 12.515026
45.54597 13.612347
48.102856 17.670776
52.977898 18.630852
57.907337 18.463013
60.70948 19.56033
63.680267 21.582218
66.77716 23.28346
68.52257 23.19404
69.26628 23.484049
71.823166 27.542479
75.701355 30.494244
79.69052 31.956944
81.821724 33.40456
81.79096 33.527264
81.60102 33.41758
81.935326 33.77197
81.93538 33.771973
81.0273 33.183025
81.69087 33.45998
81.04692 33.27212
81.528 33.56102
81.37154 33.256927
81.371544 33.256954
81.66871 33.26862
81.78768 33.32871
81.532814 33.180588
81.61025 33.15593
81.61025 33.155945
81.98316 33.98267
81.68896 33.06665
81.69159 33.067184
81.86331 33.736633
80.679214 33.05954
80.68186 33.060116
81.27972 33.136093
81.45553 33.42347
81.06219 32.89398
81.40994 32.855965
81.19385 32.557064
81.29093 32.621475
81.29104 32.621456
80.873726 32.79317
81.10661 32.79372
81.08211 32.875988
81.295 33.113503
80.901474 32.886406
81.46336 33.55542
81.06983 33.328285
80.71854 33.17657
80.80348 33.151478
81.7876 33.38471
81.78761 33.3847
81.5695 33.541294
81.14577 33.530663
81.69872 33.30627
81.698715 33.30625
80.76716 32.867085
80.767265 32.86705
81.296036 32.993073
80.78501 32.925877
81.24905 32.887558
81.3502 32.87265
81.4467 32.98295
80.72638 32.981148
81.093094 33.373547
81.281906 33.222416
81.28198 33.222397
81.282 33.22236
81.28203 33.222385
81.74606 33.1841
81.03905 33.003002
81.511246 33.66956
81.31249 32.852154
81.18139 33.469585
81.21972 33.48967
81.419136 32.840393
81.21161 32.478065
81.246254 33.12722
81.24628 33.127167
81.04373 32.72428
81.14485 32.709373
81.48925 33.668686
81.61619 33.249565
81.61618 33.249577
81.04749 33.39367
82.82375 33.651073
81.504524 32.883404
80.77269 33.044605
80.7727 33.04459
81.35343 33.005054
80.78715 33.209053
80.63792 33.114586
81.218605 33.075035
81.409744 32.779354
81.37704 32.786667
81.36864 32.783623
81.40828 33.260963
81.6666 33.27518
81.45095 33.30252
81.442566 33.29946
81.39681 33.177795
81.38841 33.17473
81.4076 33.174442
81.03557 32.855354
81.09525 32.843876
81.09528 32.8439
81.36645 32.90498
81.624756 32.919197
81.624756 32.919228
81.36013 33.130013
81.36015 33.13006
81.0009 32.95976
81.000885 32.95977
80.785255 32.987118
81.068665 32.95695
81.351974 32.92676
81.21565 32.88692
81.27537 32.875443
81.535904 33.691692
81.53592 33.69171
81.28043 33.075817
80.24428 35.59015
79.25545 38.150497
78.26665 40.71087
77.23052 43.2252
76.007935 48.085144
74.78534 52.945087
73.11453 55.569122
71.44373 58.193142
69.772934 60.817158
68.492645 63.4787
68.182915 63.76674
67.493904 63.89199
69.40118 63.473267
69.401184 63.473297
69.4012 63.47329
67.72395 63.623383
67.639 63.924965
69.25882 63.997
67.58159 64.147095
69.10891 63.64666
68.28023 63.881355
69.31883 63.943756
69.17369 63.91083
68.6407 63.94278
68.173706 64.152756
68.91639 64.12021
68.77124 64.08728
67.98593 63.924927
69.11096 64.08469
67.47479 63.79766
68.41589 63.51609
69.522125 63.415222
68.989136 63.447174
68.989136 63.44719
69.40685 63.38646
69.19569 63.642143
69.19569 63.642166
68.98922 63.44731
67.800026 64.179535
67.59353 63.984688
67.62619 65.285065
67.03577 68.48193
68.108055 72.91628
67.54884 77.89906
68.27083 82.83255
68.9928 87.76605
68.43359 92.74884
68.6224 95.16589
68.8112 97.58295
69.0 100.0
