20
30.778732180723757 99.60486996408851 6.8142808823447325
36.467482177625676 12.225183666171915 10.26984468982962
50.219945367775054 55.078257042834544 11.771087544155234
17.921572532844948 20.14313703884288 11.53724173968088
28.67430917020429 4.624597770940975 8.204067532211296
87.01995154633023 19.8369261124082 12.643728149676976
68.6839260150447 53.74475298626232 7.109732916492358
39.2335282592952 39.312372561955506 3.6555919435753297
57.24893952039761 66.71917549423539 9.970176492367326
70.5667997745037 73.41586136726265 12.393948106150546
97.76037579072062 46.29572926124157 10.223211779860653
67.13462552524746 27.181962576701654 0.40345844079661264
54.87502202812789 63.88873985093969 12.781506441080793
39.9967509324851 95.34017789386917 11.146025895925808
71.72769591474905 1.8121655480685974 6.270393503311526
57.796551698169274 49.553266435995226 8.123829252497881
17.409839611700576 48.072723240062786 3.6243238733890033
36.17996565572171 77.04267358964958 1.5413734842443267
11.249172304520794 19.09171987083004 12.94282799225923
43.87206792332827 68.23229899594924 12.754929002308208
20.0 0.0
69.0 100.0