20
73.93444864302988 41.81081502976678 0.05129956441499128
38.01253250068331 88.33849764998197 1.1952675361646974
74.33285922763503 26.601937896570092 4.980368290655001
75.65103866124915 14.287971712828519 7.554024154507808
57.855726058140476 57.01125122381395 14.053593717012772
40.82435484349742 69.26736731465942 10.720673850554892
78.9688667129688 6.062573361040605 9.199852337094944
4.466242487811417 57.48880972398501 7.50855026575297
50.1356372355748 73.37216628503226 1.2336240335404942
13.892646399825313 92.6516879545086 14.035272518311151
0.2787543257045655 1.4334591128168035 1.714375558334369
10.586374838477727 59.68445481933567 11.75707448866881
15.718033570309913 52.137921459880175 6.690843193746375
63.31710142935584 45.07972907732082 12.855472950549608
35.32954896002727 68.60527764406785 7.059751217688525
72.95602329910193 50.27470555752279 12.710751829159419
9.483626854783127 0.9720396413856469 7.157208953772171
35.1366745842497 58.11607697292504 8.955457773429533
79.86424948265444 40.91176409307418 7.608550246145325
98.05670779014204 9.342877251299273 0.0602102163312499
20.0 0.0
69.0 100.0