20
99.81266350574637 83.92612037112373 12.6190045583629
13.368845386744434 61.24487452705923 12.627121264790123
6.267263198892353 62.72988395591147 4.044613677171896
41.33163174888195 36.85307003913176 2.3082293534497134
9.119193649223037 77.31383973649378 10.576499163158868
93.08086009253996 8.78596249120716 8.64148703502103
70.12285771793864 12.30665146336103 0.5966554593894129
8.410262621351759 71.78391421395312 14.52977811784226
54.97742839054426 80.42574018909845 13.443972596339524
99.36195805475195 99.85516027265852 5.364363513643778
79.94321760623707 32.20729157356558 2.7372488308490897
48.577265127881226 93.16837632156862 2.6127851702481535
30.450345277503818 17.948159803144335 12.842235019863603
32.015773122843925 67.86957805485342 13.857503265494652
10.764896197735503 83.36811873918136 1.8519599513538312
28.977244922200825 14.6237081510767 7.982420449642783
25.26589899570039 19.570900805056045 1.155277182712235
48.2379793445982 6.444956492410524 4.308775291717783
62.67848002795997 36.7588820545662 8.722001559106744
93.54378645997453 67.88540960664217 1.82247666281335
20.0 0.0
69.0 100.0