20
21.071547679339396 45.307994304591595 10.752275118556959
72.02830229554388 26.646523011329734 5.8427754220002965
55.07970326117628 85.07531329793511 7.221032074045312
1.7906117128050418 63.949129833147104 0.3545017180191713
27.974243276416722 3.55090484379109 8.616427960260431
62.43010917473488 53.34630000364948 1.8562718852313578
6.864213652677399 20.94763157918471 13.780458170270782
10.140477188532753 46.96414457753989 6.09122187709794
85.81974857197979 80.08659636912046 10.635849798304559
50.63338148752164 27.691608824298246 5.11427249053298
90.65186798995964 95.37771105896134 7.750369712992762
62.41112018700809 98.09071283384628 7.286186859229765
9.623603861902469 89.78002395186455 2.290130354416883
86.2046562406043 99.87903617256381 14.19505269667828
53.51558367424516 69.91747910715621 9.983233585052972
52.08963642069463 56.81019130367722 13.38483588733962
19.23526690761665 95.2690634848623 2.6163270422761116
38.85140020974267 4.935979717326219 3.09467010133678
72.5998062452344 95.01694033680916 1.988791099589553
82.55059915856022 65.81835767158506 13.378942359018298
20.0 0.0
69.0 100.0