20
36.320804610592894 25.05849019936046 7.611224202736656
34.93402263074567 83.82395222933972 4.975858436982534
58.856537355957194 37.223559150658225 8.486464625960675
20.549401204124567 16.48315987435685 7.924703111014456
58.28528602423214 27.200512046159236 14.675283136663218
52.22940665278267 16.384001382943676 0.9465277234470314
85.67335660389887 76.7373933775633 4.602302501514188
39.773917332230646 26.151907385505893 9.8456790609332
92.40001025333186 63.097945331833316 4.988663332596906
77.83224369358767 48.48211102497214 14.829492536994268
10.978110135241014 95.48857833149347 11.064512592677067
13.569387306516123 28.83019996107108 1.134716549789068
35.08493323742441 21.762461739628492 11.777277671327596
12.518881244013935 36.899705252773394 10.00295751842256
52.38803695045012 13.314575393927795 2.5848679779765997
99.1220879276372 7.589466833434613 9.455231906485459
22.027694384060148 79.7866197379735 13.243686224290345
16.33670191718657 77.83105626332609 13.470245971627266
15.968042757664046 60.339069409094165 14.295484292366478
64.25013166181847 8.760011401988917 9.211567981893591
20.0 0.0
69.0 100.0