20
77.87570771028783 69.04776142093 14.365887663277919
64.64328807662812 31.783923439565722 6.235618935512732
61.94605265115531 58.713359557837684 14.965377496700027
31.800471733932614 54.166157829808576 3.743133291961769
14.592631101417782 20.46611398458881 5.711027707101034
53.882048880851556 57.0181966692365 11.566549219538548
43.28896303090525 74.23074612840347 13.87237964320284
74.22580464102951 25.100319713979314 5.671159983415091
44.064397945769095 36.2655344596764 13.37318856129106
57.10651997005256 36.645979818204125 13.02481576764004
13.098939254941806 66.65782761268434 11.677919049974914
27.404307070807334 79.4955074487095 9.664338033472976
13.825824352163798 9.973081330904156 5.165058184918817
78.2228899755406 47.566577337901705 1.7730341467082513
74.23978124531817 2.3701180822476458 11.698723945101085
35.2542492065832 71.41666336794268 10.742527353185212
7.576956141205221 64.41589588411397 12.85761792774521
79.75636853217308 70.81366014288253 1.9113354218543974
44.71068269349176 7.630857272644238 6.461751066324511
37.412691090531865 26.023352050060765 7.267539524559822
20.0 0.0
69.0 100.0