20
58.274663877565665 36.0925818990048 13.07298025365484
91.15583721206869 4.174881861820124 2.1487886329363266
5.0776332116137555 21.988140780252223 0.43956458919848085
95.42830857112793 80.20494616212483 8.503749973267666
5.000803505063862 23.689525959970087 7.493803102983119
31.48831176145033 63.481995838863874 2.530718344992586
32.14828659633462 67.85584376909905 6.58955234666184
24.677547930918454 29.727133472856785 4.391397168307139
43.2160569745172 9.307300144379983 5.771636073792026
30.161079469117492 93.10654109007656 10.041964705965524
95.12861382798336 64.17014292385738 12.763665459859645
97.50762346977173 78.93272559034006 1.25007018547469
95.97814812802427 98.75133621155909 0.5901435070458477
96.03231760765216 71.26558565703002 6.239930926088616
64.0685036301039 37.841675723661616 4.164617326089598
39.283319612289006 23.18300081004967 6.89752410491861
11.945775594803695 10.158053994991928 1.3842955887523845
36.93741142898879 44.73383150302529 0.8190680632313376
82.23121133903658 85.22457907184295 6.344329200111787
84.22755739991074 66.37256128728298 13.428836486673642
20.0 0.0
69.0 100.0