20
26.30735995100194 72.0111884110994 10.506436639090381
26.97359557466857 50.75652390674022 0.5235515173705971
66.52024112599035 77.19765145107594 7.775832387708692
89.53053827789667 40.35857331266712 6.620140798315014
13.99344739275381 15.80824561202967 2.9098970847714605
20.838506644265234 7.776127736186092 9.36745463082264
5.252280649306072 12.319729356759476 2.9215368838839373
47.8625475044272 10.704235769858093 4.196491462342869
32.30075646932169 79.6074938520603 10.396998862605257
85.6367623523175 1.953032791002148 4.3800519299279035
97.77740262530122 21.143296792734223 4.305335081331575
46.14714690890105 22.57694091721209 7.4533870799720585
81.06194245948072 18.811524356633782 8.36947038951802
45.790817648996416 27.334198599699288 7.547585203654839
30.735855645955958 58.673877735810024 9.817347041095836
2.0450139442971276 71.84175578737805 11.829911055420574
98.1889331138286 35.3415173463854 10.482053011560971
31.70450720178635 78.42994996794404 9.026671802833079
75.15389695265849 1.7002323453793582 11.843411205431636
4.610386905113041 68.77611244934428 13.425797627213969
20.0 0.0
69.0 100.0