20
87.94218708854862 13.985424760926346 12.77026088533886
77.87052132781552 67.57729214897117 12.821926367903636
8.944744975031584 53.57165500697348 10.709556282788128
22.17511214329727 27.68664184243417 14.78853724884174
12.5213405306366 8.62003567516333 6.18626651638182
72.32441802396615 76.16857179648652 7.996375077418277
25.861765567575404 29.81868610567048 0.13961215904843927
79.77326275556496 42.22579945766873 14.513563014302157
79.42383267251793 75.93501042457598 7.851046988443514
89.81327971083324 76.18365233942605 2.0606994520835427
88.5074068795208 42.610006847264 4.915524287579683
83.98232537718012 24.10328422432465 11.251586570264081
28.95782192231149 44.921066862204576 7.432616228001142
62.679757465280694 63.28277490044185 11.621049864005958
62.52647571216883 38.56177353080953 3.468379117767802
71.51083073958684 39.92323102670606 12.670160071446592
0.5542839025794597 91.8452347126022 8.616252859406917
98.69127288344082 0.6596441229741651 6.619041770186303
51.19682821650258 62.529147968692136 0.09429138394747572
58.53856879040217 65.5879375916872 12.842048189376637
20.0 0.0
69.0 100.0