20
19.667822827463866 21.348987229007527 8.066695402982432
43.3536000836547 87.32496806770108 8.318910813142951
40.52324426414885 73.01566772202862 6.672784866924171
94.61932999820323 74.52431660870829 5.263459851368425
5.9438513922100755 30.964555266663552 2.9906743423672877
25.69672802174012 97.36287560738279 6.809557341014507
0.4208955953822072 71.80785713840599 6.200043300311669
75.68752101204294 3.61900387217645 7.683180260235076
76.93500478409626 13.48801732827837 13.990917698840404
98.28711022206706 26.348572157806892 10.047945042884391
71.79324658866081 96.87197913898659 6.13625630034593
58.219358447706036 4.223867665809418 1.6142814097337652
37.47922284051976 77.96273119442064 7.673881877263504
59.86354164882569 14.754908126485455 2.179585830713196
82.92922644969126 77.0839418586492 9.421606292244592
46.18009239294661 72.21604317514372 9.023679600590752
14.878386585525059 74.41143810265358 3.05988022201015
22.137206601247662 83.45267061973625 12.430592313305818
52.29231828459232 4.257302039915232 13.381015216938621
0.9665144730626146 25.741421061449532 4.835533632324825
20.0 0.0
69.0 100.0