100
97.02877257161185 68.43664802928126 4.88267027052961
52.59965890223025 58.60896551719476 4.814007129368451
97.8781656558663 80.26944032416408 4.9568652240326925
6.264079089542199 93.29797118645322 0.9169781405435848
16.8068630683619 15.582550798019591 4.3224119522346545
25.729684784725976 81.69279364365192 4.901421597762113
44.93067674497999 71.93409467742045 0.5702464034062255
56.495838532191186 38.10311419173083 0.14453662767841946
46.86224482560948 71.53572446076232 5.671558585354349
75.57960985363145 31.49999774869775 6.455804752996809
89.79768668452311 45.66120425548067 2.2251794280259136
83.73098434220002 62.32895717584525 6.756445583571881
54.60365460768867 88.85111066199536 6.505274766524302
77.68742105981397 94.08074191961664 2.8393942415956097
34.21109849177704 6.570953675169522 0.1773845395016619
50.573434654876834 26.84059574762456 1.8120188399100892
74.01172917926172 84.69008174428758 3.880328504833537
3.9574882843840253 82.64273750807554 3.900287598023222
64.13691395227816 42.21646882907279 2.9170735437436015
70.9445884064593 69.62757499188203 6.911179216622242
73.18751071842422 44.19268639911428 4.100306784175624
74.87655440665195 79.32474149747821 0.4624441884572781
40.90772861108388 73.86293352820284 3.213380844397401
4.106996541310931 22.08413670104134 1.5965030914096254
60.49014417355636 60.81804103325423 3.3877684572645634
79.14573123926338 40.7150292195629 3.114979886572869
42.298151669356024 46.25482008899811 1.7666016914707585
20.75161235857116 4.389339579465901 0.010070761534215045
77.80630522563202 55.56456185734319 6.630894469443352
5.571729176567824 24.184598201079147 5.822476605968057
57.35612320315347 12.248957934677058 4.668544453426659
18.29605738329689 67.34710933259653 0.23254106299720068
79.09551012278747 98.86180385790227 5.543723097978913
9.189122378337862 66.22447725113358 6.954572579077813
28.723591472648376 96.31943331218764 6.123185218929756
49.99501708480887 41.415924101436715 0.5951832085595149
32.83823475207315 21.60902503623149 5.707433896223859
31.716040070243686 13.523195501228573 2.020540436114542
52.23606194956062 82.91727606167693 1.3077790531922244
56.10170255008746 38.91988286257827 0.454913926939313
55.374782246216505 72.79195868985448 4.065876249796866
86.2901914039079 73.35065480169713 2.709506286917187
79.78702139134151 52.87733596963404 0.8244568228044331
46.95475401858023 13.826601105404666 2.7633642293666814
34.68727975917569 53.19900163133191 1.2552585545022277
41.96811482465224 18.86291621656604 2.9366368859918097
14.238181042005657 66.40609348455251 5.698062114127692
26.20212555638049 92.44510906002868 4.314928589572397
1.848377555506453 22.482090482157766 4.332382303140948
81.19115909235157 83.47145280736378 4.027876905438664
79.711006534124 27.82242872047466 3.189630946446189
19.25709871629726 23.834202673605684 1.9125432715809159
10.869611160283224 7.557541651051326 0.9079009735430202
28.58573809785098 3.2710560544988323 0.12913008057398734
43.02336580324253 69.83925219589304 4.0166828307945055
18.746982577676743 69.21714904888933 6.19613987224152
90.83954188180141 82.6503008896762 0.7238186142930781
67.34727252264254 53.361758881765674 5.4792488084436535
43.654713536024914 39.21366815323714 6.679695819535922
81.03824294944357 55.824033229364694 3.4054872577711097
64.184405737759 13.074237276533625 0.3739460148335704
13.59697472276793 66.47892263999931 6.559552494240939
85.20454805887738 0.5189135882431022 0.09522537500637407
97.66936501869449 43.08323496846773 0.5302612124544589
4.327899270739586 90.67479867602621 1.1415648805063354
52.55391495751543 49.73722602363849 6.936187624443374
85.3255588713287 28.33022909998164 5.314667203899409
85.60192118182945 69.16655191048417 4.785078516973794
82.51585362060707 73.19262547364258 5.012492111483665
9.952914831906789 42.152009005718405 2.096448758634849
49.99168580067864 56.512238319505315 1.7763547266540947
53.908936565509165 14.469468864872244 5.050940898062278
82.72797107723741 56.232321315164874 3.4595979875018847
69.69866312771794 55.4067117468148 0.887800548573722
76.33211854477184 64.5561278817249 4.888340102404503
70.79620029259519 86.54327376300334 4.27771776863752
89.37271198026616 97.02485571564901 1.9352434636643077
70.38057689825958 68.64757568281917 5.581003213630425
15.208085447522397 8.065344972933934 2.188781766829228
68.52575698042757 39.35651786100753 1.0412452209120397
46.3811473635346 5.381000221759913 3.452823386870399
68.59950430023584 78.79403791006985 2.769299752621292
95.01624477235615 24.81870257060202 3.377419275464889
99.85116183269771 4.070221993117001 3.705243971827561
99.73757850984939 89.66338053745626 6.692515488561938
55.46016957980474 55.42117097029352 4.5975483360154294
75.60985998466141 76.15536961193304 2.9803555373514365
27.34154238703042 50.98787346245203 3.4301032991011233
46.8435385096366 84.91338387142204 4.687447711136507
75.46171430223637 65.99304243968912 5.392579522132347
41.6790932509487 79.29850969781404 6.704604835927446
30.467058152619003 95.16439663396247 6.590801989376572
48.170129459503464 29.504151924318595 5.995942125000967
40.037826341049524 85.4750642689656 4.983652186934991
40.82019904332162 9.250236456699097 2.8900502969348434
88.43358746935193 94.7078000350549 0.7736330081781072
30.752330761766913 75.5406843162896 5.957528839182473
32.33843663702644 36.82946415572778 5.59502574277721
12.94877182183005 78.90261173205005 1.1841552494123098
73.52162572803705 52.91610719439789 6.19037801427985
20.0 0.0
69.0 100.0