100
90.38832114370172 31.87121970933995 0.8686689364351334
36.68451268321025 2.4917115707108506 5.567872577195874
52.78874845380428 93.73467788893794 4.616946138841331
35.524998979285975 84.34399416682558 5.544033066300168
21.41156834976306 66.72768353267318 3.6695817602156717
26.044330047452544 61.940850076610566 3.3842748601202723
21.51030843864279 92.97746996805319 3.9475795434255536
29.9154757426867 27.98792858055945 0.4543845743812214
95.06334441489955 94.39506265859134 0.2585918195950695
37.28650113036665 12.747623305372407 3.107085814376869
67.67843512774003 32.39237745507941 1.2626042274434934
29.40564477379162 47.8819590927871 2.8474474346401033
36.93090682154088 37.80741777317853 6.485821482945093
7.7252962719041145 95.58768024204406 1.660335379016388
66.73842690358305 71.6504641625676 0.07963878587683215
31.682292616217506 73.48087686371389 0.8683100566157463
35.91761357305961 41.691630227316416 5.014538644829149
36.85667767058934 9.526650820835265 6.418196631217327
35.49114015799609 12.823599754301556 2.713457185328724
93.02391889107673 37.968722760712105 5.418524773651428
98.97433784135086 95.93062508213687 2.386176440070759
96.24190982971336 53.571327214865576 4.477913792464846
57.08501820255852 32.17671689126185 1.11798237560129
82.46457046224405 93.69349348751582 3.6394810991281625
49.93167872307177 42.58467619829187 0.8383080159178898
11.809163958938838 44.05297355734401 0.39730458115150535
69.27602464338648 0.03681388987347123 2.5158199992124795
72.6815967560374 76.26146071249259 4.5628587958783235
61.82062625378832 5.663957364171843 6.7757371895878205
88.51324910060943 74.24525033935436 0.669914142371835
91.21278602383612 71.84913472692824 5.491251899547615
84.68049427905969 6.220308790622122 0.49264499780871585
40.55272612838816 86.16433209743141 1.1689699754792398
86.52587517472482 7.69582706116867 0.43654857175909734
31.600946460189373 2.9904650778680564 6.116030689188407
71.86002170779882 32.51416196350779 3.0271667221783813
87.49905177670489 88.07216354345432 4.359306249286012
6.561382906077816 32.1362435622053 2.3807725170342433
17.66014409273848 19.4315517435797 0.9567845291741598
59.737853696289676 27.57010395170497 1.2890478210252927
60.34187516137941 73.65428231844295 5.915521131974246
74.08445074514682 44.61978631827366 0.8664937573607535
55.173390268302846 91.85594499784266 4.928553013911109
30.986552110319735 98.82362708879253 5.5084883706737395
83.63340161853093 24.158396873413302 2.8965967686648466
9.521322301253187 93.64101619601567 6.477079564866824
13.709352244678888 84.04737158365 4.939248934942824
76.59754455267723 74.51134154845853 0.718945300171794
36.16999515415422 5.230020465063631 4.414352386953013
2.994631941348125 37.41018955999924 4.677282631020864
34.79361635847466 26.963981102404468 1.9711234953451293
64.97371449339705 27.658109569218325 1.857958378998505
67.5437880169509 46.717898882274596 3.9983599088862474
83.8296004663013 14.516350027900433 6.201948037325003
42.1390719508698 22.90301115238208 6.602173137686392
7.706349920225559 36.820554955109785 4.91892705873491
12.86038828380562 91.79505357524238 5.385607484292977
29.207520829714497 33.817654039473545 1.480005874877686
79.69486900907546 89.01675135479147 6.24556208196608
3.267421352641413 35.480764805063416 6.137141548210188
93.48364047780036 11.311633575810145 1.8844923119791437
20.957966108498997 88.27797531476318 1.3202259710241875
26.117841461763444 52.42894031432394 5.419362699060236
12.0319402864661 12.127208475419014 5.195969224673401
65.98625491981925 13.254146970041115 5.995518755395937
9.936569770626003 86.43458059615824 1.748851373539739
83.6428666576037 29.59431890008776 2.8211861166225676
94.01658882901971 53.33182883269447 0.5530844521974232
15.026918021750438 58.98929714213926 2.0613070399804636
85.59871506276536 1.3703792036695235 6.221382881979986
45.26547886594002 46.88302571417175 6.6196528108550305
96.6996358240405 27.303423319741782 2.6739200636320977
6.246677645251394 72.38617944855041 2.121063625865567
14.884813997667688 75.19173889548614 5.994940359831617
20.640430183680035 90.71152087598824 6.262337693836486
34.88371605683848 87.94145683357613 0.947651298040372
1.164531638485164 85.84522948904184 2.067534944155687
65.02947378159799 97.6230795746114 6.697872964859249
28.33617859376089 16.70405081736565 4.891133302727088
0.02832413608776907 15.758096509979568 6.593161844839781
70.46693110618804 95.01390501315312 3.558794392094399
39.30977477765763 53.04447087054044 6.664362132668194
73.71298725284089 16.19023453404393 0.6323546235064448
79.95446437945918 48.8094087964739 4.947375540529235
39.61916322159793 59.476105907634754 3.7872560059886515
49.48778774617377 67.068468472165 5.3990060204590735
28.06007520750628 66.92769903109918 6.149930709147079
61.592029022568916 17.06232357500813 0.19048159991317026
32.79724491937286 50.79389371895612 6.2214500448038725
55.97562380359015 84.10574482165092 2.2257694677957582
77.03682455863341 47.901982712807154 2.8033857939415627
57.17400171906088 99.20827850810092 3.0919729148736037
69.24411154700685 27.92588868612201 5.332842520322789
45.769656167679 15.662148849175498 3.273832811052547
15.419306118494315 54.782949850156314 1.0038269002216222
89.29397717814244 64.5566679945688 2.5637220435751615
34.118716761194776 3.6071509845758 4.32396835215798
77.44161420618262 8.777238382463668 6.116999145927687
45.614341901032034 15.507129912387379 6.204771733611489
63.73885284071502 6.243718634585217 3.2528260277153622
20.0 0.0
69.0 100.0