100
93.17605918966514 20.716697606147157 1.1658172578822124
83.07270103916312 72.76703437185554 0.1960809227170116
9.828635335428553 5.412520340891651 2.94612560677696
23.452755014081557 72.1417469405105 0.026562474886458576
83.95838825700224 63.31600173343317 0.3541929178974833
32.01428594260608 59.567517793287294 2.8749092930407363
96.98412266022416 25.03451471096284 5.676882299406784
42.92769033410688 0.6640540696511854 1.0141600642386182
85.45200723608511 18.039082428153158 1.3013159556415044
56.64458581566771 5.0218485077397395 6.587205073879872
46.754019380670066 9.743556812230308 4.164532232913532
34.02138465869176 44.52607025054922 2.5625602748778995
23.05014451616625 59.35982091065829 4.792966602510187
68.72557139187997 70.11959670941833 3.9073111997768013
26.37658543574401 13.458742005725114 6.572425687690753
88.92970805582658 75.75689418597901 2.483095739253234
98.06233802694352 34.97886550382118 5.428435748361548
67.62555972837383 54.94897524464008 4.0994164872885195
49.638321264326336 38.19837182905542 3.5162399593780638
95.881072696055 60.96098668262916 2.20326939619512
97.67693279816392 99.34588383033498 0.12566704717471933
4.744459751258264 62.8726312773709 1.8120420882565365
29.789827874066557 63.85214136196648 0.7257994071201191
35.9717542925075 10.491958774054414 6.504605835943598
72.88402441053611 99.51218297580591 1.1883415521942418
14.62940212064498 93.8368870552157 2.23161704078349
88.62069416308029 13.509753619620197 3.004012716186467
79.02837331497143 32.23687623147764 3.4278342466255314
25.35491949668317 64.62234225614569 1.6289111733722152
16.757448464373827 15.290858921957287 2.8978262258253045
15.017098364670021 64.65031992912775 4.606280038405027
47.30501383535138 22.423493612677838 6.127144314259606
17.46007115060087 95.53409448195872 6.991945009774513
1.8307469840395996 72.37844132646102 0.3730276784571964
87.74646865944037 55.077429056990894 3.13317765112705
95.20409818652317 0.6782030640059059 0.6665790745044712
89.68890114214962 79.3967450891901 5.828528274195355
70.29994246345844 90.3855745522517 0.060257095773049385
24.329091406195012 67.40202407596801 0.7594872273777254
83.3596609805051 82.67723322227137 4.712768865218293
73.34573584044257 85.23575298974946 5.7983245220866335
56.693117981650325 49.933183013501996 0.7543667815684209
21.277335079537213 56.602844319317036 6.8412380376630875
3.0236440522108516 35.05498731683931 6.997174211402957
48.18566581961902 55.22865858728603 2.575378070877303
86.37242587984639 32.923966916959046 0.6419976698141144
45.96015244016473 16.158931165666097 1.892537514876695
86.76296111937562 24.059219061099398 0.20892823979748498
7.537537067079156 38.03740402976304 4.901523249022495
92.21436347758974 97.61576674176577 0.9198083133238615
11.025331016526868 45.0804412446811 5.6143692120232735
39.59817747994362 63.71148682515891 6.500505509691328
60.86915151394471 63.23444221070832 5.252731039165661
56.76099916558178 94.50803490777363 6.536248870694957
89.96681306960977 66.94576803949818 1.1126491871848796
4.312661205331954 39.772101356074984 0.11018049492551307
82.8783912221 38.05319623792595 6.284837724170639
98.92011251000145 72.6092105102356 4.667870095991973
27.732147965719015 42.57087518464604 0.9526930838378233
44.23105780283949 75.59131832670325 1.248079345946831
51.25529320530427 43.763853666159086 6.022468118221774
84.80706361075025 78.48528433582116 1.882515287671669
44.53925399370336 46.930050144499916 4.067519572026651
19.133116739196915 19.31317425877486 6.580209595724113
1.7316332401510228 17.357732031088712 4.305811153995419
61.778256131301504 18.67298214797878 0.8127033005287312
6.5162492529168805 42.35837762691407 3.339391330164975
77.53657472674847 45.88609967517785 6.553928188354578
98.90948967501586 89.68022788345762 1.36208319522414
67.76644231769261 56.239819686428 1.9351436187251843
22.73789398106832 64.29061654662144 2.494585434640473
68.58242273146965 57.81686991733884 2.8187654834166924
92.39733982156602 40.024480851695245 0.21049708850442417
6.306090878758252 84.66845880459933 0.4268244556114149
47.442516852755034 64.92747473405348 1.6431309521900432
55.49702234404051 91.61379543893288 4.94136468172385
64.75590991958252 93.65429447777028 0.5204489245752354
12.949984850594662 77.78060928033653 4.322803419018923
0.05015502904083968 83.32027038748436 1.7263161591191891
89.72588723770076 74.82416378060033 4.028661022334179
52.706289238574584 19.012624310821167 3.2421606617358476
27.39664449166537 28.058089072323224 3.4421513872240492
69.33262196291878 2.683530889313792 2.4389401609007306
55.54932647251452 77.54330102323449 0.2485649957671915
75.5353981975044 83.06626861661523 6.927532464995778
35.545710482264525 32.69311665662346 3.9610260652045546
87.11655515786204 10.990215754189478 1.01997838105906
63.34450567874524 11.21232036133251 4.264716254985917
62.970054240510485 86.49159665518658 1.9074362443446073
82.80183594426745 96.74962566588253 0.6082751224666902
68.02904007457055 80.48709402430903 1.0695866983805615
57.77388788572644 65.5234006525248 6.426844974780865
65.31752591448198 73.20167082735206 0.03172426976943021
78.3868026711419 67.45115465188853 0.33011255524677185
30.46063215530162 19.052616189551127 3.182849877198392
11.506664514719853 27.800634737819465 6.02954896733535
99.99014007630811 90.11153008101917 5.292061888807935
17.77750567961142 56.35308665313539 2.8352199038901964
8.45160878403072 86.87377725462876 6.387674471499791
72.64599884800369 97.44708715972462 0.8716252708103651
20.0 0.0
69.0 100.0