100
56.20626194219175 70.4726464148256 2.260915775660382
23.3320630038603 25.582794140517485 0.37431256200431673
82.42881965224558 35.29570692059264 4.7531566670204946
50.63328336086512 53.47423682742072 1.7406023634976164
61.7269640551705 96.76892929086148 6.7303789453321645
63.876239829319026 23.65279512910498 3.655744671069101
16.140952708923493 9.617805687441011 1.1738757376208921
64.13766083109275 71.35453897469648 5.477561027745708
63.51816291875002 87.45910751453049 3.9599307999969366
33.77038776930587 92.94183524064532 5.839585839976456
43.67929793613825 66.47847887856017 3.7588002935544864
6.350643616064963 20.2361192429367 0.6468263956553086
10.52112366488246 3.10647270433195 2.8590762154314673
24.441418067844413 58.21333866128536 3.3716064836669393
53.24203624113835 44.95780690796343 3.6938531834584403
21.787984997798237 54.508759634815185 1.652756237844407
50.27495442810168 26.592451752170728 3.8182929540797454
21.44164916382075 68.85441503290086 3.544901222233715
86.66680050134227 33.28682610411501 6.580998078604891
64.72403775407989 13.401840407334014 4.646390438943146
71.69718870676336 3.3261337172753818 3.6581948708415606
47.78058931115055 65.10856560443602 6.873266490394368
27.2770757107378 42.36679941963702 1.8930633992593764
33.59912073798669 96.19397620697599 4.5694635455026145
67.50703581483482 50.32729012438828 1.920138513639141
4.984947849283594 15.849956275837373 2.530704760069327
20.728434453924503 89.24201231986692 6.70660578662259
83.89982174101993 41.850673637497486 3.4170683869954286
1.8448947138085696 64.13689891140228 3.748591011714264
64.42218219498797 34.26861437480615 6.616253043118255
68.41803171802212 60.66727820254232 2.7263623019470025
2.3349830460797385 14.292529779533487 6.2824996080411655
33.588951068384794 19.351196354621074 3.4303240922294984
19.130349989215368 27.015491590254122 4.840159316287402
30.584004907269946 72.53011557364525 6.930105865177855
50.462731446361374 3.484944358531018 4.771063100915464
93.5833189242084 34.951536855394544 5.230316200467271
50.98981334339259 25.340423347229976 5.492052599263069
2.2781139952939897 86.13676948267751 1.1486999252390842
90.46850363563463 17.95876367610508 3.5340706384803706
4.820881882180627 98.61537488878005 3.0587042330354652
50.83266048985931 82.62761681565796 0.2685831047869378
49.36406255280979 12.0799942033754 5.620226930409982
28.746872924646507 77.74803300446393 2.6058221465782347
30.86949138319601 52.46166203531532 3.60492075252924
80.68642207379689 62.278545176946146 3.9970893174332534
15.072529461705262 24.544518146890763 0.5397508018919384
10.513015045438493 50.422551122425745 2.441713892626728
77.99737379495177 96.59066414683905 0.3501051818986488
58.103241207621 42.85027556699269 1.298840489500642
36.25721092002656 34.83372784782371 6.091197224851066
7.340400780394041 28.333765967850727 6.711925446649479
78.50049214396375 33.72306135814155 5.610931328592986
64.63820822264907 56.670691659851904 5.3615976545256245
19.74744311614931 35.619313213610404 2.5717557577253327
37.28293384966176 23.145420136550186 4.050284491645389
44.322334979663665 79.89123929297214 5.849219229044859
0.3558223109538161 96.2163010280288 2.8235454471454124
83.31369129916375 28.81600962241252 1.3820080189751387
37.85105434574058 66.52606809337452 0.7803602210292769
98.79942178291253 69.66757337821998 3.602294680562246
82.49684133606156 22.45197075265761 1.1616120715566844
78.06192389456805 81.09838413709898 1.6896732847887102
12.346713365007162 13.708090651104765 4.719697475450345
39.081104389608704 91.77654318658463 6.827340288198412
95.50510700311378 78.14677384428992 3.294977531247645
71.18933352957833 3.3286919473494843 5.017569175483679
1.96163458886033 9.714195196766966 5.218101113940738
33.73051476946643 76.09159963899819 0.315398643357675
1.7618855917176721 38.15103423068612 4.492961989131519
16.182842307618948 36.61765248704479 6.346371050723353
55.16257468893864 70.99280816982308 4.727361945402196
18.18839465797275 62.19138823589685 1.3018058790280929
29.011071188399548 42.45463752222128 0.26489908124992645
30.767281068023834 33.34766488941176 1.2523984205537522
58.547669218070766 42.14156036387275 3.178763604418868
71.09979845018741 59.586366551194345 5.992352668421544
74.38011160167842 79.95686326240788 0.12307351385992937
42.33413232208853 71.34522492056517 3.265471042877846
23.896314069256817 2.3146799797597617 2.902720691881146
19.095172068668955 56.93483562445716 1.529206402213562
85.54721106909071 38.627646224371006 4.8790011727152
37.654468810230135 35.98147230357915 0.8804927407149121
4.153927265563773 75.86511370314315 0.5442014676848762
95.06508289673573 92.57134531186466 2.8565297411459913
42.30434296069139 4.696676186024483 5.154544404354626
92.42952506462986 4.432865065384771 4.29059484730721
61.71052404946983 56.15328916798459 3.5810352901377716
9.558044469845129 99.26037293666853 3.0098677875143895
2.9875939128635354 52.69060187357496 6.774495565010665
54.51565332745339 39.66454831118112 2.9342882494584446
68.4321086434922 78.22742944875806 3.4532700999978383
22.90269996844674 3.5697762234815853 1.8709423788774808
36.851711678583165 16.273451069051962 2.633872413603986
14.411807403410485 14.064283230912807 6.822137953877181
37.38585442410217 51.03918249522958 1.6645327052707772
10.451485326205379 96.70307473826924 6.303808999124463
62.9554175742846 49.607970769418166 0.994408197783821
5.079864263652743 3.6026824474332106 3.491123262972139
52.228948242150096 16.87510093876829 0.3655791742329235
20.0 0.0
69.0 100.0