100
46.032063372089674 9.522786054934285 1.5399251874589077
74.351279272211 48.719552492312644 5.432418821450627
23.02214352883954 1.627641817391447 3.6954916639611697
16.068328370299074 96.93008532666892 3.1728991346933677
91.83201992631659 20.39605941373051 6.127587437721245
71.42638175977291 10.986566328396268 5.783724718271555
20.19967194130464 67.98806026439532 1.504283199957087
96.17273494532824 89.02048747229291 3.2237050001997463
46.09685408181054 90.5483963415856 0.47633106689676363
63.86353024657177 16.67031671261255 6.620700292534403
92.36603055655424 63.28992645816421 6.730605615973848
7.370978255679892 36.58507841002156 6.250248409007652
32.07080978468632 1.0328655535689353 1.5244352926912041
19.974053539824865 18.211509548047975 1.9423381532178357
40.46990633769768 62.61774696147673 2.4947284411945194
17.031969041700133 51.885347578179875 5.959730507506799
34.33961510328766 86.06387486345275 0.18647470192886395
61.79169411357073 15.267429970163203 5.733348506481457
79.76738478934816 65.32182415890233 4.25510694698199
34.75453258468047 86.1066023386573 0.5580055752177365
83.43781396329834 5.918688136126446 5.152939266435546
41.36750641652991 36.35565471347063 2.8370372593005406
15.445002146686644 57.1174779673122 5.8289080722981605
99.82056447256558 51.54495389404208 3.2505735224887014
66.19784834834297 27.76968221718102 0.032179753593044924
37.21415595294388 71.4219510272758 0.4428093844054153
91.09273407790022 97.0713731595559 1.2907702478620382
18.42456029258878 64.41464151317982 5.218652599304991
59.44344874448757 11.13565382432784 5.8379616721608505
46.61709429855007 83.761043426622 5.416459782868593
40.86453511169301 83.12440023722267 0.01784441523815994
93.40731145666427 12.479928319827065 5.058307370427871
18.03373453577942 82.45871228056073 1.725571915830678
60.31031689940836 80.33535666567381 2.685105930921648
50.45060721931876 15.797524748016698 6.932279537841511
53.063100501855985 11.710556937547068 5.037631230331617
40.965204426828834 62.9394418927023 4.32553338829605
29.264184807911654 28.95313857757753 1.7105042598375693
3.2980790545081344 70.98161670422431 6.2188510888068524
68.75286441198743 48.67556496915938 3.7678454930642977
74.91717626423561 69.39728400215458 5.25189056806883
90.6507436160664 28.336064547611382 6.554146769231026
66.38744877552688 40.55750584740346 2.739801783907618
68.20947036273793 30.506231407124393 3.3162652344452
52.72850384318675 75.34379253174156 2.2477153043128464
54.98985732462399 50.69569331554876 2.2926494809614058
70.22383060743924 58.064512277880105 0.5712071134818913
40.312532356140636 99.19477998605242 0.1828989363135035
79.28146950884441 21.27000369397476 2.7405433553634486
25.792177616775366 20.681769700816663 2.298341917710229
63.09822903837592 51.72373358602267 1.600960128044127
53.81428779926527 17.361559339277107 4.391631213933248
51.87016544351335 37.04020217156877 5.222119491899317
22.91049544758201 6.112767166058429 6.701590865117077
63.56884384028049 85.01881263524137 0.7790777076963231
1.6682688651132693 87.67072493655469 6.638241120415598
91.58859647461357 40.26555462269676 3.1379502832340727
93.20050677687786 45.665271632620794 3.8203132665058352
99.10051008254288 31.387270144369484 6.233379371570198
36.73028930160413 23.94456922274258 5.620815948216181
92.59695230822892 22.193241537953977 3.811218373451583
39.839723400869524 55.11449240472856 4.428547935510622
4.867155207768808 74.72839923814449 6.160218245486848
35.22619548398909 1.0018089558497336 0.4364403700025523
76.33742287327287 61.40879111299914 4.161699489342135
55.82655828105045 51.97963309463959 0.9681823203694386
0.4935805415058683 18.690939540185358 1.7890163880399057
16.400593869261947 91.99819385335316 0.047505935168450475
80.16360317019155 32.00837751616899 1.5831714661910594
6.301018377383 78.74698216524513 2.5424168738601542
41.505555934861356 8.57016227184259 6.1846617339069425
80.64118842813167 5.892226554438394 5.0408531196937
17.225620524257977 0.6790846722535494 5.672764655513155
95.61758041110639 73.69792589533792 0.2008634372449315
85.1283733155242 62.07761008330468 6.592776375677616
88.40838354549953 43.798679618381165 4.165612039034289
33.38790495625978 67.73187526482207 2.5637512557127007
31.736464452155925 15.751811357845042 0.39701239623749685
50.871495490989865 74.90868073842418 2.1145043871608133
75.8615034088939 38.77268973854696 4.83655416269696
72.03492633388518 69.7956899530648 2.291009133894695
88.86153881308714 83.40348237380736 4.909985505909667
21.749231590453363 51.5377799572337 6.90045530171258
84.86154214879998 27.72285307169888 4.027641026125322
84.69478104647723 91.91130243735489 2.9480506986904658
92.17449529723068 38.5667903977778 4.142963772540775
41.59357637412088 30.835276767982265 4.724067782387367
60.32410838780503 38.05891423907496 3.8070126148370536
38.849387141399916 25.797968703979336 0.7989298086078513
0.5318598160908028 82.96848652708489 5.787510856440954
13.435190668406516 45.195485217633745 6.694837910009564
90.80161364327174 86.60493911895065 0.4347824916559915
14.237032797156216 40.320352401187215 1.0510072593038307
15.59310704815384 14.227290631377565 4.951400073677061
92.47232685216733 47.86399922673864 5.229130349952763
56.875340244278206 15.659511719942746 0.16670522749243033
53.53752908024515 38.70163018923975 4.629569253881321
98.72701201504684 55.22190145265433 1.1408153962889522
90.46629436779078 81.98268310481333 5.9538197518092755
83.94851194417063 33.658352123963525 1.0911882738026994
20.0 0.0
69.0 100.0