100
5.67042444595322 70.67401432852564 6.41951223691433
20.83039969691557 28.06082880977294 4.254929477728651
2.3745620903716445 31.57538201438076 5.994154871773672
76.26118525421536 6.836846430788995 2.2845273724935673
52.713033265297206 87.42291757844053 3.9485578499964773
61.73181509213467 95.81484272659681 3.1320127469243353
19.758885519484558 16.56980011214617 4.648625618326543
41.946376307779765 87.02496580869987 6.3336415875641565
72.60213980823879 24.63295190918028 1.3020510044145595
63.98128477127603 39.28567716281912 3.118340760719714
7.369743594216307 55.76821450250765 4.631887528783928
99.09549915564189 35.429452638512416 3.855619477368717
82.87674200912488 40.02735099521148 2.2385179620190883
95.7371057866326 18.813806556264783 6.054376294831253
91.58375716667389 62.21334262909276 3.466899338078258
33.748832438081784 35.32843131727289 4.977661135060772
56.79657699206967 72.64311787613552 4.9505891702412645
45.7394757662107 65.43221042469561 6.108151715272831
64.70810034745753 15.40665623994021 3.9390238131114543
68.06815468225552 95.6689619358169 6.982212793082293
17.32060572241254 15.543881554204578 5.109079247621738
96.17381598778776 90.40116074428234 1.4345558006493144
96.6499629366231 37.045075532310406 5.304131711080968
91.83125444463685 64.85382148861834 4.492842812891865
19.367635805597992 80.53741293866614 3.3533945338868936
77.66215361296317 35.732150666364824 4.1259790111643975
64.4304852336751 82.21623163888118 3.2686602065436148
61.54241994991137 27.904297575057793 0.3790543508314159
78.04950126970348 74.95753958360719 1.3040300191981182
60.93753260069976 50.809791019328976 2.757521803126579
12.307261867118992 43.613946226900886 6.7117913942471805
85.43879364660215 75.97590269491563 0.940855133580183
46.661978166317965 53.94457667951915 6.236154228923808
53.64358727819235 83.6919089019971 3.0651281472071044
72.57121314298291 13.572290085631458 3.7970742328504254
17.83579582318852 12.9403712164175 2.0484876293843692
42.7275002763813 29.051629896770216 4.342651389203935
67.58155881094545 45.68154542872862 1.7042959866991247
81.21595023503605 68.85936300754322 1.6085807800956546
86.20067179733178 64.43449921492704 1.6745819807500497
97.86241054055378 52.9914190483629 0.14084939589053314
33.573794364418816 58.547603898062114 0.8050108830618449
72.04794146915346 62.92879247521558 6.894474237649048
50.11554476028163 67.36843307694477 1.3575156247626978
2.011232531939247 13.072940097800432 5.790483029809377
38.852900419982845 28.066709977365193 4.677941652953958
88.2116764341514 74.10901075067166 0.3237172523660101
3.012230901768585 37.477629751206074 4.721451050280765
52.98818653757752 47.34077264164378 5.532828934696993
66.64910757545238 95.87620220936655 2.628548944114213
58.984092706710385 90.38189841139985 1.7902218090176412
32.680691098266735 55.57925346104812 2.0990151168001683
20.89444249033624 60.68172068958922 1.9146268118427554
31.01805142740173 13.491486164306682 0.318534406516662
90.37588412232553 60.53075771044948 5.429331524056618
19.09967381052681 68.88121667384809 0.3586312805935967
95.95656684017291 87.59144161183661 1.0982225192542954
5.213218005751539 34.54030019058831 1.4750696756037565
13.033673618495936 9.543311832596615 6.856043758102083
83.96829248325547 81.00701840841134 2.235008072488135
16.541064663780602 93.86359172898072 6.194809798478442
83.30099780497498 10.10741681164152 1.3126856458456821
77.02675800573469 61.96214599762722 0.6703626191209261
72.36554846557591 60.499206764083354 2.256228116727704
82.4412627348929 50.969743346105595 6.894808890963909
19.684023135068443 58.63723296206823 4.703895441350473
19.826197203651283 63.05947477332709 0.9957895593425928
78.49385124883653 39.996547767992425 0.9154048640332431
16.171057097837526 91.21197574694608 0.5530305880468964
93.63574013824852 38.19549562327891 4.64401167473465
43.53402325060182 15.155215461637301 4.980994428275684
18.313223855612584 71.23329452595456 2.1632387831902515
29.615928492161753 36.05180887132741 0.5516830162186066
84.4546160238833 70.39760884080515 0.7127731211483924
46.72851539437722 6.430082321268201 3.0765791848132262
60.71405583229912 81.56242086701384 2.9173912353698634
47.431396761336906 51.12735221013069 3.0874636254247325
94.97176900297012 67.8377354413286 5.178011531988625
22.080675649946333 74.24491975280594 2.0385914587121787
49.455051641832014 97.07804010166178 4.865912072983706
41.50465700696682 91.97162870977765 0.2765411069703505
30.64600965000742 72.03403266792058 2.8304859947192043
6.730722077072775 84.25302453997827 4.063725371416638
60.48461205124863 10.215821765448869 0.8586391086720697
1.3340541552754646 64.02357390089645 0.5503984089771623
72.56330967375028 98.39025860463246 4.128137198267063
90.7456967696767 96.67614978340382 3.049256279638189
77.12160204012447 19.195025507357915 5.0592904914745604
36.576471998136576 88.19190104802183 3.02413012874851
4.234698196757538 96.37769453876477 6.384435329162123
57.40488701382901 88.65274364421565 3.5306035184083306
26.376744657348183 83.97339221380493 4.401778713268203
8.27342925905718 56.58168098104906 5.795341544642751
57.021785954842336 30.494512572057975 3.5094095330862642
13.564034313420743 84.90738865510053 3.4835453198864226
87.00830848653096 89.79879482439944 1.8400950761284136
76.41709930395804 45.4430595443598 4.8053842041496555
14.379914802230223 66.75866547112129 0.7316743478959472
21.55823375405773 57.435128081416195 0.5046811789039582
0.6130196830444873 87.63210732531307 4.188077901612227
20.0 0.0
69.0 100.0