100
5.037166957141584 22.557574758730453 5.461985177681467
39.66875468959509 93.74535855040139 5.390476201025615
62.940586559502776 10.143420527681428 0.19705737756198716
14.47874993156881 92.71703999365806 1.9539642429716284
21.397818672993537 64.54314592877583 3.715709631233076
13.816772303814412 31.33824184094346 6.190859609250009
31.815788674142556 14.298444237618579 1.5990080934135729
68.63876212716305 64.77472529616188 1.6302770321018571
70.56904174327259 64.39967945359409 6.3753170325819895
14.499211399170134 65.55175706086895 2.421311853966058
2.742344008122325 22.46769004131632 2.0440616281656325
15.553512202065914 98.49571480527635 2.7922984283242536
73.90162330104245 0.6555136709449285 3.0693032166266665
59.55527335744518 76.82003777083128 0.27800612534394187
6.050812509609793 43.2301062391916 5.104993984108639
15.412781399938142 15.007838900346487 3.84304506904721
3.537241764795974 72.90144003306843 3.725424835803071
61.52119380474415 59.89390643760331 0.450202500622054
26.65426620035617 54.4243787082548 5.422135740552422
94.88538553432522 34.26672163765947 3.315629351237888
98.00174157169666 13.988164883331459 2.8470910403522645
83.54201830708233 96.52982832556671 2.5117906372484584
11.457386424735894 42.16609718591863 5.033671082620419
40.46277321637765 34.67098777978572 1.8350186424154518
31.411480908330585 20.43241072456373 4.452011217799932
13.6107742485446 5.42921498095738 1.318453999585142
88.87264343985944 85.05631773365512 6.502166457105003
53.66014649387784 62.34571586034283 3.008561484423896
64.87149361031038 95.61415658770146 4.643881611540782
79.53459154492273 37.478783819838654 6.2742311145587575
34.16526897897691 82.91057472216607 5.248734383040246
79.14331455658474 90.97064453606374 0.16673814380623997
40.63548234391268 10.522341223185485 5.88802659084079
10.873870585392822 66.36831997495342 0.9132404127051039
67.0833248115428 9.708782621644339 2.965653551164271
66.1325898276899 21.602793626626287 3.714203077488489
92.062141600625 57.1938837616825 6.474602986018798
14.583190012305964 2.124897233378592 0.49699143658301115
19.52925286688769 60.254176775967764 3.1042471029715157
89.9288914608433 18.475361175895024 6.339518709227982
90.77847225748823 69.95537311353905 1.3088942467397628
60.65148281977818 19.48775063347407 0.10366551051729056
34.49740645494518 42.293041518827074 5.009592313071669
43.69483736942227 88.77041733056465 5.38897459037825
32.07769701906626 39.685622664585544 3.7636528363245505
6.722408244117252 1.481530055883908 1.7847659744493545
74.25636810310347 25.974159596216 6.470050357509553
15.99111765132633 46.65207338868944 6.332617141418873
78.90684325218955 64.59098666578892 5.575311031637944
6.330255014067722 95.04420314879634 6.791498924645079
4.679149349716642 91.48350967937988 2.0811389740185797
90.25510723619946 82.71512533271334 3.7642743993092185
32.69737881930577 8.147524919043885 4.641706436455908
57.94669692841328 74.2866431631581 0.0861544368639694
83.61805496656305 6.269683368169757 4.594026932398103
67.85687540373739 57.522942628956564 6.685272297428994
23.262444476745618 23.591538214368025 4.576929256712829
17.761982354844097 25.451787061497697 0.5137511179982422
57.449116283066246 78.3508598473633 0.17363263879452728
60.4729938654998 96.1645115688664 0.6551450636271089
93.41782379734828 15.512562262070748 1.2577768263738207
22.861493146925874 42.09065371215042 3.2305386101474443
82.0542213855516 17.96516115142458 6.4653119084467905
63.879464612580705 26.10658469843065 0.561515134880171
84.41305559867739 63.053610754214105 2.6305151197074412
54.87400261330932 22.459577302475232 0.5860092848579054
19.013681644059098 82.07113383587814 6.438398862379133
95.43344328799283 97.92099938122531 4.4031527700364625
40.606876057446385 41.98843066744492 2.2762353474187513
51.0084655153561 68.8874599205115 5.404356043379153
95.10988976802669 70.53040805416923 6.906019972126702
10.244104258194078 71.36319804078786 0.3108408868701026
48.650954509845064 99.5140337551299 1.7137173309665545
79.73698228010974 76.4740344354217 0.9834643464330354
10.121481398782105 97.89484581755812 4.320861403866429
85.53398976386494 37.41522386831223 6.594013996430757
58.21175981946457 80.1611789831744 6.971664847073814
50.876013662110566 91.21102788842957 5.551298226275578
99.56017633447685 44.588397353068 1.2137855016827102
84.87463792156888 28.200018498668154 6.519280775123568
28.557089721701413 3.4313104583642673 6.424369422247972
47.94742760831068 40.609331040142024 0.02081641951773039
80.47803526553666 81.51026306504608 0.41484040128105304
4.708453698714312 14.554374960235378 4.750072461003235
18.146666151211058 83.96433634485254 3.3588319164094393
82.0251058901201 17.449035450948053 6.748343558010112
93.7756353397264 24.109750879926413 5.8033878679830355
90.91005299013082 48.71169179045926 5.433105436006802
75.32121969951203 35.52932415205196 6.845287565523689
59.67932124010153 11.018349130007373 1.4127547118448074
73.86168658459022 64.29149503394186 6.745516606595459
38.61518269635913 54.2046433576435 2.1635510800117674
89.79826034959086 9.414569500626941 1.60072859077374
61.58573478157768 64.48542044262757 0.8331683499442231
57.857539938844724 78.92766099390857 2.9529616840353565
41.37743115801701 98.22956874421666 0.9313385380449737
9.612483599185893 34.832577544209265 3.065815309606681
77.16260529298532 52.05809038130509 6.473464727584771
60.37716974879061 69.68471762850231 5.23939304243547
15.079051216560426 97.31195040093623 3.4085730023250917
20.0 0.0
69.0 100.0