100
62.231294230112596 71.33007334886562 5.246353511102147
47.76019109041556 76.76130761542377 4.871034466456467
77.90779529783786 58.52291968656553 6.173229438894469
80.34875033650586 38.874334773829794 4.156422819304867
66.69483076956344 24.600916856161465 0.5784230192566778
53.858305743886355 56.263157355476736 5.399150741197091
94.11504797533897 68.89069795285117 1.5257613692155045
74.12622158465285 25.484452553001574 5.36162216991589
77.92525732359518 81.92985690023177 4.714383174757355
54.843234949976946 67.4500713510769 5.120772376728488
12.121139196795465 73.3767123984149 4.861002679966281
34.50313093538957 95.67051016430148 2.2900089523518536
80.26706227034457 9.948272747919237 5.116824461966206
86.59155755690237 41.755662251281116 5.297480249625029
34.81614003967652 77.34884296520356 6.984136815090378
61.66631581969698 61.61031471699335 5.998671333713122
60.736198774196865 83.34064336736309 2.2913975843364636
95.53326126373383 77.1345609974265 1.7311361380958221
52.00646511109669 15.764755552141104 4.597745851076973
80.67657840737795 65.72453456695055 2.676525872138139
60.52510556142291 8.753658541852872 3.029249596973472
71.2432285798943 63.80119651098182 6.018670191265063
43.0402531538089 66.04784702875634 0.4126816098454402
90.74040740877464 36.016012547639896 2.782183853133132
19.07353761857568 93.5087540556447 0.011697996866345206
19.011078879577763 37.735061950676176 6.554597486974923
14.014760718379883 49.86803136404028 4.115416559592302
14.987687787985285 98.96221420509347 1.0732819351648144
73.99050617025655 80.85323497600933 4.458269121282516
86.50151993589687 4.437027461006866 6.6880856730464435
85.40675775738828 93.63635427675857 6.674584429594031
54.495315575028826 58.99443755300922 1.5280337566150668
91.70375658282298 78.4834612091744 3.900383986023426
48.199503778063026 16.839720844570603 6.374214145634233
44.45174966725497 86.93800160459688 5.177127212846712
59.77040861451496 5.932528490859369 4.163653734872581
1.3439545975836231 56.80411793949659 1.911849469331639
50.915952925064495 56.88443683325377 0.7215850806291634
68.3708344582357 48.760944920961315 3.7001428510203196
26.9858638627574 98.44816522294063 4.6481998211159805
63.04207999148597 80.02713946598584 2.7170688578093363
18.973316933992336 19.125306550607338 4.691797442640837
42.270173498365246 4.599319557114672 6.992902833922658
60.34086504397609 91.29020935748999 6.613722652078907
68.42204663525554 98.14227945548558 2.7873118959248604
79.13655763226625 28.497035893769098 5.46473771003175
29.398072913445912 31.021849350553587 4.699934590682718
50.0982234386708 30.474711172872823 4.018966228624166
58.63850398136136 0.8416329699438169 1.598895903618673
72.07329066034345 8.664508039569832 6.464555761942662
21.38483307463203 58.37453904586194 4.876513163791575
88.18089829521693 99.28806455810829 3.416933653596824
32.26497855524333 50.188747311467246 4.704763385400306
59.3637976882849 91.88066671895572 0.01509037233325461
70.07273423694404 36.039895961941916 3.8989853572957247
60.946573662462306 70.90832398108687 3.7722314721842496
70.74346316140513 3.6785689739002034 5.718364028622575
13.41266788019404 22.123705353786555 5.034018764283571
31.795331871675156 50.28668636463984 4.961281200539136
47.609773025007925 46.86623325939232 3.5891845838224405
39.917356047921665 94.0297444432693 1.0472472114336866
8.192245455401148 16.216658209663777 5.008885949113531
33.22979507339888 25.72737463709593 4.973605347663089
64.1568064551356 93.85911603391615 5.676337402988679
58.48001989101509 53.73123127806856 4.5802612642368885
46.555299999725 88.29362750477901 4.855305169992372
65.73212818179343 74.84575573615514 2.2781208965295088
25.864121956013783 83.52810172605608 6.336324700191514
51.4665224957103 5.8794167839339835 0.6292740458488871
13.949966425890883 72.14930728468758 4.721019157490994
73.8971809193196 18.883817915713212 1.4985411947445977
19.25275929615758 66.40849893882765 4.160526840891108
49.322313678102695 46.99174013227019 4.372043089445779
88.1417190278474 93.86503687923248 1.6553045368303883
67.75341670810924 72.5816342130786 4.515659076336715
5.51108645381855 80.07639630967925 5.781861363532295
48.6162883904438 26.273055915972716 6.721059438853806
40.960767604215505 4.4588073661465 4.550647616620621
51.81213533543418 49.17227264167505 3.869318506678268
81.8184692459855 39.51930319699488 1.83108181486376
80.28410971984904 58.699667323772374 3.85328174599762
51.94273954230321 98.86255653872809 3.325101551275876
7.213524672924593 44.548657931617704 2.3301475781383623
60.28074266954347 55.44800917585118 6.2147446515637075
61.93867098916682 52.43423093297706 6.742706929377935
59.887909840366426 85.13244723843127 1.8447593645017575
14.534460394969075 91.3724545382414 3.3531250447056222
85.22419821723484 65.89962677896868 2.5273915755454803
8.456637427144122 96.60684893490327 2.622352017415995
83.02975736443706 62.68198383075055 0.1849788630880268
25.797920873003218 82.8959458444307 5.151973841237134
41.721286498073205 61.33240193881544 0.5954192809537631
51.82222894140418 77.7110015449115 2.8107404960537474
57.45557895487174 95.36975570111115 2.0481306886709127
26.719403227412002 14.55424911864993 4.141312468458372
90.47448746298079 98.02137056223825 3.572643383191868
97.3015110539741 43.53804000590013 0.23230775963643857
55.266730828749395 12.239909500016385 6.249592623321735
68.87560100501169 14.672853470369486 0.04592895043701406
57.55408280533526 73.98597141744622 4.742903954846404
20.0 0.0
69.0 100.0