100
31.10205772222694 93.22844572840884 4.7865441028959514
53.89469457537127 12.601814655204102 0.38140470858493924
37.12571246954897 84.28066009759375 0.30537217715559917
35.4898239830737 62.620938680036474 6.697381178322826
61.08773585736036 66.89716894703585 4.244085706634728
85.07122323500205 67.68274492464867 6.364137705408611
6.68750588416443 12.41194350337878 6.671385656469109
96.33860914461175 59.86159351746045 3.429065075795955
15.897290192785814 7.454422654015072 3.0375684549091764
12.858349555064228 11.729418684030582 6.938526865019782
16.825876095873035 77.83877340402942 3.9266279894311484
1.8634853818953676 44.095464726161595 5.542325102625356
28.65001747828585 87.50050708776752 5.033702013002133
46.57074183483397 57.077744732656264 2.0721177589259265
64.19289107048131 8.73972349248708 6.4989280628311334
91.5602221675475 76.79868715744462 3.663798160303895
65.07818316212112 56.653410349684606 2.1490178926338386
55.722345280809286 31.30453421462053 6.597601701469282
84.30957175253008 41.26466060504954 2.5665288153111843
58.49903737576586 68.82310650765697 5.331598212468752
77.16237913223473 12.29263606060486 0.963692782311105
6.312350306653429 98.17723131405937 3.078112220062112
75.46186178477933 71.19330201569177 1.0909889782187312
19.20918207309878 25.24017217020559 5.814478094767761
85.2556182317457 28.437689977121185 3.7780136824636514
28.547606315961094 29.771047565038476 0.5264917751464007
31.37597396731526 61.31486201854698 0.048530365299142564
15.186219080748053 43.02962843052118 3.9424045331855258
5.968917592454882 66.51728568228233 5.425365980606659
95.5982217775272 6.994326808587985 5.577221332399628
75.92140766908335 91.90679013921311 6.5831977783871025
63.39404484897228 54.31945519286029 3.2177346680445003
70.48307931011243 6.03020585060066 6.919742120983978
14.183016070640829 71.8594523647572 3.9117961769819347
8.297347839147601 68.06502736922181 4.173595002971861
28.989299097406892 93.56254395309061 6.151082073421751
13.393442940038756 84.72601817311087 5.554118832251702
22.929716192140365 84.63847738617694 0.9272997062186493
6.552889618385516 45.729488807632976 6.087139319719317
22.95839518917829 12.143157750923821 4.816898283280514
7.761755610473692 57.553843544620555 5.8522632750823576
13.27886148413117 24.234480508474906 5.721000141469737
84.08159096755344 59.706034713532695 4.935682185581429
91.8810907748503 55.63469801893163 5.872060056919449
55.3953028548804 33.49108683624544 2.2373630070272483
12.443455766328912 71.6941201476955 2.738823189225434
27.827370822324617 70.72505704924022 3.6660469885768987
45.21402519991747 18.925192646186186 1.563257542808476
41.97951027109382 97.61306729012021 6.046213806684754
4.607277932792163 87.37480150275891 3.841013706852904
88.20600204367322 49.027648599316564 5.7687298622314795
68.30833405479855 94.03686361917376 2.6682632785983946
57.11593555851453 75.68105511120766 4.6705501989888285
96.16784366657981 63.28022452051303 0.9032939488737781
17.251776965927363 47.32942585026362 4.3960185907583815
56.46328323826517 71.9928846662861 6.490390984597921
24.450615058259658 54.783181609379305 2.9335998217431962
37.695339922291275 61.98792059974628 2.3660799115322777
72.76285843790397 60.49135908152939 0.8035513974703666
60.18945173432811 44.032883918958746 6.338414124466276
3.383931355870465 21.473522903895095 4.049341624102359
50.19209725808122 98.23690642972561 0.72818355701952
3.4650036260122077 81.30396308274973 2.5014326442156842
40.167557210392054 80.80689028695329 3.7753234737811185
3.6264722597427523 80.62345868143689 4.606632806669136
40.76960764372434 17.0261027304768 4.855883393652303
39.61851780607515 89.4590826355292 6.485142245822089
97.19041289552838 68.54639960660646 2.9735966558275377
69.47782758437882 13.170908742515767 5.36584688073066
32.59865679144083 29.22613228342328 0.03488970809653813
44.437345273710314 72.80105839976747 2.253438886788311
77.35420803457994 84.23530272164197 1.9527981329371555
3.8571149689729394 81.8625994329577 1.3505700836881758
39.78535299793816 80.53809374210384 6.963792547844546
58.00514173623262 55.09069491752813 5.179210897944447
92.50041462302318 51.29995808934225 4.2436114685658275
55.08355688288338 67.30808759706794 1.8129916654213765
91.04986887752274 2.780601366091782 0.7959088829698505
70.59712959595605 24.821211496549285 0.4268409028481094
18.120870038490597 59.57721274168166 2.582742730373911
32.299097302849056 82.46847290331407 3.4037786093126887
2.8693532774101387 83.16660590766544 2.9455192333249123
19.937771967007944 41.65090428452905 0.581319462355939
54.736318022206376 47.27530977171871 0.8230637846636805
87.4274147099876 23.49478630633441 3.993455590513552
69.24113370655066 41.48821501345817 5.638404091752603
76.6351977302242 46.08387098268421 1.6233857151928026
12.893887881283792 41.24212730024827 3.086049085407547
49.18745648022256 18.408805037250268 4.483748877207825
40.84205437344264 49.082980190428486 0.20008257999279377
0.9793728437684746 43.47476445026748 2.832838894572392
42.04325244412389 40.22795422998697 5.797791577886615
59.01560640880289 14.920989409614378 1.978254520222478
46.03524371983528 81.55911120978477 0.32357317922136963
14.3208791627311 23.858685421248715 3.688418514180756
6.426759594603626 34.55903172006603 0.16007308823033817
30.717748949730808 89.03546468405005 3.4195438999424734
89.60306950419503 48.53813287491109 1.167813933875444
87.16258630778785 20.631162995176357 3.2449947073258874
0.9285272186765301 98.00950647209582 6.604154480319221
20.0 0.0
69.0 100.0