100
88.11988213186854 31.454017001637283 5.487012403474428
5.711193731634639 29.07178176575355 4.686246921664242
70.32479023138698 58.438822461031485 3.9719403581206754
70.85415495425141 40.058905015410325 2.5883403850647295
88.577912191946 63.16205624067663 4.489785658736397
59.35246104948185 40.621257576507446 2.7079373382000567
94.34425315203411 36.73322624368333 0.5960031107366482
58.66289624456148 6.573626644102531 0.19681181591788888
32.94669948553699 1.6042620816882547 4.141053270056844
66.87357944662487 93.63956316696793 2.747479728833683
2.7862180662581766 14.020880953872553 2.09169212006621
34.52247116177579 93.19787147502454 5.350800579212616
89.65770034896734 61.22400297956317 1.7119468709917598
53.50236145856019 78.25707617856432 5.075761074097804
7.598128536560714 87.20557938746653 1.6802697895279326
15.399400659441213 48.32263939728129 6.637845485686322
20.782463972554154 51.009713431575314 4.861194468619391
85.75306017186259 91.29105966177168 5.974025741066284
69.2743292661743 40.409203433165374 1.680375232801671
93.40867436575256 75.79785932239676 4.415957859689913
42.35354550618452 60.640439503892715 6.7036257349447865
0.9528326217811879 15.800123138778476 3.360562087220492
27.068880424130107 6.4990661939460805 2.0358129865158636
98.03972358096243 58.38498003580222 3.59539243470135
30.279867354395765 68.9722843873778 1.0251888068328823
39.59738789038499 30.772069979283156 6.667202451958108
78.9744051308265 9.550307187575028 4.895446121866715
68.61329869468364 29.75697016656074 6.43265643197386
60.35773884894111 96.60169125612329 6.148212239774483
27.093731469798573 70.33354485501953 5.0939495744054355
71.3462190055308 4.1093075157035575 2.9034401490768893
23.558360759425124 5.747084958111333 5.656837324487477
52.30445369171637 2.1580695249468667 4.103497231108252
7.0709978716484825 74.87024953615217 1.7350373244748327
8.556320000957953 22.483196318683326 3.7661123341296125
87.18593067721838 70.07451065935547 0.4225576455884672
19.87442949226272 33.235232572410744 6.09232124351096
68.30569392057708 36.35633524363177 6.3639867415236555
15.325751113002172 75.75980206916263 3.3844084046716465
71.50842424381966 19.723441316324305 4.896827216533455
94.42405584582355 24.781946000857907 6.4608329803415625
45.220916947285815 49.8360993328136 4.2490857710653005
90.6300235083173 92.33940170029878 1.8131238423779916
87.9655675140645 19.480287025139802 4.13817164430524
18.064721255808404 47.540688995640856 4.504003464183999
71.45155638498916 24.78363460268515 1.2451745332180537
6.477456855048634 76.42750234577655 0.2921061094145032
44.719381079471496 19.502689159337187 6.980710687933268
48.155965424757774 72.09523062243042 3.7617757954136564
7.706047128673712 88.21804514806944 1.4642629535610672
79.80434464779589 15.955440748631155 3.9316385425756533
96.15942540293526 75.81808524337237 2.07400413041901
14.042547985995634 28.99717350017327 0.164960922837753
10.952456897075518 67.28282584615934 1.0985686739301135
1.0467881950041322 2.537222348033075 1.4929589588429795
3.994609853966529 26.146105757774873 1.997767729551287
46.90875605662819 46.665192767557954 4.4845144699011525
2.180724183982327 93.14569485123253 2.8778914020931907
89.17300114618295 71.37678083407407 4.332479966887502
81.51911517772923 38.6786068005429 6.43089774348385
99.51693878941067 61.554900640623735 0.28998573711392217
61.777503641092395 6.755395092644396 6.252314535951759
26.58112025764425 88.06538616690014 5.549945413880945
29.437711819462024 66.40727684027043 0.9341727497648125
26.59962590493212 26.889324755590092 0.7391595547601569
36.0447397583255 12.248682532967294 2.655143780028128
75.97845464730987 49.27555305817029 4.8498017011829235
23.77095397337066 28.188262342781563 1.7486865827063847
68.29835505983662 45.81775056781307 1.4123491011847051
15.012813324248494 88.75596879254768 0.2144857702030365
83.30416873201816 70.80241550901253 5.57292704988303
21.474989960873586 15.106017777848159 2.6262978135366843
10.37831976752963 85.67262280921672 6.435701006171345
41.374555147700775 64.45807824484316 2.530286144446723
29.787260538306594 50.82867832417473 5.84211728995769
77.28628347890437 53.42760881024263 6.618571187465236
61.91510166638982 68.34942988614077 2.87562506889922
48.79388474990464 7.027635467848167 2.7429644563346196
42.14711990415835 51.81309339825622 2.1770691557933355
79.11123596726375 61.810114816681505 0.7468764313719031
9.745137081799008 28.212733165405492 1.8515673356340345
97.73422310765825 93.90316204442382 0.10660375081816775
8.749819018118517 97.90873061652496 0.23885045347099798
82.83801637164531 13.676848363055205 4.8641603984001245
89.52038455610793 56.19310403113159 6.730441709918537
68.28468850661433 34.1266046319716 2.801201454185848
15.687602259318487 93.20553011942046 4.353947788628135
45.456941434128765 91.25521533395221 6.869713068771776
48.613227368684804 31.385670189316873 5.809877214365804
7.729574011695218 85.98843230226845 1.3226181855047099
36.412941480850314 19.526777465014177 5.016005340552358
0.6812347311828023 46.56568970566052 6.838916101203713
67.11140787550083 51.88285188751764 6.9489096628026505
34.067516375392614 41.30945146010114 4.664048216692618
92.84626184921358 35.67189683101981 3.8695093799325972
90.0972763285303 4.266202604623698 4.933037078983677
83.53431954980194 63.30391355343403 4.996855763156162
92.6155112920068 13.514037382451109 0.7281807398226741
87.10540449599358 17.334600754728275 4.5222519649226856
3.118515319055352 79.24100620396496 1.0277750887121773
20.0 0.0
69.0 100.0