100.0 100.0
10
87.486046 87.06627 2.2320645
10.830955 72.27454 1.2960242
66.203964 12.268591 14.067418
71.44674 95.0349 13.821029
43.80942 90.34753 19.369545
14.3898325 74.3108 15.533964
7.5905795 94.40408 6.774453
35.873756 61.990334 14.961893
78.94754 92.9222 3.5296397
46.947113 95.018265 5.6808796
5.0
20.0 0.0
69.0 100.0
100.0
50.0
179.39699
200
20.0 0.0
20.089703 1.7908077
20.251934 4.5395803
20.414167 7.2883525
24.18701 10.439085
23.980772 13.354242
23.774534 16.2694
23.568293 19.184559
24.637642 22.34374
25.70699 25.502922
25.965336 29.257984
26.223682 33.013035
27.627893 35.281708
26.851128 40.244957
27.01335 42.993725
29.591312 46.75464
29.753536 49.503403
27.756062 51.784866
25.502552 53.521484
23.779284 56.715466
21.889694 61.15542
21.855686 61.33895
22.416843 62.372917
23.05429 64.19586
23.691742 66.0188
23.691742 66.0188
25.71029 66.635994
23.788769 68.54689
23.788769 68.54689
26.168018 68.236496
22.973824 67.89066
21.979332 65.40753
21.979332 65.40753
21.979332 65.40753
23.773064 64.492165
23.77306 64.492165
24.079403 64.84725
27.16733 68.30199
23.412842 68.1068
23.356321 69.15715
23.356323 69.15708
24.127312 66.30413
24.127335 66.3041
24.12735 66.304146
24.127357 66.3041
24.12735 66.30411
24.010527 66.670006
24.010527 66.669975
23.976515 66.853546
23.976507 66.853516
24.08958 68.67016
24.368656 69.71247
25.006094 71.53539
25.006075 71.535355
27.509405 71.24416
28.315195 70.49513
28.281176 70.678665
28.808323 71.8962
29.008926 73.096886
29.008919 73.09688
29.111416 73.47738
32.267464 75.8245
34.715 75.28144
34.715008 75.28144
35.98496 74.47436
37.45953 74.441345
37.459522 74.44137
40.513927 71.8541
43.557064 72.561554
40.59972 71.58282
40.262737 74.28455
41.737293 74.25152
39.074707 73.70877
39.07472 73.70873
37.491253 73.67758
38.96183 76.07609
38.961838 76.0761
36.87577 73.74965
36.87577 73.74965
35.972794 75.93788
34.926037 76.02162
32.866905 76.136826
33.76861 75.160286
37.360184 74.61622
38.630173 73.80915
38.630157 73.80917
40.654675 73.53265
40.317684 76.234436
41.19917 79.341385
42.080643 82.44834
42.97931 87.18931
43.86078 90.296265
45.142124 92.30786
45.14211 92.307846
41.71633 93.27983
41.716335 93.279854
42.491573 95.49601
43.254234 95.10209
43.25421 95.102104
45.167755 94.75477
45.167763 94.75475
45.167763 94.75476
43.2591 93.61183
43.259087 93.61186
43.908455 94.24685
45.799408 95.36892
45.799408 95.36894
48.2325 95.443985
50.641994 96.89224
52.50925 95.89802
52.50926 95.89803
51.32045 96.20506
51.320446 96.20508
50.763603 95.38785
50.763596 95.38783
47.736042 95.61017
44.780712 92.40529
47.76829 94.51106
47.20471 96.60806
47.20471 96.60806
48.430225 96.229034
47.722084 96.9998
48.04205 96.954956
47.802994 97.02786
49.08426 96.9264
46.056717 97.148766
47.57789 97.633156
49.621487 99.03275
49.0843 98.867
48.404243 98.910324
48.150043 96.052635
45.882973 94.08775
45.882973 94.08775
45.847054 96.1862
47.8907 97.58575
48.921 95.80765
45.512012 95.11735
44.035656 95.59706
44.459053 95.82398
44.45907 95.82405
44.459084 95.824036
47.234543 96.93048
47.234547 96.93048
48.930504 97.31057
48.584785 93.85395
48.603615 93.8466
51.80872 95.14818
51.808727 95.14816
50.708958 92.22631
50.70896 92.22631
50.70896 92.22631
47.504738 93.91341
47.504738 93.91341
47.504723 93.91341
45.59943 91.81873
45.59939 91.81871
46.94861 93.27385
44.55813 93.32615
41.864937 94.43458
44.55108 98.06434
44.55108 98.06432
44.30822 95.005196
43.989056 96.64305
43.762764 99.65566
43.291775 96.09859
43.291782 96.09859
43.291794 96.09859
44.114685 96.1238
45.46392 97.57894
45.46396 97.57892
45.463974 97.578835
48.35202 98.47308
48.352016 98.47308
45.56074 96.04663
48.390823 96.95233
48.390823 96.95233
48.869473 92.06644
46.573277 92.23833
44.277065 92.410225
41.980865 92.58214
41.980865 92.582146
44.810947 93.48783
44.360817 96.89545
46.530907 95.79761
48.700996 94.69977
48.700996 94.69977
48.700974 94.69977
48.700966 94.699776
50.930946 96.10167
46.764587 97.883766
49.09635 98.34625
49.096416 98.34617
51.918224 94.465614
55.242092 94.686
58.184376 96.94135
61.508255 97.161736
61.508247 97.161736
61.508255 97.16175
65.67612 99.77963
69.0 100.0
