100.0 100.0
10
40.080864 59.554276 13.20626
77.584694 32.392963 11.686762
37.79171 12.637172 12.972377
55.11124 85.82316 15.216156
49.902294 37.753193 12.668029
61.391853 7.281701 12.312253
17.04547 70.92828 4.026395
5.287399 35.90006 5.782657
40.102238 35.136883 2.3216484
12.690309 61.245064 2.202306
5.0
20.0 0.0
69.0 100.0
100.0
50.0
184.42212
200
20.0 0.0
24.943932 0.8653903
29.26413 3.286906
31.493263 6.2609663
33.72239 9.235027
34.137 12.2188635
34.551613 15.2027
34.966225 18.186535
35.380836 21.170372
37.928535 25.25129
41.33718 28.744354
39.34582 33.098984
39.35862 33.11563
39.358604 33.11563
39.35862 33.11563
39.3586 33.11563
39.59003 33.916306
39.590034 33.916306
39.590034 33.916306
40.166843 34.81003
39.819347 34.26217
39.819347 34.26217
39.90521 35.36478
41.062084 36.288902
40.684757 34.03023
39.78934 34.907627
40.62698 35.69441
40.626976 35.694397
40.670887 35.68482
41.82775 36.608944
39.609993 33.42993
39.930725 34.27125
39.930733 34.271267
39.930737 34.27127
41.087597 35.195404
40.19219 36.072807
39.494312 33.72825
41.415066 34.43449
41.219456 34.228832
38.895885 35.26029
38.975414 35.430973
38.141266 34.236824
38.455765 34.138252
38.64732 34.27898
38.64734 34.278996
38.45169 34.073315
38.451694 34.07332
40.50016 34.46491
40.55582 34.669235
41.02593 35.085724
41.22267 35.101475
41.41508 35.36955
41.415096 35.369537
41.415096 35.369583
41.415085 35.3696
40.099834 37.150726
40.718388 40.430077
41.33693 43.70942
42.054867 46.864864
41.090153 46.705837
41.370224 46.749187
43.49797 47.947895
45.625717 49.14662
46.04047 48.68464
44.433292 48.18654
46.539616 49.000313
47.016502 48.706463
46.807034 48.715076
47.758335 49.67597
47.758343 49.675987
46.36989 49.221184
47.099464 49.235092
46.243004 48.817528
44.12105 48.734615
46.391254 49.301147
45.370445 49.23416
47.1625 49.15213
46.85868 48.776585
45.26802 49.323696
47.686756 49.06881
45.709015 49.487617
47.501076 49.405502
46.550903 49.33897
44.97984 48.135098
46.638554 48.767746
46.63855 48.76774
45.60721 47.899895
43.4749 47.69048
45.87825 47.861004
44.444054 47.407536
45.251972 49.10645
47.132088 49.59644
44.999756 49.387035
47.403076 49.557545
47.434967 49.560436
46.01784 49.488297
45.714024 49.112762
45.6854 48.97416
45.964874 49.021503
48.110474 49.74811
46.6934 49.676006
46.335743 49.464878
46.33577 49.46486
45.64638 49.436188
41.841236 47.20693
43.74635 47.38675
42.725555 47.3197
44.54014 48.691425
45.83765 47.78131
46.467525 49.598312
46.172768 49.423138
46.48803 49.37231
45.167454 49.41146
45.28477 49.41447
45.28473 49.41444
46.20735 49.23354
47.129986 49.052628
45.365623 48.87367
44.870384 49.10225
44.620026 48.42986
44.7518 48.464252
44.7518 48.46425
45.650467 48.07724
45.65046 48.077248
45.650455 48.07724
45.65045 48.07723
43.226875 48.17451
44.94493 47.55537
43.753143 47.406082
44.06841 47.35528
43.84313 47.451305
46.524834 49.912346
45.427074 47.48011
46.345325 49.817394
46.34532 49.81739
46.782013 49.799934
45.581493 49.283836
44.89456 47.543934
44.89455 47.543953
42.698765 48.156914
45.07522 48.402054
45.77101 49.619843
44.673237 47.18761
44.673237 47.187603
45.591503 49.524902
45.59149 49.5249
45.59149 49.5249
45.65393 49.546402
47.567772 48.7383
46.405117 49.159233
45.39448 48.73783
45.39445 48.737724
44.301258 47.384754
45.425663 47.803524
44.027332 47.831936
45.20567 47.68256
43.945805 48.3929
42.85261 47.039906
43.372578 47.15879
43.37259 47.1588
42.499992 47.54317
44.649853 47.18971
43.119812 47.96861
45.010834 48.88947
42.190735 47.744537
44.061768 47.684155
44.42775 48.37428
44.427757 48.374268
44.280468 48.09919
44.280464 48.09921
47.54218 49.0132
45.19653 49.140915
47.447807 49.755775
47.395977 49.7215
47.309147 49.99103
46.105476 48.23911
48.81927 50.131233
45.999187 48.986305
47.407253 49.84925
47.40726 49.84925
48.14394 49.63494
48.14391 49.63493
48.66388 49.753807
48.12191 54.107132
47.579933 58.46045
48.7046 63.18863
50.88022 66.87985
53.15863 71.32666
54.27233 73.63222
55.386036 75.93778
56.49974 78.24335
57.613445 80.54892
58.72715 82.85449
59.840855 85.16006
60.954575 87.46562
62.068275 89.771194
62.990585 92.13191
64.10429 94.43748
65.21799 96.74304
69.0 100.0
