100.0 100.0
10
14.125319 42.3917 3.115363
46.338753 25.593016 14.173174
37.90757 60.788498 18.448761
66.45494 63.255516 16.56472
92.01717 22.266073 8.619215
18.976294 27.447212 2.5148044
56.12072 51.16945 13.962072
30.523367 5.7607102 14.450668
51.841984 99.67155 0.21435624
38.858715 26.950657 9.038288
5.0
20.0 0.0
69.0 100.0
100.0
50.0
277.38693
200
20.0 0.0
22.4103 2.3095195
24.820606 4.6190376
27.230911 6.9285536
29.503881 10.761852
32.945694 14.355397
35.355988 16.664913
34.558388 19.234299
34.46644 19.09378
34.46644 19.09378
34.466434 19.09379
34.77233 19.241253
33.983955 19.59724
36.90698 18.343517
36.52097 18.39926
35.779434 18.986439
35.356262 19.119
35.32248 19.11864
35.69995 18.981422
35.168953 19.023355
33.865993 19.634052
36.78902 18.380337
37.582344 18.26687
35.828564 18.51537
35.828564 18.515371
35.83659 18.60689
34.835457 19.132456
34.4665 19.077204
34.466507 19.077208
34.466503 19.077208
34.466496 19.077206
36.197544 18.664978
36.197536 18.664974
35.297756 18.935287
35.29776 18.935287
35.297764 18.93529
35.297752 18.935284
35.32386 23.73613
35.6925 28.284477
38.30061 30.097748
40.531647 32.7673
41.96959 35.069588
44.954666 38.90776
44.48456 43.884007
46.83667 45.909748
48.560318 48.30511
50.91243 50.330875
53.183495 53.893955
54.078865 55.548546
54.078865 55.548542
55.27367 57.997307
52.5189 58.35231
51.08197 58.305405
50.694942 58.28258
50.895256 58.477577
50.895264 58.477577
52.323563 59.560966
52.183357 59.50148
51.199146 60.35634
52.897663 57.716335
52.89767 57.716335
53.686363 58.880238
52.886818 62.365623
53.23472 60.213165
53.23472 60.213165
53.23473 60.213158
53.23475 60.21318
54.103798 62.636276
55.172905 61.735413
54.043175 61.584347
53.004936 61.13759
51.906975 60.981636
50.922745 61.836517
50.922745 61.836517
50.8131 61.62538
50.583176 61.46843
51.77793 63.917206
52.045845 59.22972
55.41575 59.36206
53.863792 61.809143
53.863808 61.80915
54.70542 62.6392
54.4772 62.623913
52.789127 61.555042
55.476578 57.38304
55.0876 56.964493
56.097446 58.869015
54.016956 61.28626
55.938175 58.389454
55.938175 58.389458
53.85769 60.8067
53.85768 60.80671
55.836365 60.68624
56.221252 60.538002
56.221256 60.538006
53.105335 63.40715
55.589714 63.48782
52.8349 63.842796
55.24855 59.962288
55.471146 58.95942
53.046112 62.33132
54.103767 62.831444
52.226738 60.657387
55.084084 59.05397
55.08408 59.05397
55.497715 59.549477
54.030724 59.62069
52.928856 59.81405
52.897163 59.802452
52.41022 61.32221
52.02322 61.299397
54.489044 61.776344
55.28177 61.705406
55.288574 60.359123
55.295383 59.012844
55.295387 59.012848
53.450478 61.86242
53.614784 60.064598
53.614784 60.064594
54.61161 57.205215
54.61161 57.205215
53.357178 56.849457
53.831825 59.898552
53.831825 59.898552
54.760807 55.301865
54.556313 57.793365
53.525703 55.989357
52.769905 56.066925
54.980263 58.114304
55.57234 60.715137
53.727425 63.564713
53.852745 63.61621
55.584496 61.72331
51.263954 59.94241
52.60885 57.72126
50.851646 59.57558
51.278687 59.414707
50.01183 61.29534
50.011814 61.295338
51.413784 60.979565
51.42244 60.99243
53.36149 60.39747
55.206104 61.85679
54.8154 61.78404
55.612316 64.1918
54.447445 62.026657
56.130238 60.988407
54.506004 63.540688
54.50603 63.54069
55.0928 63.499744
52.948807 63.04703
52.12785 63.6382
50.96298 61.473053
52.5757 60.249496
53.980366 60.246277
53.210815 56.753647
53.21082 56.753647
53.47785 60.29438
53.47785 60.29438
53.74489 63.835114
55.29111 63.82734
55.29112 63.82734
55.291103 63.827347
55.291107 63.827347
55.05491 61.29782
54.818714 58.768295
53.584133 58.180496
52.30107 61.700134
52.730145 61.40927
52.730145 61.409286
54.871677 62.971046
54.02603 61.48562
52.73556 63.274902
52.73558 63.274933
54.18574 63.619793
53.63733 63.22227
53.637318 63.222256
52.762604 62.14285
52.762604 62.14284
53.405052 63.908348
55.226013 63.144928
53.280613 62.64579
53.53382 59.252384
54.330734 61.660164
52.301846 60.75978
53.09875 63.167587
52.224037 62.08818
54.169434 62.587326
54.16942 62.58734
54.966362 64.99512
53.66877 69.23116
58.175697 71.447395
62.682625 73.66361
67.18955 75.879845
68.103645 78.25365
68.580696 83.196976
69.59479 85.61626
70.47929 90.5279
69.62012 95.23981
69.0 100.0
