100.0 100.0
10
86.61703 42.274292 10.728753
52.050186 91.37888 15.039018
27.336172 69.57792 9.733014
79.10611 6.825357 15.6539345
31.076548 34.846695 0.8558775
87.185104 77.54921 12.606111
20.539072 87.90715 10.508885
78.95713 16.786072 1.284941
53.99321 16.93336 18.334827
98.40654 21.922348 16.135983
5.0
20.0 0.0
69.0 100.0
100.0
50.0
175.8794
200
20.0 0.0
22.842247 1.0714056
25.684496 2.1428113
28.923527 2.9278913
32.16256 3.7129703
37.021996 4.8885803
39.864243 5.959986
43.25786 6.4468064
46.979965 6.406874
51.9228 6.677781
55.644882 6.6378508
60.57805 7.2374716
63.971664 7.724292
65.89436 8.521802
66.07005 8.518018
67.77603 9.280207
67.933716 9.305066
66.63782 9.237119
64.788864 10.497184
64.78886 10.497185
64.78884 10.497189
65.75404 7.67358
65.75406 7.6735783
65.75409 7.6735744
63.853203 10.187162
65.75192 9.631723
65.75195 9.631726
67.57492 10.629378
68.23276 10.29466
66.54794 9.724693
64.565895 11.517937
66.88122 11.627945
68.968376 10.845448
68.98012 11.399643
68.98007 11.399645
67.61982 10.294837
67.32464 6.2520323
67.32464 6.2520323
67.32464 6.252033
67.74722 5.47097
67.44302 4.770525
67.09799 7.171261
65.744995 7.172802
65.74495 7.172802
66.21936 9.514993
70.35793 11.889323
68.865845 11.17588
68.82374 13.260434
69.04155 13.101408
70.86452 14.099066
68.88237 15.892303
66.60655 14.952927
68.70846 15.234177
68.70846 15.234177
68.708405 15.234177
68.70843 15.234184
68.708405 15.23418
67.085526 14.18737
65.701515 13.122025
65.55393 13.461103
65.796524 13.536753
65.79652 13.536755
65.796524 13.536756
68.50058 14.675287
69.74304 17.364944
70.98549 20.0546
70.98549 20.054596
69.80452 19.369759
69.80453 19.369755
69.4366 17.222847
69.06864 15.075933
67.90565 16.387297
67.53767 14.240381
67.94974 16.197931
68.47928 16.638235
66.96622 14.497765
66.96622 14.497765
66.966225 14.497765
66.244606 11.974741
67.008385 11.433768
65.506355 9.717826
66.411224 8.809924
65.61292 6.3299646
65.61293 6.3299646
65.71004 8.493573
66.262985 8.207941
66.263 8.207939
66.60735 5.97818
64.51446 8.822847
64.51447 8.822851
66.570564 8.744842
67.165474 9.23631
67.01731 9.269622
67.01726 9.269624
67.68997 8.897663
67.06382 10.081947
66.42076 9.508128
67.17495 12.522018
66.769424 12.141268
67.3575 11.989336
71.80614 13.038504
70.83227 12.448833
70.12256 12.139423
71.78439 12.778751
71.34754 15.066971
69.97691 13.68435
69.469154 13.5483675
69.433174 8.581492
70.18738 11.595385
70.34509 11.620234
68.937874 8.784365
69.77064 9.572315
69.48975 9.853466
66.26097 10.610767
67.46825 8.511305
69.130135 9.150635
69.130104 9.150633
67.95511 8.920119
65.56923 8.162261
65.56924 8.162262
66.227066 7.8275547
65.989075 5.7511616
64.715904 10.546723
64.71592 10.546721
65.65945 11.207699
64.48049 8.240116
64.480515 8.240118
65.57994 7.142021
67.19103 8.619745
67.19093 8.619749
69.12986 9.832823
69.12984 9.832821
67.98656 9.457727
68.16826 9.945801
70.004654 12.682026
70.004585 12.682024
69.030685 12.092358
70.86708 14.828583
70.86713 14.828579
74.17267 14.543909
77.78084 16.36103
79.824036 17.623877
78.43238 16.80988
82.862144 17.879704
84.78656 17.476913
83.395004 16.66291
84.09359 16.973202
84.09356 16.97322
85.89013 14.598242
85.89017 14.598238
85.890144 14.598238
85.89008 14.598219
85.8901 14.598232
86.116745 14.511116
87.60646 14.309881
87.606445 14.309887
87.92206 14.722652
87.92203 14.722649
88.42216 15.0492325
88.42216 15.049236
90.53977 16.173496
89.036385 14.313599
87.750206 17.155842
87.75019 17.155842
87.7502 17.155834
86.9482 19.62392
84.403854 21.370932
83.836075 23.824171
84.89289 27.240206
87.01668 31.598974
88.07455 32.04258
88.07455 32.042576
88.80474 31.787952
87.98907 34.206524
89.3964 35.022038
90.367195 35.28137
90.3672 35.2814
89.352036 38.75129
88.336876 42.221184
87.66564 44.77764
89.41721 49.29422
85.77091 52.055367
85.57868 55.799534
87.330284 60.316116
87.74578 65.32076
84.09951 68.081894
84.09952 68.0819
84.09948 68.08191
84.18019 70.69568
83.578835 73.723015
82.76321 76.141594
82.16184 79.168945
81.45246 81.5802
80.851074 84.607544
80.249725 87.63489
80.24979 87.63489
78.23099 90.219055
77.61166 95.07633
73.19856 97.26085
69.0 100.0
