100.0 100.0
10
24.211634 3.5894868 16.94944
69.884254 52.38899 14.526512
34.9239 75.33128 8.690465
42.62952 82.80241 10.639296
42.415424 14.342646 5.666772
65.211624 47.679764 9.496981
74.96667 98.43436 8.780462
24.186981 23.70551 19.473045
50.101357 66.84051 0.05078223
99.078186 74.36891 10.74048
5.0
20.0 0.0
69.0 100.0
100.0
50.0
266.33167
200
20.0 0.0
24.19197 2.2491114
26.09961 6.124732
28.811821 6.8485355
33.061974 9.413904
37.379013 11.946646
37.379013 11.946646
38.553284 10.828892
38.440353 10.841204
38.517303 10.557196
37.573208 12.975914
38.728336 12.181963
38.09656 11.551792
38.096542 11.551791
38.055023 11.454194
38.121918 11.421569
38.55696 12.224359
38.623856 12.191734
37.465824 12.127448
38.81007 12.140265
37.888485 12.1028185
37.325947 12.630435
37.32596 12.630436
37.325954 12.630437
37.939747 11.987162
39.09926 11.683822
37.639427 11.947792
38.79894 11.64445
37.361897 12.767074
37.208633 13.53892
38.5511 11.717001
37.65749 11.730666
37.657497 11.730665
37.6575 11.730663
38.86904 11.771061
38.869045 11.771062
37.35482 11.9728155
37.457382 13.104274
38.583744 12.359215
38.039444 11.909911
37.351864 12.189045
38.662952 11.608092
38.349506 12.290723
37.839684 12.115195
37.89241 11.3320875
38.812973 11.146527
37.38156 12.209455
38.30211 12.023898
37.400944 11.967524
38.712013 11.386572
38.712025 11.386571
37.5772 11.900254
38.88828 11.3193035
38.41182 11.043261
37.223682 13.257637
38.609657 12.367866
37.418224 12.903517
38.877853 11.100785
37.689716 13.315163
37.039185 12.772133
38.81406 11.313761
38.256927 10.59367
37.068783 12.808052
37.530437 11.62221
38.425716 11.167391
37.8824 12.235338
38.628326 10.660878
38.21958 12.830501
38.965496 11.256041
38.102863 10.813004
36.914703 13.027382
38.269688 11.9354
37.376255 11.814991
38.32518 11.529492
37.745445 11.489636
37.8893 11.459644
39.017265 11.227574
38.4585 11.152764
38.825764 10.894674
37.810368 11.124829
37.81036 11.124828
38.388607 11.84152
38.19746 11.872274
38.2611 11.871852
37.987267 12.867146
37.192146 12.786056
38.052727 13.277097
37.05282 13.18377
38.53398 11.877221
37.518593 12.107372
37.317146 12.267153
37.46097 12.237158
38.91889 11.898063
38.918903 11.898067
38.918922 11.898053
37.414295 12.0915165
38.37453 12.86684
38.309097 12.415886
36.96522 13.264412
38.49811 12.285576
37.981174 12.860371
37.61634 12.900594
37.616333 12.900593
37.164413 12.958607
37.704712 12.857192
38.267452 11.344865
39.074677 11.367967
38.853153 11.378556
37.239193 13.995142
36.834206 14.708902
38.117943 11.988438
38.5808 12.360676
38.580772 12.3606825
37.066673 12.509245
38.684998 11.282619
38.039684 11.47422
38.781075 12.104419
38.78108 12.104415
37.314953 11.925958
36.815784 14.15077
37.62337 11.895063
38.54312 11.788113
38.70051 11.78215
38.281498 11.933023
38.30585 11.940779
37.294525 13.916563
37.38137 13.92316
37.119347 12.521984
37.38259 12.549164
36.83255 14.882301
37.37107 13.011366
38.25718 12.813477
38.28157 12.821234
37.37732 13.279169
38.635483 12.267991
38.635475 12.267972
38.734245 12.199015
37.246918 12.142097
37.514683 13.853186
38.92406 11.074932
37.206455 12.488403
39.169506 11.46092
39.24761 11.367065
37.87488 11.29468
37.430492 13.084637
38.841526 12.012274
38.12871 12.611313
37.93656 12.9822445
37.936546 12.982241
38.335983 12.873127
38.96205 11.73254
37.647976 12.731014
37.89274 11.133692
38.350163 10.99192
37.73034 12.588921
37.32574 12.218447
38.04176 11.689759
38.26694 11.535547
37.167698 12.300851
37.754307 12.367585
37.75431 12.36758
38.273293 12.67905
38.498497 12.5248375
37.36399 13.017555
36.816154 13.848431
40.39402 17.350843
41.706657 21.277094
43.53353 24.460869
47.111397 27.96328
50.056053 31.841827
52.224083 36.373543
55.80195 39.87597
59.18328 43.326553
59.18328 43.326553
59.011387 45.917313
61.31711 43.708008
59.918663 48.012085
59.918663 48.012085
62.40342 47.793976
62.40341 47.793972
64.33533 49.43867
64.33533 49.438652
63.168297 51.95596
63.168297 51.955956
63.168304 51.955963
62.99643 54.546722
62.99642 54.546722
64.86472 56.729355
64.69286 59.32012
65.32731 62.59958
65.961754 65.87903
66.5962 69.15848
66.327576 74.0524
66.9656 77.50956
67.80304 82.46355
68.64052 87.41753
69.47806 92.371506
69.306206 94.96227
70.35307 97.1817
69.0 100.0
