100.0 100.0
10
33.215977 56.878105 17.709442
70.475235 83.21084 12.578896
21.178001 58.25757 14.368775
22.308756 70.830956 12.786255
3.8801455 72.710014 14.591993
31.112127 37.914032 15.615851
53.305676 42.78857 19.772085
50.585266 14.459411 7.2948403
54.41131 27.16401 9.3117485
10.823368 78.26087 15.79298
5.0
20.0 0.0
69.0 100.0
100.0
50.0
343.2161
200
20.0 0.0
20.667265 2.684474
18.469105 6.974837
17.625042 11.903555
21.027615 15.396733
20.165766 20.058598
23.156 23.892372
26.55858 27.385553
25.473253 32.058617
25.510778 34.871536
24.462357 38.87136
25.186163 42.52288
25.85344 45.20735
25.853447 45.207336
25.88742 47.181274
24.347569 47.67582
24.235744 48.46122
24.235744 48.461227
26.509846 48.891716
26.504787 49.51957
26.590239 50.07189
26.590242 50.07189
29.37736 49.162727
29.377356 49.162727
30.856728 49.96275
30.85673 49.962746
30.856739 49.962757
27.810526 49.617805
24.764313 49.27285
24.76431 49.272846
24.557287 50.1048
24.44547 50.89018
24.433115 50.91377
24.42805 51.541622
24.548655 52.082775
24.548655 52.082787
24.548656 52.082783
24.548658 52.082794
23.63484 55.2152
22.721022 58.347603
20.607603 62.837215
19.693785 65.96962
19.416136 67.01793
19.36546 67.21143
19.21356 67.53166
22.925257 70.68519
22.925257 70.68519
22.92526 70.68518
21.964966 67.72174
21.849215 67.747215
19.349424 67.307014
19.349424 67.30702
16.429605 66.846504
17.215864 69.84362
16.31766 67.961945
16.31766 67.96194
16.317661 67.9619
15.507225 68.09652
13.236019 69.40673
12.8164215 68.55546
14.539452 68.66527
15.30069 70.89555
13.215166 69.70884
13.215166 69.708824
16.41829 67.20428
18.043285 69.768936
18.043282 69.769
20.044949 68.410355
16.76493 69.00197
16.714264 69.19543
16.690039 70.35824
17.817852 69.32718
16.919651 67.44556
14.959991 65.889984
14.959991 65.889984
15.58585 64.99845
13.086048 64.558365
15.74794 65.167046
13.788279 63.61148
16.624287 66.83682
15.526077 66.49504
14.565784 63.531578
14.791008 67.759186
14.791161 70.88564
13.584873 68.72967
11.152237 68.400276
11.934544 68.53089
12.165501 68.686066
12.114813 68.879524
12.271275 68.95969
12.824703 68.152115
13.400103 65.63384
13.4001045 65.633865
13.882305 65.0467
13.52268 64.36209
13.541063 64.00074
13.541063 64.000786
14.410772 65.92601
14.410772 65.92601
14.730057 65.99704
16.201172 67.915924
14.025181 64.54271
14.811672 68.426865
12.8881 67.99088
13.313866 65.64268
12.372324 64.31505
12.220434 64.63524
12.220434 64.63518
12.111338 64.53698
14.662729 66.97492
14.294125 66.90832
14.294121 66.908325
13.7523 66.18338
10.884567 66.19411
10.884567 66.19413
13.633818 69.44564
17.603458 68.7124
15.832186 68.21359
14.166428 65.89157
14.56772 68.72601
13.782795 64.56775
12.675632 69.07199
16.677628 67.33988
16.677628 67.33988
13.579176 66.73635
16.150208 65.391594
16.150204 65.3916
16.150204 65.39157
16.150202 65.39157
13.05175 64.78803
14.04999 66.69955
15.048229 68.61107
15.048229 68.61106
15.584864 68.541725
15.475122 68.839005
15.475122 68.839
16.115644 68.63624
14.207006 67.88006
11.891012 67.8642
12.945475 67.35066
12.945475 67.35066
13.176577 67.24576
13.176577 67.245766
14.683962 66.9846
13.914442 68.85737
12.721209 64.25383
12.721209 64.25382
13.509258 66.71317
15.029953 68.445755
15.029953 68.44577
15.029945 68.44579
15.324003 68.17574
15.324005 68.17567
14.503197 67.78341
14.959682 67.18806
15.496315 67.11872
15.496317 67.118706
14.107578 67.21191
16.15642 67.55677
13.1447525 66.62301
13.144743 66.62307
11.602924 68.35629
12.0225525 68.490204
14.776445 67.495895
14.776447 67.49594
12.593506 65.469696
14.169567 67.336334
14.376837 66.46261
16.288193 65.24268
16.2882 65.24265
16.2882 65.24269
18.711555 66.5317
19.508274 67.666695
19.50828 67.66664
21.579853 69.200096
21.579853 69.200096
18.897835 65.660835
19.867704 67.67888
19.867702 67.67893
19.86771 67.6789
21.899853 68.57902
21.849178 68.772484
24.272533 70.0615
24.272522 70.06156
24.30722 71.707054
24.307217 71.70706
29.269104 71.49732
33.007973 73.51451
37.96988 73.304756
42.519756 74.916275
45.776024 77.55045
50.73793 77.34073
55.287804 78.952255
59.026676 80.96946
61.098267 82.5029
62.351112 87.31297
64.42268 88.846405
65.67553 93.65649
67.74713 95.189926
69.0 100.0
