100.0 100.0
10
33.215977 56.878105 18.709442
70.475235 83.21084 17.578896
21.178001 58.25757 4.368775
22.308756 70.830956 2.786255
3.8801455 72.710014 14.591993
31.112127 37.914032 5.6158514
53.305676 42.78857 19.772085
50.585266 14.459411 4.2948403
54.41131 27.16401 5.311748
10.823368 78.26087 15.79298
5.0
20.0 0.0
69.0 100.0
100.0
50.0
262.31155
200
20.0 0.0
20.523869 2.8125143
21.047733 5.6250277
21.571611 8.43754
22.095478 11.250055
25.072577 14.487749
26.107592 17.215784
27.142593 19.943815
27.666464 22.756329
28.701466 25.48436
30.197277 29.004526
31.60878 32.35925
33.020287 35.713974
34.055298 38.442005
34.15866 38.647476
34.15866 38.647476
34.158653 38.647484
34.69207 38.862747
34.790016 38.959915
35.214153 39.20833
34.67193 39.9478
34.69225 40.052025
34.33052 40.697502
34.110718 41.668404
34.724503 40.81726
35.379284 40.43661
35.053635 41.307854
35.878624 39.84463
34.105667 41.140743
35.128937 39.798714
35.865486 39.811382
35.91112 39.902878
36.051125 40.012596
34.766224 39.986393
35.107914 40.392754
34.084328 39.221527
34.12075 39.630127
34.146484 39.632587
34.883026 39.64525
35.534668 39.972076
34.230835 39.26438
35.98327 40.52334
35.020332 38.64369
35.587067 39.959682
35.92875 40.36604
35.888386 40.352367
34.73413 40.106705
34.796143 38.82677
35.662697 40.131924
35.622356 40.118267
33.89269 39.91362
35.483368 39.723232
34.329124 39.477596
34.44485 39.55187
34.58485 39.66158
35.700256 40.567875
34.151245 38.49714
35.610287 38.638664
35.12203 38.63477
34.63374 38.63086
36.10258 38.534603
36.475464 38.752213
36.241573 38.841686
36.24159 38.841675
36.547054 38.906506
35.73822 39.165333
34.40716 38.364155
36.36791 38.882244
34.562668 39.313545
35.773277 39.747833
33.84158 41.087894
35.59651 40.695957
33.681774 40.926838
34.36416 38.40041
33.857094 39.92176
35.03817 40.16886
34.80429 40.25831
35.69828 38.56914
35.583317 39.600353
35.991806 38.63888
34.103165 38.9061
35.31914 41.040905
35.975513 39.392475
33.78249 41.913437
34.879734 40.678368
34.670284 40.694675
34.208134 40.199802
34.208138 40.199806
34.182194 40.186974
33.81741 39.579987
35.33829 41.246563
34.773777 40.00278
34.144207 39.676968
35.80327 39.164112
34.418667 40.3582
36.175148 39.529724
34.912292 39.139706
34.07666 39.20172
35.046116 38.948986
34.74154 39.535637
34.93256 39.743492
34.772873 39.942192
34.13091 40.9434
35.22072 39.81878
33.878242 40.48059
34.027557 40.580833
34.027546 40.58076
34.880764 40.32739
36.17663 39.969
35.902966 39.72572
35.601357 39.118855
35.97087 38.683475
34.77206 38.471344
34.778656 38.46077
34.56707 41.70858
33.83651 42.48771
33.836517 42.4877
34.681683 39.31472
34.45396 41.970882
34.460583 41.96028
36.332485 39.960438
36.33252 39.96038
36.1438 38.83561
35.751053 39.408012
34.527584 41.059704
34.50164 41.04686
35.15204 39.064835
34.924316 41.72101
35.81308 38.40394
35.813057 38.40393
35.18698 39.069542
34.959255 41.725697
35.804424 38.552723
35.57669 41.20888
34.71392 40.15802
36.67394 38.637188
36.673927 38.637154
36.40747 38.64579
34.53814 40.256645
35.533386 39.835247
34.891438 40.836464
35.88672 40.41507
35.88673 40.415062
34.95026 40.61231
34.3083 41.61349
34.894955 40.944
34.97933 41.677284
33.783215 41.058064
34.11295 39.106174
35.9952 38.733562
35.072083 38.485153
34.850452 41.568024
35.30278 40.97152
34.36006 38.853218
34.25543 38.80261
34.869816 38.26428
35.758 40.71309
34.01686 39.887444
36.437508 39.43938
36.437504 39.43938
34.142307 39.77638
36.44373 39.327698
34.14855 39.66472
35.539585 38.959923
35.817535 39.97539
33.98239 39.652218
33.98239 39.65222
33.91118 40.82979
33.65884 40.6687
34.909565 39.238567
33.97161 39.7361
34.65748 39.42421
34.282528 38.718655
35.549778 40.97848
35.54972 40.97852
35.54976 40.978535
36.70228 43.22925
37.96952 45.489082
39.23677 47.74891
40.49829 49.985672
41.765522 52.2455
43.02702 54.48227
44.29426 56.742115
45.498264 58.997734
46.702316 61.253403
46.140224 65.74265
46.916405 69.39157
51.356808 71.66124
55.68821 73.944855
56.464428 77.59374
57.65328 79.86934
60.140766 84.22718
61.402313 86.46396
62.669525 88.723816
62.669518 88.723816
63.936752 90.983665
65.20397 93.243515
66.47122 95.50336
67.738464 97.763214
69.0 100.0
