100.0 100.0
10
68.627075 56.42787 12.389954
66.675964 3.7301524 2.96881
79.500534 52.37206 15.754014
24.129679 95.11984 5.782678
43.945053 95.25597 11.196135
51.24219 85.41123 12.397539
23.39968 75.76673 15.048196
41.16677 56.706554 11.240948
40.38795 13.899109 10.095227
5.2512755 21.978094 13.506667
5.0
20.0 0.0
69.0 100.0
100.0
50.0
169.84924
200
20.0 0.0
18.295034 1.187719
16.624077 4.4352922
15.844818 9.00938
13.037099 10.94542
13.037099 10.94542
12.816308 11.803971
8.871505 12.393386
8.871506 12.393387
7.7512827 14.386652
7.23034 14.694336
5.837838 15.702614
4.6939774 16.582127
2.7354975 17.398598
4.143339 17.912355
4.1762333 17.92548
5.5065384 20.176537
6.481739 21.515232
6.481739 21.515232
6.481739 21.515234
8.200737 23.510921
8.730522 24.803858
10.44952 26.799543
6.504717 27.38896
8.223718 29.384645
12.825865 28.682312
12.825865 28.682312
14.544863 30.678001
16.263865 32.67369
18.93933 36.301437
20.658316 38.297127
24.66427 41.175903
26.383276 43.171593
28.102278 45.167282
29.741589 49.51702
31.46059 51.51271
32.611095 54.466656
33.761593 57.420612
34.912098 60.37454
33.747944 65.06825
33.747944 65.06828
33.74794 65.06826
33.744553 65.03679
33.744564 65.03678
33.744556 65.03681
33.746037 65.05622
33.747524 65.075615
33.74751 65.07561
33.747536 65.07561
33.749405 65.08771
34.94104 69.70923
35.770557 72.26908
37.054607 74.59982
38.338596 76.93057
41.51357 79.51076
41.564026 84.31619
41.921753 84.33295
42.25319 84.37805
43.090015 84.59189
44.361015 85.08099
44.710403 85.133736
46.2946 85.24296
46.37349 85.268074
45.734783 87.364815
45.763847 87.39017
43.20736 85.88617
44.665592 85.98953
44.665604 85.98953
44.665604 85.98955
47.080254 84.5788
48.691723 85.39522
48.69172 85.39522
46.139656 87.61943
46.13964 87.6194
42.17129 89.68064
42.171276 89.68065
43.809673 89.913925
42.21489 89.94609
41.403145 89.91102
42.1017 90.02027
43.100555 90.40909
44.210926 90.67191
44.604557 90.78324
41.45107 91.98794
41.451077 91.98794
42.56142 92.25083
43.083775 91.368256
45.664127 92.48813
45.588257 92.48724
44.6196 91.22523
44.619583 91.225266
44.61958 91.225266
43.024807 91.257545
44.861332 91.446815
47.276012 90.036064
47.276012 90.036026
50.29207 90.10097
47.73556 88.59694
45.12858 88.74321
45.128586 88.74323
43.956604 88.858574
43.969616 88.82819
45.58111 89.64453
42.77701 89.27668
43.92372 92.49153
45.07044 95.7064
45.07044 95.70637
45.070435 95.70636
46.309116 96.58155
46.508583 96.36724
45.005516 94.020744
44.03686 92.75873
43.76494 92.118225
43.764954 92.118225
44.967438 94.26649
47.187164 94.92445
47.98648 94.9689
46.78829 94.84098
44.93022 95.111664
44.7803 93.31463
46.936886 93.6656
45.748436 91.89073
44.737965 91.94864
43.264248 91.72606
43.264263 91.72604
42.137207 90.194214
42.304523 92.87254
45.320583 92.937454
46.63066 94.82636
47.940723 96.71527
50.274387 96.45226
49.13471 93.92177
50.8906 92.21321
48.689823 91.34279
48.689816 91.34277
51.32008 91.909424
53.887234 95.31329
52.28912 94.06749
50.533485 93.88875
48.045055 94.832504
48.826763 95.83341
46.09409 95.46681
46.094097 95.466805
44.591038 93.12034
47.340374 90.71381
47.452557 90.563194
47.55055 91.89907
47.096092 88.88492
47.0961 88.8849
46.985367 88.3041
47.706352 91.29182
47.706364 91.291824
48.939243 89.14906
44.46568 86.87315
44.465675 86.87318
46.58001 84.55793
46.58001 84.557945
45.735332 86.12137
45.887295 86.32957
47.876446 88.62017
47.064716 88.585075
47.06471 88.58508
50.349182 88.37205
47.74218 88.51831
47.742195 88.51831
45.25373 89.46207
47.423332 90.92624
47.42333 90.926254
46.422882 93.04469
46.42285 93.04466
49.438927 93.10957
47.09402 92.29245
44.749115 91.47534
44.749115 91.47536
46.287743 92.17073
44.18789 89.626175
44.18788 89.62619
44.935856 90.20702
44.93585 90.20704
45.875465 89.73964
45.799595 89.73869
46.59557 88.57235
47.741215 86.47503
47.74121 86.475044
47.55179 86.620445
45.790955 86.96275
46.348602 86.76336
42.074055 84.48137
45.35851 84.26836
47.46464 85.53381
48.403496 85.32531
50.509636 86.590706
49.870193 88.38119
50.701065 90.84452
52.74138 92.201065
54.847527 93.46648
56.953674 94.73187
61.28425 97.12893
66.2388 97.51875
69.0 100.0
