100.0 100.0
10
46.643932 80.81877 12.949149
6.690744 10.885719 17.649036
49.870953 96.15169 16.586802
3.6168773 98.4596 7.3017955
40.491966 72.737335 9.6677475
97.94859 45.363194 2.2270668
83.58848 92.14548 7.3225265
19.854721 94.70742 9.557255
37.64385 47.572895 2.6181366
0.27541256 80.87381 14.118813
5.0
20.0 0.0
69.0 100.0
100.0
50.0
243.21608
200
20.0 0.0
20.068308 0.5671538
20.157486 1.2640295
20.364305 2.4759245
20.499762 2.8587918
20.989485 4.5303307
18.60392 4.6448283
20.051834 5.813694
17.776838 7.1035757
15.5018425 8.393457
13.226847 9.683339
10.951851 10.973221
8.676856 12.2631035
8.676856 12.2631035
8.676855 12.263102
9.89356 14.557628
9.451403 12.663539
8.67502 13.111252
9.891728 15.405769
6.982296 13.442934
6.982296 13.44294
8.937567 13.804907
12.519978 15.4954605
12.519978 15.4954605
12.249819 15.561525
13.517637 17.214329
14.691206 19.480453
17.223167 20.556215
17.22317 20.556213
19.173994 21.267162
16.92289 21.880255
18.139597 24.174784
18.025944 24.308172
18.661434 27.740265
21.992008 31.292294
22.627497 34.72438
23.609392 39.549736
26.93996 43.101788
27.575455 46.533855
28.55735 51.359234
31.594448 53.46158
34.847023 57.123978
38.79791 60.160667
39.433407 63.592712
40.068893 67.02478
41.46515 69.38378
42.861374 71.74276
43.691715 74.767456
44.52206 77.792145
45.57891 80.46994
45.18914 80.36594
45.35238 80.81683
45.114193 80.98936
44.833694 81.2039
44.320847 80.839935
44.493057 81.39322
43.0143 81.24036
43.975018 81.0403
46.0383 80.16857
45.018177 80.33279
45.51812 80.57117
45.34247 80.977776
45.342487 80.97779
45.342506 80.977776
43.413754 80.99368
44.21712 81.62796
44.562016 80.95398
45.061966 81.19234
43.13321 81.20827
42.821854 81.20088
43.62521 81.835175
41.619453 82.05462
42.836506 81.81841
42.10106 81.66534
44.183834 81.633064
44.18385 81.63306
43.44839 81.480034
44.162487 81.448814
43.996613 80.98308
44.586803 81.03128
44.79734 81.17932
45.041298 81.15633
45.324368 80.79221
44.06467 80.68454
44.275204 80.832535
45.723114 80.34269
45.741085 80.82861
44.08603 81.021935
44.070892 81.026474
45.721924 80.746216
45.72193 80.74627
44.099075 81.037224
43.533394 80.90824
41.650425 81.98914
42.09625 81.813675
42.096256 81.81362
44.38319 80.999794
44.38319 80.9998
43.95393 81.13216
44.179787 81.31948
43.723503 81.24703
42.10065 81.537994
44.01513 81.18814
43.045746 81.99918
42.29689 81.924446
43.947926 81.64414
42.989376 81.74944
41.366516 82.040375
41.55957 82.09363
41.559593 82.0936
40.82888 82.34534
41.13073 82.2565
42.818573 81.573044
42.81855 81.573074
43.120388 81.48421
43.446613 81.40994
43.064342 81.65086
42.09733 81.54064
44.559883 81.337555
45.760784 80.64275
45.20564 80.766235
45.502167 80.75216
44.024975 80.68015
42.15642 81.46889
42.156445 81.4689
43.316715 81.58719
44.248676 81.16348
43.339996 81.437836
44.631195 80.41834
44.631195 80.41836
45.03893 80.53985
45.33547 80.52573
43.20208 81.14075
43.29835 81.27419
43.283173 81.278694
43.32798 80.92036
45.000874 80.51011
45.163498 80.44685
42.79284 81.77583
44.612617 81.0093
44.35839 81.30324
43.869434 81.36582
44.64071 81.401245
42.47452 81.78719
41.877686 81.76391
45.50737 80.70911
44.70118 80.9214
43.327248 81.03761
44.610966 81.333405
42.63464 81.44911
42.634678 81.44905
44.232536 81.51145
44.232544 81.511444
44.96326 81.096466
43.78263 80.78378
44.644466 81.33489
43.834053 80.95823
45.576393 80.933754
44.523426 81.10048
44.523457 81.10046
44.54094 81.34713
43.127632 81.81217
42.885887 81.78225
42.885906 81.78227
42.3384 81.754875
42.33839 81.75486
41.909145 81.88711
44.14053 81.40589
41.972157 81.724174
43.843185 81.769745
41.980476 82.2027
44.861046 81.24083
44.034035 81.069916
43.743347 80.86016
43.762455 80.85388
44.48183 80.93225
45.028248 81.18414
44.353363 81.32138
44.353348 81.32135
45.771343 80.77346
43.94811 81.12276
43.94811 81.12276
43.411407 81.362564
42.73655 81.499794
42.305027 81.74911
42.789722 81.15516
42.789738 81.15515
43.69214 80.902084
44.03052 81.474915
45.54619 80.413956
45.0047 80.81183
44.24077 80.933525
45.143173 80.68043
48.973366 82.56691
51.646423 85.03749
55.716927 87.85466
59.755463 90.83827
63.825966 93.65545
66.32695 97.52942
69.0 100.0
