100.0 100.0
10
87.486046 87.06627 2.2320645
10.830955 72.27454 1.2960242
66.203964 12.268591 14.067418
71.44674 95.0349 13.821029
43.80942 90.34753 19.369545
14.3898325 74.3108 15.533964
7.5905795 94.40408 6.774453
35.873756 61.990334 14.961893
78.94754 92.9222 3.5296397
46.947113 95.018265 5.6808796
5.0
20.0 0.0
69.0 100.0
100.0
50.0
180.40201
200
20.0 0.0
21.581705 3.2459478
22.958725 6.251048
24.335749 9.256146
25.71277 12.261247
24.612782 15.825508
25.239857 17.823288
24.640888 22.63826
25.642937 25.13971
24.995687 27.768507
24.007751 32.556435
25.71464 35.50579
27.42153 38.45514
26.321545 42.019405
26.109455 46.869865
27.299538 49.74241
25.698536 52.055965
27.387451 54.416233
23.27679 56.30634
22.629543 58.935143
21.02854 61.248684
21.184553 61.46458
21.184563 61.464565
21.320213 61.65985
21.77556 62.375744
22.129444 64.36561
22.603813 66.70914
22.603819 66.70914
22.603828 66.709145
23.220936 65.511894
23.533926 65.56699
24.81789 67.51179
25.324413 67.815346
25.32442 67.815346
27.88393 67.45921
27.273533 66.51228
27.273535 66.512276
26.083382 65.77922
27.99993 67.78396
27.99993 67.78396
28.322048 69.48499
24.800694 70.63311
24.47343 70.95143
27.032948 70.59538
25.616804 67.18825
26.495384 67.55849
26.495384 67.558464
27.739136 67.71869
24.35304 67.20497
23.162884 66.4719
23.696388 67.85407
22.593178 63.520348
25.152718 63.16416
26.623116 65.92449
26.240023 67.03226
26.146503 68.7477
25.389874 71.48272
25.747316 71.56346
26.39203 68.96939
26.392027 68.96938
26.392008 68.96945
26.392002 68.96947
27.878174 70.54149
25.926514 68.258446
25.926512 68.25848
24.426237 66.71823
24.78367 66.798965
23.613596 64.68065
22.833689 66.53093
24.958023 66.47397
26.785454 67.87216
26.154758 64.994446
24.784546 65.09098
25.718613 65.418205
24.3484 65.51486
24.728281 65.66557
24.728285 65.66557
25.085733 65.74629
25.085733 65.74629
26.10285 65.998405
23.471506 66.07235
25.408594 65.85424
24.969717 64.361626
23.455809 61.961388
22.482254 62.34398
21.251537 63.9498
23.811062 63.593697
22.91035 65.070366
25.193592 65.87935
23.508347 66.182236
23.412205 66.850136
27.422024 69.268425
26.815176 69.40429
27.70475 69.533516
26.0195 69.836235
26.0195 69.83624
23.476936 68.443054
23.476938 68.44305
24.948084 68.81454
22.674812 68.8074
22.674839 68.80744
26.37703 70.596016
27.717472 70.68927
25.416073 69.931335
25.268703 69.259514
25.268702 69.25951
24.141863 65.67711
25.757092 66.006325
25.79942 67.22102
26.185947 70.27367
23.921932 70.53137
24.855972 70.85867
26.544691 70.94726
26.544672 70.9473
26.902111 71.028015
27.998308 70.914215
25.73428 71.17193
26.830448 71.05813
26.830439 71.05817
28.197655 73.16165
28.197659 73.16177
29.683834 74.73373
34.274403 73.94843
37.119274 74.32598
37.71572 74.49599
41.276066 74.738945
43.05697 74.552574
40.899845 74.09267
40.899834 74.09261
39.598488 73.67585
40.25939 76.28743
41.137047 81.128265
42.0147 85.9691
44.674812 90.01529
46.155113 90.581116
48.222897 91.39672
48.480694 91.47216
48.879528 92.81722
50.947342 93.63284
46.88591 96.159485
44.572906 98.54256
44.149803 96.01412
45.287003 97.25098
43.184902 94.80701
47.316593 93.29773
47.31659 93.29772
44.78336 95.12454
42.250134 96.95136
42.25014 96.95136
44.31792 97.766945
44.582375 97.03006
43.87707 97.092834
43.497814 97.24252
43.497826 97.2425
42.92663 97.42727
45.963337 98.40029
45.93784 95.81191
46.72895 97.12434
46.15776 97.30904
44.605637 97.39542
44.65154 95.809265
46.771595 95.48417
42.73589 94.65141
43.188896 97.58246
43.996906 97.95797
44.00373 98.16795
43.978226 95.5796
43.97819 95.57962
45.799446 96.77075
48.836155 97.743774
47.726593 95.53995
49.730877 93.90966
52.40252 94.74736
55.07416 95.58505
57.745804 96.42275
57.74581 96.422745
57.720303 93.8344
57.720303 93.83438
60.39194 94.67208
60.204414 95.07332
60.81846 93.28724
60.818466 93.28723
62.108025 93.763016
62.108047 93.763016
62.0385 93.701164
60.34151 91.78323
61.005665 92.0314
59.610447 92.97877
58.15222 93.12766
58.15221 93.12766
57.68363 95.62464
59.369022 93.11313
61.054413 90.60161
61.054413 90.60161
60.228664 94.14566
59.402916 97.68971
59.402916 97.68971
61.78409 97.200516
66.76306 97.25357
69.0 100.0
