100.0 100.0
10
69.73335 4.2705855 11.444529
11.531779 90.15388 19.56205
14.803713 93.118614 19.699434
40.597046 93.69056 6.2886076
77.74998 77.354904 6.3889017
70.837204 60.453377 11.675869
59.46541 80.37226 12.787738
48.78843 94.576744 4.1311827
93.282906 98.4632 5.29842
41.753963 72.69783 7.896357
5.0
20.0 0.0
69.0 100.0
100.0
50.0
168.3417
200
20.0 0.0
19.422285 2.7092216
18.786161 5.570045
18.150038 8.430865
17.513912 11.291694
17.371296 14.132689
17.228687 16.973679
17.086073 19.814674
16.94346 22.655664
16.434414 25.65683
15.925368 28.657995
15.416323 31.65916
15.847942 34.452168
16.279556 37.245216
16.711174 40.038223
17.142792 42.831257
17.57441 45.624287
18.770699 47.07497
18.369095 52.06273
18.8007 54.855736
18.714333 56.665833
17.164951 59.939346
16.870043 62.61771
15.320663 65.89122
15.025757 68.56964
16.499245 71.330574
16.930874 74.12358
15.516001 74.88583
15.516001 74.88583
13.816544 74.2338
12.846325 76.39543
12.678211 78.65867
12.678211 78.65866
12.069386 79.310684
11.549347 78.89937
13.79031 76.51031
14.486927 79.31445
16.831316 78.06174
17.527935 80.86586
17.527935 80.86583
17.5427 80.83935
17.226324 80.23909
17.016006 82.35075
16.805687 84.46241
16.805687 84.4624
16.89383 82.13726
16.98197 79.81218
16.98197 79.81215
18.232687 82.48851
19.483406 85.16484
19.483408 85.164825
20.155138 82.60856
17.347507 82.05886
16.863688 79.56876
16.379868 77.07873
15.781818 79.927284
12.950018 79.001686
11.586773 81.25277
11.389303 84.405334
11.389303 84.40535
11.413067 87.0818
9.765568 84.460556
8.402323 86.711655
10.53973 86.68701
12.890028 87.049
15.240326 87.411
17.590622 87.773
19.940916 88.13502
22.29121 88.497025
22.291208 88.49702
20.607546 86.65405
18.923882 84.8111
17.24021 82.96813
15.556549 81.12517
13.872883 79.28221
13.872883 79.28221
13.310766 81.834885
12.7486515 84.38765
9.430624 83.158066
9.430624 83.1581
12.215231 83.554214
13.699459 80.50402
15.183685 77.453766
15.098694 74.879585
15.098691 74.87956
16.055098 77.44768
13.709806 76.43838
13.624807 73.864174
13.414497 75.97586
13.204182 78.087524
13.204182 78.08755
13.9408 80.87596
13.378685 83.428696
13.378689 83.42867
12.729351 84.39349
11.425842 86.70062
10.122334 89.00779
8.818825 91.31492
7.515316 93.62208
10.6580715 94.519
8.31278 93.509766
8.227795 90.93557
8.227795 90.93557
9.386194 91.14873
9.98473 88.97348
10.583265 86.79823
11.181801 84.622986
11.181793 84.62296
11.780327 82.44771
11.780325 82.44772
11.673095 85.24748
12.0175295 85.39922
11.9795885 85.45593
11.872357 88.25568
11.765128 91.055435
11.765123 91.055435
12.929697 90.374985
12.123255 90.092964
11.860296 89.745094
12.87598 86.662186
14.0043335 85.96732
14.00433 85.967255
11.575557 83.78915
14.33254 84.517105
17.089523 85.2451
18.221931 87.35603
18.221931 87.35603
20.996906 86.07603
20.996906 86.07603
23.462578 85.44964
25.92825 84.82324
28.393925 84.19686
26.048632 83.18759
24.745123 85.494705
22.805256 83.79412
22.805265 83.7941
22.805239 83.79404
21.501734 86.10121
19.631155 84.02288
19.631163 84.02287
17.761177 83.071976
16.26329 84.836655
16.101015 82.721
16.403328 85.13268
15.499989 85.3904
13.024982 86.57705
10.549976 87.76371
8.07497 88.95037
8.07497 88.95036
7.4399643 89.43322
6.1279984 89.81552
6.128008 89.81547
5.1193333 90.74296
5.119335 90.742905
7.622965 91.204025
7.2309074 92.19748
4.2275047 91.95697
3.8002148 93.68592
5.257452 91.393074
8.507799 91.02757
11.758144 90.66208
15.0084915 90.29659
15.008495 90.296616
17.474174 89.6702
19.081495 87.478935
20.688826 85.28771
20.688828 85.28772
19.15725 87.06006
17.625675 88.83235
17.625671 88.83237
20.418968 88.81503
18.715622 90.97562
21.785847 94.46385
21.785847 94.46385
21.920095 94.53219
21.615538 91.500755
20.712196 91.758446
23.381866 91.718056
25.376024 92.02168
22.453684 93.28331
23.39725 92.56203
24.282084 93.21101
25.04755 94.19959
27.513248 93.57317
29.978886 92.94674
34.32954 94.14394
37.458855 94.25125
41.206993 94.39612
44.95513 94.54099
44.76142 94.30958
46.158516 95.196396
45.988518 96.87506
45.988518 96.87506
48.401493 97.957726
51.769302 95.77867
56.765205 96.265335
59.17816 97.34801
61.591118 98.43067
64.00409 99.513336
69.0 100.0
