100.0 100.0
10
40.080864 59.554276 13.20626
77.584694 32.392963 11.686762
37.79171 12.637172 12.972377
55.11124 85.82316 15.216156
49.902294 37.753193 12.668029
61.391853 7.281701 12.312253
17.04547 70.92828 4.026395
5.287399 35.90006 5.782657
40.102238 35.136883 2.3216484
12.690309 61.245064 2.202306
5.0
20.0 0.0
69.0 100.0
100.0
50.0
181.90955
200
20.0 0.0
24.4751 2.211205
26.937881 5.600534
29.078865 7.9838715
31.219849 10.3672085
33.360832 12.7505455
35.597282 15.221195
37.833733 17.691841
40.070183 20.162489
40.5001 24.803051
41.092754 28.728264
41.872883 31.011887
41.639515 33.79145
41.724026 34.082573
42.129032 35.617653
42.12904 35.61763
42.129063 35.617615
38.419113 34.47181
38.45005 34.579918
38.45005 34.57992
38.45005 34.57992
37.783146 35.130257
37.783142 35.130264
37.783142 35.130283
38.31357 36.23553
38.313572 36.23554
38.3136 36.235554
39.060974 35.827774
39.06097 35.827778
39.060978 35.82774
39.284378 36.55168
39.51793 37.31555
39.517956 37.31552
40.603924 33.71351
40.603943 33.71348
40.68844 34.0046
39.05763 33.835297
39.298115 34.047806
40.167824 36.66255
40.167847 36.662556
40.167805 36.66257
40.167805 36.662556
40.391197 37.386494
40.565998 40.445393
40.7408 43.50428
41.25405 46.65837
43.607002 48.027374
43.866295 48.403458
43.8663 48.403465
44.431637 48.501698
45.438496 47.56491
44.509655 47.94771
43.63523 47.932972
43.02063 47.920258
42.945824 48.079178
43.2051 48.455257
44.30676 48.3184
46.779655 48.26134
46.779636 48.26134
44.446976 48.673492
44.46671 48.67788
44.661316 48.64236
44.950684 49.051975
47.12731 49.019714
45.419765 48.67411
45.107395 47.44446
44.18349 47.185417
44.183502 47.18544
44.470085 48.73813
42.75976 46.879078
42.7385 46.873463
42.895367 46.85545
42.89534 46.855434
44.721413 47.647804
46.457794 48.635605
45.737236 48.74668
45.737232 48.74667
43.65078 48.47938
45.622627 47.680622
45.62262 47.680626
46.4345 48.817974
46.001827 48.514282
43.5192 48.142227
47.882576 49.11324
47.882587 49.113235
47.531967 49.283245
46.226757 49.544006
44.09816 48.958588
44.53538 48.41407
45.6952 47.60982
47.262684 48.746445
48.25057 49.38604
45.641705 48.699295
45.108658 48.62236
45.10865 48.622364
45.083614 48.62581
46.89417 48.633484
45.15798 48.70535
45.223576 48.67377
44.8479 48.172325
44.965363 48.48311
46.810116 48.470825
45.53439 48.252155
46.541763 48.288445
46.561462 48.292824
44.537914 47.25043
42.266724 47.59654
42.955242 46.931557
44.99567 47.898808
44.597523 47.850872
42.396534 47.550594
42.46212 47.51898
44.3944 48.179245
42.982384 46.95357
43.141212 46.888798
41.72847 46.73441
41.289692 44.149143
40.74493 40.519
40.708065 36.22933
41.314144 35.970776
41.9674 35.992596
39.65286 36.40321
40.97856 33.22003
39.802917 36.567535
40.277264 34.539307
40.69472 36.816414
39.42141 34.890495
40.403553 34.82296
38.421642 35.70422
39.976505 35.61556
39.902706 35.63192
38.391907 35.862953
38.391922 35.862946
40.36694 36.202927
40.8083 35.244907
39.832016 35.402695
40.726692 35.33543
38.497906 35.594154
38.894695 35.603085
39.580444 33.016567
39.58044 33.016575
41.464714 34.039825
41.46471 34.039825
41.809658 33.8858
41.200478 33.979218
39.021297 33.86097
41.986614 36.254448
41.195183 36.067406
39.207275 36.023647
40.19722 36.391537
39.79549 34.39768
41.21265 35.072453
39.13018 35.70164
39.97637 35.34866
38.170414 34.932537
40.36618 34.85303
41.2608 34.785805
39.081646 34.66755
41.634407 36.173946
41.634407 36.173946
40.84302 35.986897
38.652073 35.581326
39.49825 35.228333
39.498257 35.228355
41.69404 35.14885
40.021545 35.87439
39.012184 36.59905
39.906864 36.531815
40.232887 34.796078
40.814034 37.251404
40.103874 37.251488
41.600487 42.010117
43.0971 46.76875
44.25213 49.01472
44.25213 49.0147
45.33544 48.935944
45.331608 49.211372
45.331608 49.211372
46.835197 49.605263
46.835197 49.60528
47.058285 49.94484
47.05829 49.94484
47.372494 54.659233
47.91238 57.485405
49.25013 60.03573
49.79 62.86187
50.104202 67.57624
51.037083 71.59737
52.324898 73.812164
53.612724 76.02704
54.900543 78.241844
56.188354 80.45672
57.47618 82.67155
58.763996 84.886375
60.614754 88.16049
60.825478 89.188614
62.11328 91.40344
63.401108 93.61831
65.25186 96.89247
69.0 100.0
