100.0 100.0
20
58.274662 36.092583 13.07298
91.15584 4.174882 2.1487887
5.0776334 21.98814 0.4395646
95.42831 80.20495 8.50375
5.0008035 23.689526 7.493803
31.488312 63.481995 2.5307183
32.148285 67.85584 6.5895524
24.677547 29.727133 4.391397
43.216057 9.307301 5.771636
30.16108 93.106544 10.041965
95.12862 64.17014 12.763665
97.50762 78.932724 1.2500702
95.97815 98.751335 0.5901435
96.03232 71.26559 6.239931
64.068504 37.841675 4.1646175
39.28332 23.183 6.897524
11.945776 10.158054 1.3842956
36.937412 44.733833 0.8190681
82.23121 85.22458 6.3443294
84.227554 66.37256 13.428837
5.0
20.0 0.0
69.0 100.0
100.0
50.0
313.56784
200
20.0 0.0
24.817081 0.08094883
27.369198 1.3402958
30.412582 2.4500213
34.486694 5.3786364
37.944 8.735685
39.53624 9.507943
39.699844 13.604304
38.381805 16.637894
40.41598 18.701468
41.833523 21.325953
43.25108 23.950438
44.668644 26.57492
47.8367 28.707058
50.73992 29.826212
53.643135 30.945375
56.546356 32.064514
58.50537 34.072113
61.517277 34.622925
64.4205 35.74209
63.467285 36.60398
62.828697 37.0729
63.126057 37.830696
63.377003 38.27369
66.85657 37.710995
66.85655 37.711
64.469376 36.946293
64.46939 36.946285
62.473763 38.61075
62.473763 38.61075
65.37699 39.729874
65.37701 39.729874
65.40443 39.745922
65.40443 39.74593
65.56726 39.496353
65.56726 39.496353
67.48833 39.958225
66.84972 40.427166
66.84972 40.42713
66.849686 40.42713
66.77251 40.370064
66.772514 40.370075
66.772484 40.370068
66.89434 40.59903
62.33201 40.81724
62.33201 40.817238
62.572662 38.144676
62.5727 38.144646
63.593147 41.918083
63.593063 41.918095
61.328568 40.330036
65.782 41.493706
68.66749 43.882828
70.212036 48.5274
73.59435 52.025673
77.07634 55.551865
80.921326 57.102127
84.403305 60.62832
87.8853 64.1545
89.429855 68.7991
90.97441 73.44369
90.97443 73.44365
92.73682 72.7711
92.71098 73.0822
92.78364 73.29032
92.78368 73.29034
92.78369 73.29033
92.78366 73.29037
90.879395 74.458855
91.99042 75.02843
91.94345 72.76924
91.94345 72.76925
91.94341 72.76924
92.66021 72.97911
93.06445 74.756
94.03543 72.653854
92.95981 75.77585
95.39092 72.41224
95.85148 72.55743
95.96777 72.225716
94.26371 72.641235
93.730835 74.42343
94.390144 73.25446
93.91012 73.04485
92.05119 73.11043
92.26695 73.273445
92.149315 73.803856
91.616425 75.58598
92.21396 75.0244
92.87839 75.59761
93.41798 75.91404
92.768745 75.97355
93.55342 74.02746
94.21778 74.60066
95.60662 73.372635
95.392426 72.782265
93.673904 72.13294
96.20037 72.45019
95.70957 72.29571
94.00554 72.71118
94.12315 72.64929
94.12312 72.64929
94.1378 73.07645
92.16081 73.432915
92.16081 73.432884
91.623245 73.41191
93.15502 75.443565
90.75585 73.99363
90.75591 73.99363
92.36647 75.66914
92.3665 75.66917
93.2119 75.74114
92.03584 73.2517
92.79646 73.75003
93.90776 75.64192
94.09568 75.164764
94.263626 75.012375
94.4625 74.8601
92.741745 73.75348
94.20099 72.590454
94.41671 72.75346
92.94077 73.194595
93.03196 75.23048
92.54506 74.37237
92.56576 74.57789
92.86398 72.41659
92.94364 73.20082
94.357605 72.75415
94.04107 71.98299
93.85796 74.47822
94.42435 74.49069
94.424324 74.49067
92.121574 72.404396
92.132034 72.37563
92.71071 72.372475
92.87851 72.29287
92.69541 74.788086
92.69283 72.40941
92.173836 75.17517
94.38787 74.6097
92.99457 74.57709
95.15756 74.08856
92.98833 73.81849
92.98833 73.81849
91.49047 74.24225
92.373055 74.4803
92.894554 75.98146
91.212234 73.49542
92.556366 74.5861
92.7721 74.74915
92.753075 75.179436
91.947586 74.76647
92.39947 74.65839
91.68854 74.511604
91.68854 74.51161
91.68849 74.5115
91.02271 73.31888
92.42778 74.809296
92.800415 73.8828
92.80029 73.88284
91.39079 73.72676
93.21747 73.32313
93.775246 73.61304
91.76004 73.072464
93.834564 72.89936
92.85895 72.98185
95.02194 72.49332
95.02194 72.49334
93.01468 73.12433
95.08916 72.95118
95.2778 72.79451
94.021805 74.09257
92.19956 74.61552
94.27409 74.442406
94.274086 74.44243
93.630585 72.875534
94.603004 74.222855
92.6983 73.952805
94.52493 73.54909
92.76627 72.60817
92.76518 72.595345
93.4087 74.1622
93.83156 74.57926
94.16051 74.35969
94.16051 74.35969
94.16051 74.3597
94.16052 74.35967
93.18489 74.44207
93.967896 75.46534
92.20923 74.52443
91.011505 74.6028
89.146286 74.76274
89.2193 78.82301
87.2387 82.293045
82.72902 84.35928
82.24751 88.213196
78.432236 89.8179
73.922554 91.88413
70.9805 95.79509
69.0 100.0
