100.0 100.0
20
73.93445 41.810814 0.051299565
38.01253 88.3385 1.1952676
74.33286 26.601938 4.980368
75.65104 14.2879715 7.554024
57.855724 57.01125 14.053594
40.824356 69.267365 10.720674
78.968864 6.0625734 9.199852
4.4662423 57.48881 7.50855
50.135635 73.37217 1.233624
13.892647 92.65169 14.035273
0.27875432 1.4334592 1.7143756
10.586375 59.684456 11.757074
15.718034 52.13792 6.690843
63.3171 45.079727 12.855473
35.329548 68.60528 7.059751
72.956024 50.274704 12.710752
9.483627 0.97203964 7.157209
35.136673 58.116077 8.955458
79.86425 40.911762 7.60855
98.05671 9.342877 0.060210217
5.0
20.0 0.0
69.0 100.0
100.0
50.0
263.8191
200
20.0 0.0
16.307716 1.7317767
15.866623 1.8489686
14.450218 2.0567694
15.916304 1.1276977
18.562025 5.385812
21.203514 8.058828
23.845032 10.731842
26.275227 15.047476
28.705383 19.363087
32.853123 21.274323
34.975765 23.108562
37.405952 27.4242
39.528526 29.258444
42.14677 31.747074
44.764988 34.235718
47.742706 38.03889
51.349 40.871544
54.95529 43.704216
57.5968 46.377235
61.562073 45.113613
61.916996 45.935074
63.237465 50.131756
61.107803 49.50042
61.107788 49.500443
64.65074 50.041473
62.52101 49.410126
62.521004 49.41012
63.478813 48.794746
64.31706 49.37368
64.04552 49.736973
68.642876 50.216698
68.642815 50.216682
68.6428 50.216682
68.96372 52.98402
65.71268 53.850346
65.71267 53.850346
65.71261 53.850346
64.41287 54.355442
64.55707 49.341984
64.55707 49.341976
64.55707 49.341984
64.716095 51.580376
64.71611 51.580383
65.03703 54.34771
65.03705 54.347683
65.03706 54.3477
66.80326 56.802357
63.746567 54.91438
64.96289 56.154697
64.96288 56.154694
63.7864 54.351433
63.786415 54.351425
64.57777 55.451164
63.401268 53.647873
63.401276 53.64785
63.778778 51.15105
63.778786 51.151043
63.427864 50.87297
64.50304 53.050785
65.57822 55.2286
64.31132 56.559914
64.31132 56.559914
62.96781 53.2193
67.30667 51.4644
67.30669 51.4644
69.26093 51.225937
69.65821 51.674583
69.424934 54.87107
67.215126 52.76768
65.00532 50.66429
62.79551 48.560898
62.79551 48.560898
64.303 50.271534
65.8105 51.982174
65.8105 51.982174
64.17842 51.958378
66.565216 51.14024
63.826057 50.552734
63.826065 50.55274
63.18831 49.37647
62.705887 49.06391
64.35102 50.353046
64.351 50.35304
64.66402 50.610485
67.721054 53.87673
68.89174 55.40618
69.18387 55.8585
68.9471 55.87142
70.42415 53.26212
68.29448 52.630783
66.20154 53.88218
63.921898 52.929924
65.676254 52.716526
63.237915 51.604
63.478172 50.817017
65.142 50.12126
65.14199 50.121246
62.087395 49.024094
62.222824 48.994064
63.2173 51.727413
64.05557 52.30633
62.34899 52.097572
63.739616 51.76967
61.301292 50.657158
61.30126 50.657143
62.708183 50.056915
63.9245 51.297264
64.545135 53.75343
63.309 52.78053
62.33557 50.512924
62.33558 50.512943
62.626717 46.888653
63.63581 49.225994
61.630966 46.761852
61.63099 46.761883
63.982445 47.861057
61.443443 45.41231
61.443436 45.412315
61.443405 45.41229
61.980057 45.35376
64.513695 46.938328
63.326286 49.483013
63.919853 51.355324
64.09314 48.43303
64.09313 48.43301
62.373085 49.659542
62.5562 52.2273
63.573105 54.15893
67.98316 53.26597
64.55949 53.2259
64.55948 53.225895
68.149414 54.034122
68.14942 54.034122
66.552635 52.060905
64.14764 53.2909
65.029625 53.665215
63.4329 51.691982
67.37923 54.194096
67.37923 54.1941
65.67271 53.985344
64.70592 50.44474
64.70587 50.444733
66.30505 47.339607
63.900047 48.569603
64.29759 51.82236
61.63507 53.812576
61.368996 51.9628
62.800163 49.911476
63.945595 50.638668
63.945587 50.63866
63.94557 50.638664
65.01541 49.804466
65.01538 49.804478
65.485435 49.495613
65.96201 51.24785
65.61756 49.51608
63.36608 49.38193
63.637962 52.024746
63.637978 52.024754
64.03971 54.567093
64.03973 54.567093
67.87302 52.613613
67.873024 52.613613
68.27473 55.15595
64.70344 52.22591
65.17345 51.91705
64.70236 51.713264
66.84889 51.436073
67.69052 50.94748
67.88026 50.875538
69.0214 50.7667
69.021385 50.766685
66.769905 50.632526
66.77 50.632492
67.17173 53.174812
67.171646 53.174812
67.171646 53.17478
67.17165 53.17475
64.74965 51.988556
64.74965 51.988556
63.6438 52.230927
62.456444 54.77559
64.2476 52.600784
64.247635 52.60079
64.247574 52.60073
64.10292 52.66651
64.302505 50.033485
65.655876 51.884712
66.16773 56.299202
66.05045 57.01078
67.189735 61.405075
67.19878 66.34613
67.55175 71.345436
67.653366 76.2155
67.75499 81.085556
69.89494 85.47841
68.218895 90.19894
68.89838 95.129944
69.0 100.0
