100.0 100.0
20
99.81266 83.92612 12.619004
13.368845 61.244873 12.627121
6.2672634 62.729885 4.044614
41.33163 36.85307 2.3082294
9.119194 77.31384 10.576499
93.08086 8.785962 8.641487
70.122856 12.306651 0.5966555
8.410263 71.78391 14.5297785
54.97743 80.42574 13.443973
99.36196 99.85516 5.3643637
79.943214 32.20729 2.737249
48.577267 93.16837 2.612785
30.450346 17.94816 12.842235
32.015774 67.869576 13.857503
10.764896 83.36812 1.85196
28.977245 14.623708 7.9824204
25.2659 19.5709 1.1552771
48.23798 6.4449563 4.3087754
62.67848 36.75888 8.722002
93.543785 67.88541 1.8224766
5.0
20.0 0.0
69.0 100.0
100.0
50.0
268.84424
200
20.0 0.0
21.980137 4.333662
25.976458 7.24529
26.98383 10.181936
25.653416 13.934311
24.649136 18.62542
24.711391 19.927444
24.718088 19.955381
24.763996 20.136257
24.763798 20.150349
24.779211 20.191315
25.55923 19.834988
25.002972 19.704306
25.082722 20.493027
24.9475 18.601921
25.453896 20.498896
25.453697 20.51298
25.458115 20.522041
25.458113 20.52203
24.966478 18.728561
24.941038 18.478651
25.032614 20.012762
24.966478 18.72857
25.058056 20.262682
25.17096 19.898235
25.15604 19.921127
25.161015 20.198456
25.160805 20.21255
26.073082 20.12592
24.636124 19.108511
24.61068 18.858595
24.274067 20.962519
24.164825 25.920198
23.642597 28.551764
21.089912 32.83416
18.592861 36.879528
16.6154 41.379997
14.062714 45.662388
13.780012 50.38687
11.930328 53.546295
9.76573 57.794647
8.1348 59.88047
8.421226 59.88308
8.526102 59.836617
7.523981 62.795784
7.6038036 63.455734
7.7876873 63.63954
7.86751 64.2995
8.795116 62.20584
8.7951145 62.205826
6.9454365 65.36525
8.333392 67.36487
8.333393 67.36488
7.05054 67.429825
5.9723415 69.80979
5.9723415 69.80981
6.9904966 67.27936
5.169239 65.28258
5.483986 67.61976
7.2740726 67.89588
8.571753 67.42734
9.098314 67.05606
9.098309 67.056076
8.607479 67.04729
8.851703 67.089745
6.9870987 66.97852
5.2236977 66.06886
6.611661 68.06844
6.611661 68.06847
5.2683935 65.65517
5.2683935 65.65517
6.65635 67.654785
8.044306 69.65437
6.791278 68.98772
7.9387646 68.383095
7.9445705 68.38577
10.128831 69.71036
9.016943 68.285645
9.016944 68.285645
8.03095 69.27734
10.52733 72.7277
13.566298 71.21599
13.566296 71.21598
13.566296 71.21596
11.804225 73.11754
11.804225 73.11754
12.418026 73.44944
12.912723 70.97434
14.210397 70.505806
13.478094 68.8492
11.950942 72.75449
10.667175 69.98657
10.667175 69.98658
9.238047 71.5097
8.773877 71.47622
11.223895 70.16356
8.854927 68.12137
8.854926 68.12136
9.520618 71.61616
9.5206175 71.61616
9.783931 71.5366
9.7839365 71.53656
9.069346 68.80789
10.942803 70.49094
10.642169 70.24724
12.819924 70.15454
14.414407 71.70054
14.414407 71.700554
14.414402 71.70054
14.4144 71.70051
10.850546 70.38129
10.949959 69.99891
8.552254 70.13568
6.8533707 68.83491
6.8533688 68.83487
5.569605 66.066956
6.306654 68.71452
5.8546343 67.602196
8.351031 71.05247
6.65215 69.75174
4.5327682 69.35274
4.53277 69.35277
5.6965675 68.09732
5.6965675 68.09732
8.345157 67.77932
11.080184 69.19459
11.044426 68.83317
12.308252 68.7425
12.308252 68.742516
14.736491 69.28748
14.736492 69.287476
13.744151 70.85522
13.744152 70.85521
11.959942 70.78084
11.959944 70.78087
13.310497 69.94849
10.948511 72.21796
13.84286 69.62372
13.84286 69.62372
15.94728 70.27283
15.947279 70.27283
12.593542 69.39744
12.528597 69.12589
10.986639 68.40439
9.823473 66.82377
9.994295 69.51463
8.623684 69.37866
7.126848 67.12204
7.126848 67.12205
7.1268597 67.12212
7.1268597 67.12217
5.962454 65.57051
7.6241493 67.3576
7.624151 67.35764
7.0102215 69.97735
10.101685 71.45194
11.926762 72.07778
12.12352 71.43836
13.212143 69.1745
15.241874 70.795105
15.24187 70.79506
11.072226 69.736404
11.072228 69.736336
11.072221 69.73641
10.990682 67.008385
14.411737 70.45013
14.411737 70.45012
14.411737 70.45011
15.8472595 72.13352
12.715813 71.69204
11.168163 70.08927
11.168161 70.089264
9.191889 68.98765
11.828707 68.85679
13.873325 70.53379
13.873325 70.533775
12.50271 70.39786
12.502718 70.39786
17.108486 71.232994
17.108484 71.23299
17.108496 71.232895
20.762794 71.28612
22.15747 74.54004
25.83405 75.234055
30.58295 75.53305
35.331856 75.832054
38.26293 76.65755
41.939503 77.35156
41.939503 77.35158
41.939503 77.35158
41.939503 77.35158
45.033756 80.9494
49.127033 83.86242
51.354214 85.387764
53.400864 86.84427
55.43358 85.777985
58.62301 89.63356
61.71727 93.23138
65.81056 96.14441
69.0 100.0
