100.0 100.0
20
87.942184 13.985425 12.770261
77.87052 67.57729 12.821926
8.944745 53.571655 10.709557
22.175112 27.686642 14.788537
12.52134 8.620036 6.1862664
72.32442 76.16857 7.996375
25.861765 29.818686 0.13961215
79.77326 42.2258 14.513563
79.423836 75.93501 7.851047
89.81328 76.183655 2.0606995
88.50741 42.61001 4.9155245
83.98232 24.103285 11.251587
28.957823 44.921066 7.432616
62.679756 63.282776 11.62105
62.526474 38.561775 3.468379
71.51083 39.92323 12.67016
0.5542839 91.84524 8.616253
98.69128 0.6596441 6.619042
51.196827 62.52915 0.09429138
58.53857 65.58794 12.842049
5.0
20.0 0.0
69.0 100.0
100.0
50.0
332.1608
200
20.0 0.0
17.998497 4.5829763
17.31738 8.721159
15.95973 9.419384
17.124716 12.4757
18.289696 15.532017
19.370129 17.96914
20.450565 20.406256
21.530998 22.843376
22.167334 27.053371
25.890984 29.869904
25.890984 29.869904
25.890984 29.869904
25.93161 29.92809
25.931608 29.928093
25.931608 29.928093
26.906488 33.019833
27.174875 38.00003
27.940947 40.135227
27.92144 37.7657
27.92144 37.7657
27.921432 37.76571
28.653206 38.699036
28.653206 38.699036
28.653208 38.699036
28.653204 38.699036
27.029427 37.797234
27.327454 39.08373
27.905716 38.56278
30.349796 39.434486
26.04955 38.512398
28.21684 40.13612
27.849886 40.738625
27.849884 40.738625
26.720753 41.289055
28.936314 40.479485
31.427967 42.367313
33.595287 43.991062
36.086945 45.8789
39.57756 47.693363
42.83093 51.487297
47.12655 53.9481
49.798424 57.20141
53.289024 59.01588
56.779606 60.830345
60.213894 63.65278
62.864872 66.7183
65.35655 68.60612
67.436646 70.123795
69.05887 71.62674
68.02915 72.11784
68.029106 72.117836
68.15304 70.38192
67.387764 72.94395
67.387726 72.94391
67.777084 73.14406
67.777084 73.14409
68.29514 73.382614
68.295105 73.38258
68.373535 72.17179
68.893845 72.64853
68.97104 72.62597
68.28573 73.45636
68.28572 73.45635
67.99738 72.54687
68.090454 72.4619
69.05605 69.79073
66.25868 71.88494
69.308975 70.34281
69.4593 70.86005
70.00725 71.21305
65.94643 71.63915
65.94652 71.63912
66.12432 72.60299
67.977135 70.67191
68.04595 70.45256
70.03292 70.31299
67.4601 70.22356
67.46008 70.22358
68.35445 71.31561
66.98527 70.752014
67.460106 71.91029
68.55741 71.70368
68.57735 71.79923
66.721886 71.04836
66.72188 71.04836
65.96208 71.96924
65.862854 71.91492
69.38832 69.28097
69.4514 69.759514
66.76097 70.60122
68.468506 72.939735
67.26656 72.63605
68.403694 72.45501
69.73582 71.13195
69.42731 71.03641
68.66313 72.38712
69.328 71.99921
68.85137 72.99794
68.851364 72.99794
66.267166 72.665436
68.49198 71.85382
68.576355 71.78124
68.57637 71.78129
66.25957 70.99383
66.22596 71.11117
66.225876 71.11109
66.396164 71.57362
68.62099 70.762085
68.89095 71.42065
66.9779 70.94978
68.138176 72.931114
68.61994 70.619995
69.804924 68.713486
69.03575 71.18266
68.981255 72.69137
68.643326 72.46056
68.64336 72.46065
67.981705 72.0852
67.98169 72.08523
66.65759 70.68322
70.567276 69.59544
70.567276 69.59544
70.60027 69.87646
68.152336 69.642815
67.552795 71.99945
68.87339 71.9892
68.24186 69.45364
67.91206 69.51886
68.33307 72.61599
66.41103 70.94995
66.97051 71.32367
66.9704 71.323715
66.85455 72.55452
67.99556 71.17552
69.5599 72.11184
68.08823 72.57977
68.08823 72.57977
68.088196 72.57979
68.08828 72.57976
69.26473 71.00807
69.65507 71.01732
68.39209 69.53662
69.50064 71.77589
68.76106 71.527
68.259735 71.268654
67.85903 70.01055
68.37077 69.85713
68.45088 71.21067
66.9763 71.57318
69.44719 71.423035
67.20882 71.47765
67.20884 71.47765
67.2088 71.47762
66.04138 72.05927
67.38486 72.14574
67.01854 72.58159
68.710526 72.62265
66.34619 72.637405
67.770615 72.14434
66.6032 72.726
66.60323 72.726006
66.79943 72.163506
66.930916 72.126335
66.96664 71.5824
66.96656 71.58248
66.9666 71.582466
66.69127 71.34053
68.04859 71.54343
67.591705 71.8201
67.59175 71.82015
68.589294 71.664345
68.921974 72.26663
67.966 72.87633
69.55376 71.94578
66.96961 71.77909
67.310265 71.823524
67.642944 72.425865
69.19556 72.51141
67.05775 72.13559
67.05775 72.13561
67.66527 72.45143
68.75566 72.520615
68.75567 72.520615
69.19283 72.488174
67.74782 71.864426
66.30281 71.24072
66.2038 71.74198
65.92845 71.50002
68.49023 71.15018
67.045204 70.52646
67.01501 73.01688
69.08523 72.66202
73.01665 75.724106
75.105576 79.821396
73.84624 83.65019
72.5869 87.47899
71.32755 91.30778
70.06821 95.136566
69.0 100.0
