100.0 100.0
20
19.667822 21.348988 8.066695
43.3536 87.32497 8.318911
40.523243 73.01567 6.672785
94.61933 74.524315 5.2634597
5.9438515 30.964556 2.9906743
25.696728 97.36288 6.8095574
0.4208956 71.80785 6.200043
75.68752 3.6190038 7.6831803
76.935005 13.488017 13.990918
98.28711 26.348572 10.047945
71.79324 96.87198 6.136256
58.21936 4.223868 1.6142814
37.47922 77.96273 7.673882
59.86354 14.754909 2.179586
82.92923 77.08394 9.421606
46.18009 72.21604 9.02368
14.8783865 74.41144 3.0598803
22.137207 83.45267 12.430593
52.292316 4.257302 13.381015
0.96651447 25.74142 4.8355336
5.0
20.0 0.0
69.0 100.0
100.0
50.0
325.12564
200
20.0 0.0
20.5174 3.9879396
20.50446 7.139333
20.491518 10.290723
20.478577 13.442117
19.851616 15.931555
19.017036 15.295393
18.39008 17.784834
18.312685 14.194141
17.135107 16.561226
17.135115 16.561232
18.311838 18.912111
18.491423 18.25296
19.660805 20.525326
17.28207 18.06774
17.282082 18.067738
15.202578 15.740435
16.744642 18.97197
18.286705 22.203503
18.286705 22.203505
21.27842 23.486807
21.27842 23.486805
21.872704 25.483715
20.140007 26.741316
20.140007 26.741318
20.140007 26.741325
21.872038 28.962591
21.872036 28.962593
23.18345 33.082115
25.567276 37.433243
26.878698 41.552734
29.262516 45.90388
30.57394 50.023384
32.95776 54.374504
35.60292 57.65632
37.98674 62.00745
40.370544 66.35859
39.07075 71.141464
40.302334 73.97322
41.53396 76.80497
43.266006 79.026245
41.00211 79.45232
41.00208 79.45233
40.878754 79.4357
42.88481 79.111115
42.76329 79.11524
41.265297 79.29496
41.265324 79.29494
41.66067 79.5122
41.387608 79.29757
41.097527 79.63774
41.26615 79.30176
42.243725 79.44833
41.84603 79.232285
42.241314 79.4495
42.241337 79.449486
41.67502 79.56917
41.2638 79.302826
42.60283 79.08954
41.76216 79.433495
41.762177 79.433464
43.098076 79.10669
43.098083 79.10669
41.584976 79.25473
42.000587 79.42572
43.338074 79.02368
43.338085 79.02364
40.93621 79.386955
41.351837 79.55798
41.352592 79.56469
42.690067 79.162636
41.047573 79.356316
41.89213 79.27779
42.500927 79.202835
41.482353 79.474396
41.44343 79.23396
41.61062 79.23031
41.17373 79.35032
41.83234 79.372604
41.870262 79.29159
43.18657 79.05161
43.185326 79.05158
43.057076 79.05415
42.205513 79.22191
42.314613 79.42157
42.092648 79.23883
41.732765 79.53234
41.483555 79.35679
41.483566 79.35684
41.12947 79.45861
42.43695 79.19934
42.436962 79.19937
42.468945 79.19785
42.38567 79.249916
42.38569 79.24991
42.385677 79.24999
41.40833 79.30216
41.40302 79.4032
41.11101 79.400604
41.1489 79.319595
41.852806 79.54392
41.415993 79.53101
41.123962 79.528366
41.684433 79.48482
41.832314 79.5188
42.14582 79.43624
42.14582 79.4362
42.300045 79.15511
42.271908 79.39371
42.949665 79.13044
41.77688 79.38776
42.183086 79.28013
41.625378 79.569984
41.875023 79.321205
41.875015 79.32118
41.72372 79.41519
41.31873 79.29724
41.754692 79.35765
42.210045 79.4265
41.373684 79.25131
42.761845 79.08908
41.975677 79.507416
41.331375 79.38588
42.755894 79.18718
41.9259 79.52776
41.281586 79.406204
42.70611 79.20751
42.074112 79.321175
42.07413 79.32118
41.98071 79.36779
41.401917 79.29993
43.20655 79.088646
41.992104 79.4406
41.322495 79.5213
41.74189 79.25186
42.258236 79.30831
42.577473 79.26111
41.937443 79.15737
43.146084 79.095566
42.935444 79.05559
42.923798 79.08069
42.923836 79.080605
42.92383 79.08054
42.735733 79.07718
42.34073 79.21448
42.34074 79.21444
42.169823 79.36429
42.16982 79.364265
42.93244 79.16093
42.2434 79.100136
42.205524 79.11472
42.976025 79.16035
42.976093 79.16043
41.964355 79.36524
41.897194 79.42266
41.451138 79.32066
41.240513 79.28065
41.24051 79.28067
42.523422 79.2648
41.008125 79.438446
41.00814 79.4385
42.917046 79.18944
41.675194 79.18432
42.330833 79.331375
42.271072 79.19045
41.120712 79.4611
41.120724 79.461044
41.120773 79.46101
41.69374 79.31293
41.828705 79.53927
41.828728 79.539215
41.282356 79.34985
42.70756 79.19297
41.605076 79.22023
42.707573 79.19305
42.70758 79.19302
41.590744 79.471954
42.1032 79.23728
42.103188 79.23727
42.43749 79.16251
43.009674 79.068436
40.836258 79.424576
40.83625 79.42459
40.836205 79.42468
41.043476 79.477554
42.506027 79.177345
42.506016 79.17751
42.772495 79.079216
42.772514 79.07921
42.7725 79.07933
42.549644 79.314735
42.838104 79.61074
47.33713 80.75483
50.549297 84.175224
54.16356 87.6369
58.559303 89.6562
62.17357 93.11789
65.787834 96.5796
67.66708 98.384445
69.0 100.0
