100.0 100.0
20
36.320805 25.05849 7.611224
34.93402 83.82395 4.975858
58.856537 37.22356 8.4864645
20.5494 16.48316 7.924703
58.285286 27.200512 14.675283
52.22941 16.384 0.9465277
85.673355 76.7374 4.6023026
39.77392 26.151907 9.845679
92.40001 63.097946 4.988663
77.832245 48.482113 14.829493
10.97811 95.48858 11.064512
13.569387 28.8302 1.1347165
35.084934 21.762463 11.777278
12.518881 36.899704 10.002957
52.38804 13.314575 2.584868
99.122086 7.589467 9.455232
22.027695 79.78662 13.243687
16.336702 77.831055 13.470246
15.968042 60.33907 14.295485
64.25013 8.760012 9.211568
5.0
20.0 0.0
69.0 100.0
100.0
50.0
358.29147
200
20.0 0.0
21.99392 4.3640995
20.951548 9.051583
22.694773 11.440803
24.438 13.830017
26.181225 16.219236
27.787945 18.53071
32.420387 20.1304
35.26764 21.418385
38.11119 22.64646
40.954742 23.874535
43.798294 25.102612
43.798294 25.102612
43.79831 25.102621
43.79831 25.102621
43.753708 25.775206
43.875015 25.616093
43.821465 25.133915
43.801617 25.302795
43.82378 25.195007
43.782253 26.342407
43.80948 25.739613
43.686142 26.235754
43.778046 26.299639
43.776325 25.910135
43.754795 25.689518
43.84234 25.604227
43.75221 25.540154
43.752075 25.501862
43.75207 25.501858
43.790813 25.971558
43.737404 26.006065
43.73742 26.006083
43.67913 26.014406
43.679157 26.014433
43.660164 26.017756
43.75584 25.700247
43.880062 25.71692
43.880066 25.716919
43.80173 25.58496
43.70786 25.558144
43.749714 25.568647
43.873928 25.585348
43.700706 25.829365
43.826283 25.360592
43.78271 25.16158
43.871243 25.113796
43.871254 25.113762
43.87892 24.877045
43.788914 25.12406
43.787434 25.17596
43.84919 25.566494
43.847668 25.61839
43.846165 25.67028
43.876118 25.6294
43.81634 25.718191
43.904 24.88507
43.90246 24.93697
43.75038 25.69148
43.823936 24.86466
43.72631 26.729069
43.726288 26.729065
43.62571 26.839638
43.62571 26.839632
43.779774 26.098661
43.801693 26.086666
43.84048 25.367222
43.83061 25.135027
43.68984 25.95568
43.658863 26.220312
43.658848 26.220308
43.658833 26.220312
43.78357 25.246311
43.783573 25.246304
43.625317 27.165363
43.747997 26.247646
43.748005 26.247627
43.816784 26.189701
43.747597 25.939089
43.688347 25.878096
43.688297 25.878077
43.686752 25.929968
43.615437 26.985271
43.615444 26.985302
43.615417 26.985304
43.797276 26.098446
43.715023 25.88173
43.89687 24.994877
43.71645 26.173344
43.70637 26.51268
43.862133 25.602528
43.686096 26.478203
43.661613 27.004683
43.843445 26.117817
43.76416 26.214975
43.87363 24.860548
43.873665 24.860544
43.86914 25.667465
43.73299 26.134464
43.733017 26.134449
43.629715 27.124138
43.711506 25.876913
43.7115 25.876902
43.726902 26.45832
43.72691 26.458317
43.693054 26.566807
43.72701 26.458385
43.66773 26.397388
43.75657 26.167622
43.756554 26.167618
43.896816 25.583895
43.821 26.03504
43.73721 25.862131
43.86332 25.996552
43.818443 25.550308
43.92057 24.905113
43.920612 24.905128
43.883232 24.604744
43.91529 24.564657
43.915276 24.564661
43.663555 27.044003
45.010983 27.255537
43.75321 25.901945
43.81413 26.094446
43.633823 26.453653
43.656654 26.048265
43.787132 25.236067
43.848076 25.42858
43.848103 25.428568
43.774208 25.880653
43.71456 25.573421
43.87204 25.929678
43.872025 25.92967
43.87202 25.92967
43.872047 25.92968
43.817745 26.243597
43.817715 26.243593
43.62376 26.998001
43.623756 26.998
43.623753 26.998001
43.852913 26.018444
43.852913 26.018442
43.852886 26.018457
43.70769 25.996822
43.712543 25.81589
43.764366 25.866142
43.72553 26.190163
43.786438 26.382698
43.80754 24.934084
43.80363 25.160408
43.735394 25.757908
43.871376 25.03787
43.87413 25.200468
43.87413 25.200476
43.78862 25.139128
43.788616 25.13913
43.849495 25.331635
43.788605 25.139114
43.792526 24.912756
43.79242 24.91277
43.85333 25.105267
43.833668 26.097248
43.833668 26.097248
43.83371 26.09724
43.632812 26.557835
43.68336 26.538528
43.68616 26.701199
43.686153 26.70123
43.686295 25.979023
43.68631 25.979023
43.68624 26.701218
43.730312 26.244888
43.761547 26.633938
43.72761 26.082298
43.758854 26.471348
43.75887 26.471348
43.7248 25.91962
43.80568 26.1776
43.805702 26.1776
43.80572 26.177593
43.808475 26.340221
43.989937 26.956802
44.193535 28.581814
46.9187 32.541824
51.175995 35.03784
53.218758 38.798668
55.99962 41.282455
58.334335 44.73398
58.81295 49.59326
61.983345 53.34954
62.46196 58.208847
62.94056 63.068153
63.433548 67.89851
63.912163 72.757805
64.88238 77.573456
66.925156 81.334274
67.41815 86.16464
67.93296 90.94221
68.507 95.16963
69.0 100.0
