100.0 100.0
20
21.071548 45.307995 10.752275
72.028305 26.646523 5.8427753
55.079704 85.07531 7.221032
1.7906117 63.94913 0.35450172
27.974243 3.5509048 8.616428
62.43011 53.3463 1.8562719
6.8642135 20.947632 13.780458
10.140477 46.964146 6.091222
85.81975 80.08659 10.63585
50.63338 27.691608 5.1142726
90.65187 95.37771 7.7503695
62.41112 98.09071 7.2861867
9.623604 89.78002 2.2901304
86.20466 99.879036 14.195053
53.515583 69.91748 9.983233
52.089638 56.810192 13.384836
19.235268 95.269066 2.616327
38.8514 4.93598 3.09467
72.59981 95.01694 1.9887911
82.5506 65.81836 13.3789425
5.0
20.0 0.0
69.0 100.0
100.0
50.0
235.67839
200
20.0 0.0
20.182304 0.07531494
23.683966 0.490139
23.683966 0.490139
26.10247 0.5491953
27.308563 0.57567596
25.808079 2.341133
24.354624 4.8051653
22.90117 7.2691975
21.400694 9.034655
19.803 11.983488
18.205303 14.932321
17.659405 17.888687
17.113506 20.84505
16.567614 23.80142
16.021719 26.757788
15.475828 29.71416
14.022383 32.178192
14.268252 36.99813
14.357136 40.070244
14.446018 43.142357
14.050041 43.45833
12.261072 44.148605
12.676958 46.87893
12.676958 46.878914
13.456961 46.562428
13.456961 46.56243
12.79598 45.3095
13.61894 46.177288
12.025002 44.54318
12.025003 44.543186
11.79513 44.560467
11.544144 45.136303
11.544151 45.13632
11.2289295 45.85103
10.974867 47.697487
11.713089 45.798595
11.758937 45.853065
11.507072 46.89644
11.56358 48.147354
11.56358 48.14736
11.563576 48.147385
14.8775015 47.700047
14.481524 48.01601
14.481525 48.016
15.84771 47.497158
16.090902 47.363342
18.850128 48.41788
22.164051 47.970547
24.92326 49.0251
27.451052 50.594185
29.83332 51.526638
32.318863 54.282166
34.804478 57.037697
39.02945 58.210114
42.60147 61.56483
45.26732 65.818855
47.444435 65.19945
49.94837 65.59012
48.310276 63.08465
50.969673 64.68822
53.629066 66.29179
53.629066 66.29178
55.801773 67.73343
58.08351 67.36493
58.083508 67.36492
60.365242 66.996414
60.365234 66.99641
62.788948 67.91948
67.47905 69.0729
72.20446 70.16966
74.17767 73.19624
76.9077 74.49443
79.724686 72.64274
82.11551 73.50996
82.11551 73.50993
82.11551 73.50994
83.1393 73.23893
82.83443 76.0916
82.52956 78.94423
82.57422 79.0104
83.37963 82.68581
84.18506 86.36124
87.002014 88.815155
87.08106 88.997
86.28675 89.596245
87.36433 88.463554
86.923546 88.638374
87.8613 88.56387
90.3318 88.84718
90.3318 88.84721
91.007126 89.05395
88.47035 87.98591
88.470314 87.98588
88.54937 88.16779
89.75747 89.68225
87.220695 88.61422
88.47468 88.57934
88.62992 90.10873
85.60258 89.59479
85.602585 89.59479
86.74576 89.43561
89.214325 89.80042
89.21428 89.800385
89.32182 89.8942
87.52411 90.19614
85.411224 90.157585
86.66517 90.12267
89.15772 89.23321
86.98668 89.283646
89.174904 89.07846
86.70976 89.22448
89.20226 88.33508
90.04718 89.47173
88.2966 90.16787
86.852196 90.09057
86.64598 89.72397
86.64595 89.72397
87.72075 89.42189
86.71032 88.72929
88.86242 90.08961
87.85196 89.39702
89.17531 89.420616
89.80021 87.72649
89.80014 87.72642
88.56851 89.65868
88.87402 90.018456
86.992065 90.139656
87.969635 89.07335
87.50287 88.826706
88.025734 89.28698
89.330986 87.93441
89.33097 87.934395
89.086395 87.89291
90.85628 88.64406
92.25522 87.83919
89.74697 89.231224
89.67658 89.17925
89.67667 89.179276
86.08463 90.52173
88.59736 90.16753
86.581985 89.956314
88.76641 90.0143
85.32799 89.95323
85.309586 89.94154
86.69969 89.414055
85.313095 89.97471
87.28049 89.53558
87.9822 89.39431
89.39703 89.95926
90.2577 89.27638
87.97618 89.370346
86.02349 89.46028
87.05496 89.76636
88.650696 90.10515
87.48831 90.29616
85.21323 90.09845
85.0011 90.108444
85.001045 90.10845
85.001076 90.10846
87.351944 89.8502
89.333305 89.83199
86.645775 90.094406
85.9228 90.08818
88.16995 89.2983
88.80854 89.30788
87.66215 88.569
85.816444 90.1219
85.81638 90.121895
88.06353 89.33201
89.86087 89.46589
88.63423 89.04859
89.07311 88.7045
89.07311 88.7045
91.01685 88.4691
89.08848 88.993576
89.088455 88.99364
88.52188 88.68694
86.77502 88.89253
88.956764 89.07061
88.37211 89.20861
87.41338 88.719246
87.41337 88.71926
88.11509 88.577896
88.115105 88.57799
90.46595 88.319756
89.76519 88.53637
88.36026 88.137215
90.72206 87.98104
90.12584 89.30736
87.829155 89.963005
88.21391 89.8931
86.023575 89.91934
86.0236 89.919395
81.49251 88.54283
78.22861 92.23558
74.53717 95.341354
72.691444 96.89423
72.69144 96.894226
69.0 100.0
