100.0 100.0
20
77.87571 69.04776 14.365888
64.64329 31.783924 6.235619
61.946053 58.71336 14.965378
31.800472 54.166157 3.7431333
14.592631 20.466114 5.7110276
53.88205 57.018196 11.566549
43.288963 74.23074 13.872379
74.22581 25.100319 5.67116
44.0644 36.265533 13.373189
57.10652 36.64598 13.024816
13.098939 66.65783 11.677919
27.404306 79.49551 9.664338
13.825825 9.973082 5.165058
78.22289 47.566578 1.7730341
74.239784 2.3701181 11.698724
35.25425 71.416664 10.742527
7.5769563 64.41589 12.857618
79.75637 70.81366 1.9113355
44.710682 7.6308575 6.461751
37.41269 26.023352 7.2675395
5.0
20.0 0.0
69.0 100.0
100.0
50.0
264.82413
200
20.0 0.0
17.624882 2.634311
15.249762 5.2686214
15.416695 5.8022556
15.48947 6.4574633
15.9537945 8.022768
18.267496 9.92502
22.562729 11.516383
25.691526 15.26778
28.005219 17.170033
31.038969 19.05047
33.67619 21.09911
35.989887 23.001362
38.303596 24.903618
40.94082 26.952255
43.57804 29.0009
45.89173 30.903154
46.762848 33.477657
47.55899 35.99501
48.430107 38.569504
50.700417 40.733513
51.571537 43.30802
52.442657 45.882515
51.391327 46.439102
51.39133 46.43911
51.441032 46.424576
52.606945 47.156685
53.316853 47.811977
53.316814 47.812016
52.69598 46.181652
54.560974 46.31816
55.46926 45.728165
55.005394 45.65718
54.71463 47.568687
54.871185 47.841194
54.87119 47.841194
53.836685 47.90885
53.19826 47.371914
53.156364 47.938232
53.39445 48.21456
53.44414 48.200043
55.19584 48.159924
55.19584 48.159924
55.19584 48.159924
54.557354 47.62302
55.176952 47.324635
56.91186 48.4556
58.77684 48.592125
55.73196 49.045208
55.731976 49.045208
56.980972 48.908264
56.98095 48.908295
57.941338 49.237225
59.14755 48.196842
59.147545 48.196857
59.147552 48.196873
56.10266 48.649952
56.908596 49.413967
56.90857 49.413956
54.770893 47.919594
54.770905 47.919624
53.155914 47.267876
54.79148 46.471516
54.75398 48.912735
53.33374 49.067974
54.288506 49.199642
54.288506 49.19966
54.288506 49.199646
53.127327 51.85644
51.96615 54.513237
50.80497 57.170033
48.6705 61.593216
51.41523 64.26384
51.41523 64.26384
51.41523 64.26384
51.48182 65.75917
51.48184 65.759155
51.94788 66.03706
51.930954 66.42976
49.11682 66.36696
44.580246 68.194595
42.291573 70.0953
40.0029 71.99599
37.502617 72.454414
35.213943 74.35509
35.213963 74.355064
34.67509 74.131966
35.772343 74.750755
35.779446 75.83838
34.348885 75.571365
32.769463 75.55794
30.370403 76.24795
32.465916 75.869514
34.202988 75.53186
31.80413 75.63207
32.184883 75.64278
29.89621 77.54344
32.828693 75.13232
32.026825 77.480606
32.02679 77.48061
31.394238 77.20698
31.175053 73.07694
32.615597 75.973694
34.056137 78.87046
35.49668 81.767204
35.496677 81.767204
35.496677 81.767235
35.496674 81.76721
36.420273 80.96596
35.143684 81.32214
36.062553 81.02606
34.63751 81.68088
35.755043 81.07851
34.15658 80.71601
34.15656 80.71602
33.67967 80.68059
34.172295 79.98998
33.168697 79.84124
34.263153 79.79406
32.966793 76.40271
32.966824 76.4027
32.96682 76.402725
31.512001 76.73282
30.013721 73.66854
32.17632 76.58574
29.782406 75.85681
32.020023 76.011116
33.899162 75.049736
32.29736 74.8916
32.29735 74.89163
35.676476 76.844086
35.85234 79.53241
35.621468 76.810616
35.390587 74.08884
35.390583 74.08884
34.74293 73.86406
34.742928 73.86407
34.74293 73.86408
34.742977 73.864044
33.335396 74.29711
31.909946 74.367714
31.909943 74.367645
29.907562 75.29883
32.346294 75.56129
32.346287 75.5613
30.313679 74.98515
30.313698 74.98505
31.727531 77.258156
33.856224 76.93515
35.834045 76.36897
35.834053 76.36896
36.547478 78.23322
34.304043 76.133736
32.751846 76.003914
32.75184 76.00388
34.899696 76.57243
34.899685 76.57248
35.43115 74.96618
35.734108 74.96952
34.908955 73.7699
35.0848 76.4583
35.084816 76.45831
33.07902 76.702705
33.07903 76.702736
33.079014 76.70275
35.254765 76.671455
35.254776 76.67146
36.631237 78.55237
36.631233 78.55237
35.797745 78.70779
36.86869 77.90304
35.009987 77.604294
35.009987 77.60429
36.634743 77.587135
33.94988 75.36745
33.159843 75.26636
33.15984 75.266464
33.159832 75.266464
31.549309 74.752945
31.549309 74.752945
31.921818 74.36175
32.44738 74.48931
31.185314 77.44633
33.246655 78.929375
35.544327 78.94741
34.44992 78.637535
34.449917 78.637535
36.751965 80.368095
36.319233 80.54514
35.107594 81.628784
39.51727 81.06467
41.809925 83.50391
46.794136 83.744934
49.617123 85.866295
52.440094 87.987656
56.13001 89.943436
59.81994 91.899216
63.509857 93.85499
66.33284 95.97635
69.0 100.0
