100.0 100.0
20
26.30736 72.011185 10.506436
26.973595 50.756523 0.5235515
66.52024 77.197655 7.775832
89.53054 40.358574 6.620141
13.993447 15.808246 2.909897
20.838507 7.776128 9.367455
5.2522807 12.31973 2.921537
47.86255 10.704236 4.1964912
32.30076 79.60749 10.396998
85.636765 1.9530327 4.380052
97.777405 21.143297 4.305335
46.14715 22.57694 7.4533873
81.06194 18.811523 8.369471
45.790817 27.334198 7.547585
30.735855 58.673878 9.817347
2.045014 71.84176 11.829911
98.188934 35.34152 10.482053
31.704508 78.42995 9.026671
75.1539 1.7002324 11.843411
4.610387 68.776115 13.425797
5.0
20.0 0.0
69.0 100.0
100.0
50.0
256.78394
200
20.0 0.0
20.60959 0.1443734
21.690994 0.20180646
19.72836 0.13453898
20.874903 2.6499918
22.021442 5.1654453
25.807251 6.066949
25.807251 6.066949
23.84461 5.9996805
24.248354 5.982049
28.22148 8.596006
29.368017 11.11146
33.099037 12.232052
36.083126 16.257542
39.067226 20.283033
41.362843 22.003511
42.137913 24.002947
42.1283 22.693422
42.128304 22.693428
43.717316 21.769844
43.7173 21.769848
44.49253 22.268217
44.492374 23.769278
44.492218 25.27034
44.52686 25.765068
43.893284 26.25402
43.893265 26.254038
42.458515 27.872675
42.569866 28.62099
42.56896 29.014835
42.700073 33.664692
39.242275 37.23234
38.10331 41.773716
36.60574 45.677845
33.147938 49.245495
32.52999 53.90991
29.072205 57.47755
29.527767 62.282528
30.733868 66.91501
32.055042 69.7616
33.415005 73.9863
30.919697 72.77841
31.008324 72.525604
27.718105 72.98694
26.90514 75.798676
27.213291 77.3126
27.213295 77.31256
26.618023 75.094604
29.055252 74.47621
31.492481 73.857834
33.92971 73.23944
32.43748 69.91623
32.43748 69.91623
30.760715 71.50345
30.760715 71.50344
32.081894 74.35005
33.15445 73.523506
33.90693 76.41083
35.008198 77.70621
35.008198 77.70621
35.162323 77.63971
30.42693 76.6308
30.42693 76.63078
30.047138 78.51592
31.156048 76.40572
32.046745 75.06411
31.659058 75.41791
28.866924 76.19509
28.866924 76.195114
30.978748 74.74844
33.090572 73.30177
35.202396 71.85512
33.52563 73.44226
33.525627 73.442245
33.52561 73.44227
30.226112 74.54669
30.287346 74.82779
27.00637 75.1953
28.634369 77.32102
26.238739 79.25871
24.001263 77.651146
27.20689 81.49487
27.20689 81.49489
27.028568 81.4424
28.413994 78.43017
29.225178 78.95147
28.053883 81.768585
30.165707 80.32195
32.395763 78.01054
32.395756 78.01049
32.07403 78.01574
32.074028 78.01573
31.32349 78.1882
32.386 79.43432
29.105026 79.801834
27.59224 79.21361
27.838493 79.23517
30.778725 75.44055
31.356567 77.21082
30.139656 75.76133
27.9678 75.05684
28.108921 72.80043
28.108917 72.80043
27.063442 73.2025
27.063438 73.20253
29.124191 73.54884
31.857159 72.62747
34.59013 71.706085
35.144215 72.82486
32.40085 72.852875
32.400852 72.852875
30.567661 70.60127
29.396358 73.41845
28.350883 73.82047
26.096127 76.984
29.412933 80.075195
29.412926 80.075195
29.254513 78.45685
30.680786 79.40517
31.68681 80.60822
31.686802 80.60824
27.751644 77.53083
25.131802 77.23963
28.27808 78.701454
28.27808 78.701454
30.47791 78.129555
28.19342 79.567825
27.978241 77.296005
30.557629 77.61699
33.13702 77.93798
33.13702 77.93797
31.121407 75.8028
29.457687 77.36216
30.895752 76.412964
29.640472 76.35603
31.698013 74.779434
31.698013 74.779434
31.698013 74.779434
31.698013 74.779434
33.847797 73.80611
31.289392 73.1673
33.828377 74.194145
33.22271 74.24267
33.611557 77.149506
33.468178 74.66215
33.468174 74.66216
33.490055 76.43294
29.997105 76.73728
32.82887 75.80965
30.66457 77.96089
31.000633 77.79526
32.336956 78.01082
30.170036 79.01793
28.003117 80.025055
28.003117 80.025024
28.920864 81.255035
28.920864 81.25505
25.42791 81.55937
26.264862 80.77078
29.215515 77.67114
30.1941 74.82965
30.194098 74.82965
27.367695 72.9863
28.463474 75.136696
28.463474 75.1367
29.160988 75.28381
31.020336 72.94441
33.892174 73.2835
31.20385 74.77854
31.203842 74.778564
31.203842 74.778595
29.859337 74.31238
30.37577 73.807755
32.542233 73.07435
34.04601 73.75879
32.602886 72.69217
31.177555 76.44916
31.177555 76.44916
28.906673 78.6839
28.906689 78.68396
31.772678 77.373215
34.638668 76.06248
34.638668 76.06247
35.000202 75.807236
33.63923 77.142044
33.639225 77.14205
36.09016 75.124855
36.090168 75.124855
35.394802 76.35328
32.579006 80.23307
32.57901 80.233086
34.643967 81.70731
39.31599 82.93167
43.778652 85.23306
47.392113 88.68612
51.854774 90.9875
56.526817 92.21187
60.87657 94.29392
64.65875 97.5188
69.0 100.0
