100.0 100.0
20
58.274662 36.092583 13.07298
91.15584 4.174882 2.1487887
5.0776334 21.98814 0.4395646
95.42831 80.20495 8.50375
5.0008035 23.689526 7.493803
31.488312 63.481995 2.5307183
32.148285 67.85584 6.5895524
24.677547 29.727133 4.391397
43.216057 9.307301 5.771636
30.16108 93.106544 10.041965
95.12862 64.17014 12.763665
97.50762 78.932724 1.2500702
95.97815 98.751335 0.5901435
96.03232 71.26559 6.239931
64.068504 37.841675 4.1646175
39.28332 23.183 6.897524
11.945776 10.158054 1.3842956
36.937412 44.733833 0.8190681
82.23121 85.22458 6.3443294
84.227554 66.37256 13.428837
5.0
20.0 0.0
69.0 100.0
100.0
50.0
314.07037
200
20.0 0.0
24.888731 0.9282982
29.575094 2.1662483
32.47455 4.0906363
35.309174 4.646352
38.14571 7.843936
38.787273 10.68115
39.42882 13.518366
40.07038 16.355581
41.044502 19.406458
42.018623 22.45733
43.02912 25.640453
43.670677 28.47767
46.945793 31.888567
49.710228 32.721443
54.05094 34.98021
56.81535 35.813103
61.19612 35.28233
61.80574 35.765705
61.80574 35.76571
61.80576 35.765694
61.805763 35.765697
63.160233 35.08624
63.160233 35.086227
62.48449 34.005455
63.081326 36.280144
63.834045 37.321964
61.660347 40.367588
64.44858 39.40823
67.23682 38.448868
67.236824 38.448868
62.96453 37.119934
61.412437 38.47458
62.023094 38.472237
62.306656 38.724804
64.87394 39.08764
64.87394 39.087643
65.09499 39.23998
65.84774 40.28178
65.116936 39.449856
65.1169 39.449856
65.11695 39.449867
66.42147 41.248833
66.42147 41.248833
66.421455 41.24884
65.74571 40.16809
65.74569 40.168068
66.498436 41.2099
66.498474 41.20991
66.49841 41.20991
68.286285 43.75152
71.92786 46.940193
75.24867 50.67105
76.96747 55.11326
78.686264 59.5555
82.96227 61.291534
84.9721 63.870033
89.24812 65.60609
90.55986 70.34223
93.117935 72.86858
92.937485 73.15307
92.38753 74.71023
93.426926 75.656685
93.42692 75.656685
93.42697 75.65674
90.993195 73.43408
91.74634 75.28555
92.25669 73.04352
92.25669 73.04343
92.65033 73.61862
92.65033 73.61862
92.58287 74.31786
91.62153 75.59043
92.27896 75.66445
93.47423 75.96444
93.984566 73.72239
93.2608 75.609955
93.77113 73.367905
94.54392 71.977455
94.54394 71.977356
92.84403 72.60893
92.63444 72.58208
92.850845 73.66362
95.46993 73.39272
94.48538 74.25742
93.8466 74.83553
92.17258 72.8382
93.483696 73.13518
93.99298 73.24031
92.94938 72.763626
92.81777 73.55885
92.74222 73.574005
92.674835 74.273224
93.09374 75.14035
93.09374 75.14035
93.09371 75.140366
92.224434 72.62092
92.16302 72.775894
91.1785 73.6406
92.039825 75.69136
91.17055 73.171936
92.09289 75.937485
91.22361 73.41806
95.45562 72.286705
95.11413 73.35674
94.518295 72.37797
91.838524 73.00565
91.49815 73.6752
94.154625 74.50292
92.34291 73.928085
94.34085 73.343506
94.340836 73.34355
93.65126 73.979614
95.34548 73.361084
95.34556 73.36107
94.19244 74.055305
93.52718 75.87347
92.887856 76.00538
91.47848 75.2748
91.75516 74.13071
91.68475 74.46382
91.68475 74.46382
91.68471 74.46382
91.68344 74.50777
91.00482 73.39497
92.03573 74.0681
93.48807 73.21425
93.52597 73.186165
90.56314 74.07316
90.56307 74.07321
93.70972 72.67166
92.70389 72.80328
93.167206 72.205536
95.73165 72.71809
92.64443 73.38096
94.00753 74.04598
94.87213 74.02665
93.92678 73.49454
93.673485 73.43777
95.65722 72.20826
95.05834 72.380005
93.10487 73.55125
93.29733 76.05836
91.90537 75.14357
92.407875 72.83778
92.407875 72.837776
93.69921 72.55509
94.03007 74.09243
94.03005 74.092415
94.34716 74.05132
93.32229 73.0399
94.53132 74.28165
94.23564 72.70474
93.960526 72.74306
92.0981 72.46199
92.098076 72.462
91.26187 74.447205
91.285995 74.074425
91.31019 73.70165
93.383064 72.99668
95.06196 72.28072
95.06188 72.28069
93.56165 72.44743
93.56173 72.44739
93.5617 72.44736
90.71794 73.853874
90.31575 73.60305
90.315796 73.603096
92.38868 72.89812
92.38874 72.89814
92.54491 73.38804
92.54489 73.388054
92.54489 73.38805
92.322136 72.71959
90.96903 74.674095
93.16516 75.132164
92.58437 75.900734
93.26712 75.84705
95.76138 73.14053
94.51366 73.10222
94.56735 73.16788
94.56737 73.16789
94.56735 73.16786
94.56729 73.16789
92.69883 75.07918
92.8009 73.79522
94.25098 74.00301
92.48543 75.9309
93.14433 73.09232
91.27586 75.00363
91.27588 75.00363
87.73554 78.29766
84.04955 79.53095
82.1302 84.03151
78.44414 85.26497
76.57567 87.176254
74.65633 91.6768
72.73699 96.177345
70.86847 98.088684
69.0 100.0
