100.0 100.0
20
73.93445 41.810814 0.051299565
38.01253 88.3385 1.1952676
74.33286 26.601938 4.980368
75.65104 14.2879715 7.554024
57.855724 57.01125 14.053594
40.824356 69.267365 10.720674
78.968864 6.0625734 9.199852
4.4662423 57.48881 7.50855
50.135635 73.37217 1.233624
13.892647 92.65169 14.035273
0.27875432 1.4334592 1.7143756
10.586375 59.684456 11.757074
15.718034 52.13792 6.690843
63.3171 45.079727 12.855473
35.329548 68.60528 7.059751
72.956024 50.274704 12.710752
9.483627 0.97203964 7.157209
35.136673 58.116077 8.955458
79.86425 40.911762 7.60855
98.05671 9.342877 0.060210217
5.0
20.0 0.0
69.0 100.0
100.0
50.0
252.2613
200
20.0 0.0
16.385952 0.35622025
16.385952 0.35622025
16.466873 0.28989768
16.466873 0.28989768
14.28205 2.751504
14.282049 2.751504
12.2279415 5.1972623
11.997474 5.327748
10.52217 6.1383605
12.650412 6.8267145
16.296001 7.716898
19.941591 8.607082
22.018538 10.204182
23.210203 14.675064
25.562477 17.506071
28.414803 21.477776
30.647682 25.598679
34.007793 28.212051
36.084747 29.809143
40.891403 29.91986
43.74373 33.891567
47.389313 34.781757
49.11982 38.0154
51.215294 42.04589
52.29493 46.486923
56.9666 46.54521
60.612194 47.435402
61.138317 48.121338
61.731304 47.852554
62.95838 48.41414
62.738182 48.265198
63.331177 47.996414
63.110973 47.84747
64.41229 47.096127
61.471054 47.211575
65.375534 50.237373
67.14894 48.779217
67.14896 48.779194
67.65094 50.754692
65.48416 48.986546
65.44231 52.119137
65.400444 55.251728
65.400444 55.251728
65.40041 55.251736
65.95082 50.5594
65.95082 50.559406
65.206436 50.40901
63.702164 54.156204
64.929214 54.71779
66.49475 56.140408
65.179695 52.636524
63.864647 49.13264
63.864647 49.13264
63.864647 49.132656
64.04904 49.21221
63.90204 50.16167
63.90206 50.161667
65.96447 51.557415
66.08572 51.51929
66.08573 51.519295
67.43206 52.70582
67.43204 52.70582
68.659424 52.721306
69.35733 50.641205
69.35733 50.641197
68.962524 53.097996
66.61967 54.087814
67.471375 54.028748
65.764084 54.125736
66.49839 53.950294
64.438866 53.45922
64.915886 53.391796
63.555336 53.462624
64.075806 53.378483
63.485184 50.13396
63.485184 50.13398
66.00803 49.85688
64.70484 52.436478
63.40164 55.016075
63.401646 55.01607
63.40165 55.016068
68.22831 55.03064
68.228294 55.030655
67.257484 51.928345
66.28668 48.826035
66.28668 48.826035
66.63454 48.893036
67.42389 50.193977
68.21324 51.49491
68.21326 51.4949
68.798515 54.234596
68.79853 54.23461
69.32461 54.920547
67.08448 54.817238
66.14266 55.63195
66.984955 54.445866
70.17392 55.831818
70.17392 55.83181
68.12163 55.53585
67.036606 54.30724
68.00664 56.485725
70.836235 54.049637
68.75748 53.63696
68.7575 53.636936
68.71487 51.672543
68.78236 52.874184
69.57941 52.328815
67.45379 52.569717
64.7266 53.35761
63.820747 52.55962
65.418724 51.24239
67.16315 53.982895
67.16315 53.982895
65.57428 49.25398
65.57427 49.25398
61.607254 49.561337
61.38697 49.41238
66.03265 50.82785
64.32894 51.151886
64.70786 51.043846
65.65733 50.701973
65.65734 50.70197
63.62136 52.077396
63.379242 51.788296
65.78717 52.73883
65.259735 52.654728
61.73472 53.2276
61.531746 51.12725
61.328766 49.026913
62.08632 51.128826
61.883347 49.028484
61.883347 49.028484
62.35482 50.8293
62.354813 50.829304
64.967514 52.191933
62.074432 50.29946
62.074432 50.29949
63.482025 50.235313
63.48201 50.235313
65.50975 48.600273
64.99956 53.56995
64.99955 53.56995
64.99965 53.56993
64.99969 53.5699
66.36736 52.727272
62.962234 55.286842
64.120056 55.473553
62.499924 57.38037
62.118607 54.254242
62.554947 51.40847
62.78788 49.09783
63.173714 51.873695
63.610023 49.027912
63.610023 49.02792
64.82423 52.29134
63.46599 54.47065
63.713516 51.579796
65.61162 49.656433
63.25078 49.898315
63.120598 51.837402
63.19693 47.82293
64.39376 49.6021
65.59059 51.381264
65.59059 51.381264
65.59056 51.381256
64.38037 46.707714
65.406586 46.235497
65.462326 48.734764
67.20494 47.31937
67.05236 47.30724
66.83218 47.158253
67.014046 49.660435
65.152466 48.77509
66.035286 48.619755
65.373505 48.68083
62.656067 49.288105
64.13867 47.566273
64.13867 47.566273
61.666603 46.15947
60.7474 48.273388
60.7474 48.273388
60.747368 48.273365
61.717476 50.451836
63.432533 52.02664
63.693657 55.155903
63.162476 55.867756
66.30258 57.025208
67.415375 60.553253
67.67651 63.682526
66.26751 67.27309
64.85847 70.86368
64.79491 74.606445
63.601624 79.287094
65.279526 83.795944
66.392365 87.32399
68.40978 91.163124
68.478004 93.743034
68.73912 96.8723
69.0 100.0
