100.0 100.0
20
99.81266 83.92612 12.619004
13.368845 61.244873 12.627121
6.2672634 62.729885 4.044614
41.33163 36.85307 2.3082294
9.119194 77.31384 10.576499
93.08086 8.785962 8.641487
70.122856 12.306651 0.5966555
8.410263 71.78391 14.5297785
54.97743 80.42574 13.443973
99.36196 99.85516 5.3643637
79.943214 32.20729 2.737249
48.577267 93.16837 2.612785
30.450346 17.94816 12.842235
32.015774 67.869576 13.857503
10.764896 83.36812 1.85196
28.977245 14.623708 7.9824204
25.2659 19.5709 1.1552771
48.23798 6.4449563 4.3087754
62.67848 36.75888 8.722002
93.543785 67.88541 1.8224766
5.0
20.0 0.0
69.0 100.0
100.0
50.0
268.3417
200
20.0 0.0
22.839598 4.122573
25.32108 7.6801376
24.837307 12.544782
24.57182 15.798114
24.306334 19.051449
24.306335 19.051449
24.306335 19.051449
24.448067 19.290028
24.323189 19.37737
24.46492 19.61595
24.69372 20.091135
25.258907 18.746593
25.388815 19.299953
25.530542 19.538528
26.116932 19.872032
24.594828 20.169298
24.594822 20.169294
24.409924 20.185305
24.483742 18.956123
25.145353 20.369904
25.020473 20.457241
26.26064 19.311892
26.260632 19.311893
24.496267 19.126448
24.496262 19.126455
24.496254 19.126455
24.783749 19.290268
24.783752 19.290272
24.925478 19.528854
25.305685 20.238892
24.441814 20.15604
24.44183 20.15604
25.611347 24.493895
22.420937 27.860344
19.230522 31.226795
16.040108 34.593243
16.328245 39.352413
15.078878 41.91797
13.990252 44.719933
13.768225 48.8268
11.869304 53.02139
10.619931 55.58698
7.4295177 58.953415
7.4942455 58.94664
6.769229 61.468323
6.725913 60.74582
6.7906466 60.739014
7.767621 63.582928
7.767621 63.58293
9.074412 63.717316
8.416657 63.050278
5.006362 61.500427
5.006358 61.500404
4.6872406 60.015503
3.6057014 62.4694
3.6056976 62.469383
4.983532 62.969704
6.381096 65.77918
10.152372 67.10067
10.1523695 67.10066
11.549932 69.91016
12.699479 70.741196
13.849024 71.572235
13.849022 71.572235
12.315894 71.21979
11.468836 70.89812
11.509938 73.06503
11.190826 71.58015
13.5372925 72.264366
12.267544 69.45452
11.258516 69.47506
11.25851 69.47513
12.565293 69.60965
12.5652895 69.60965
13.984556 69.50782
12.507552 70.8663
12.751416 71.52377
12.751414 71.523766
12.829572 68.62387
14.888127 69.186264
14.888125 69.18628
15.159855 70.171326
15.159864 70.17134
13.037812 70.34496
11.602483 69.134796
14.233443 73.19211
14.619964 70.418396
14.619964 70.41838
13.645368 70.0713
13.645369 70.07121
12.688082 70.101105
14.109991 68.902824
15.25954 69.73389
15.383218 69.693146
13.141292 68.770164
14.892278 69.58726
12.861901 73.54836
13.60937 72.95637
11.367454 72.033485
10.450047 71.69941
11.595943 70.19458
8.111364 70.64703
10.457838 71.33114
11.986923 73.14025
15.180733 73.660934
12.7745495 73.332985
12.7745495 73.33299
10.67239 71.05534
9.996685 70.97664
9.896389 70.765366
9.94542 70.79915
8.334894 70.41331
9.265859 71.62384
11.241154 72.99338
10.799637 69.41714
8.330946 70.02713
5.5057945 69.23341
8.699604 69.75409
11.674702 68.010025
11.674698 68.01002
11.1673355 70.66501
13.853278 70.49701
13.853276 70.49698
13.853277 70.496994
11.812908 69.93546
12.143805 69.37518
12.143812 69.37518
12.143808 69.3752
10.802633 67.91909
10.802637 67.9191
9.752466 72.0094
12.169743 71.63672
11.265766 70.96275
11.265771 70.962814
9.956353 69.91893
8.679676 70.549545
10.795837 71.136734
10.795834 71.136665
10.795832 71.13656
10.765386 71.01185
11.436082 70.12709
13.462163 71.64726
12.401366 71.60338
10.966027 70.393295
6.891094 68.07219
6.891096 68.07222
7.6466045 67.166435
8.027749 65.72644
9.286126 66.87949
11.457042 68.217674
12.77337 68.90418
12.313828 68.80029
12.3138275 68.80024
12.739738 69.11531
9.991454 67.27954
11.96676 68.64911
10.926097 71.09731
12.952179 72.617455
11.956798 72.47332
10.774461 71.97364
10.774463 71.97368
7.981183 71.21116
12.464954 68.97033
12.7812195 70.17849
14.2114525 72.27052
10.244501 72.9039
11.78443 72.00515
10.789043 71.860985
10.270157 72.19621
10.270155 72.19621
11.361235 70.32435
13.387316 71.8445
14.35837 71.766396
16.529285 73.1046
15.8010845 70.529655
15.826529 70.649925
14.78587 73.09814
11.210808 72.884315
11.210808 72.884315
11.729698 72.54899
14.342239 69.61826
16.822197 72.5924
16.908554 72.74671
19.174263 71.628975
22.437893 72.86416
26.968369 74.87798
29.246342 75.94503
33.77682 77.958855
38.539345 79.46714
43.06982 81.480965
47.600296 83.49479
49.77122 84.833
53.143623 87.55067
55.42159 88.617714
60.145836 88.22454
62.25533 91.68444
64.42371 94.601814
66.72203 98.93295
69.0 100.0
