100.0 100.0
20
87.942184 13.985425 12.770261
77.87052 67.57729 12.821926
8.944745 53.571655 10.709557
22.175112 27.686642 14.788537
12.52134 8.620036 6.1862664
72.32442 76.16857 7.996375
25.861765 29.818686 0.13961215
79.77326 42.2258 14.513563
79.423836 75.93501 7.851047
89.81328 76.183655 2.0606995
88.50741 42.61001 4.9155245
83.98232 24.103285 11.251587
28.957823 44.921066 7.432616
62.679756 63.282776 11.62105
62.526474 38.561775 3.468379
71.51083 39.92323 12.67016
0.5542839 91.84524 8.616253
98.69128 0.6596441 6.619042
51.196827 62.52915 0.09429138
58.53857 65.58794 12.842049
5.0
20.0 0.0
69.0 100.0
100.0
50.0
325.62814
200
20.0 0.0
19.208857 2.3330226
16.496065 6.089007
17.270403 9.810007
16.230024 11.59234
19.290075 14.195847
19.87389 16.492264
19.697042 19.810402
19.5202 23.128532
19.343353 26.44667
20.544579 28.915024
21.745808 31.383377
22.947033 33.85173
24.830654 36.006355
26.031883 38.47471
24.942825 40.070404
24.94283 40.070404
23.685644 39.86331
25.260239 38.509647
25.260239 38.50965
25.260239 38.50966
26.461464 40.978016
27.46959 38.08631
27.469587 38.086327
27.574957 40.322502
27.14489 40.981617
27.14489 40.98161
25.105486 41.12171
27.196012 38.50269
27.196014 38.502693
27.196022 38.502686
27.196022 38.502686
27.196033 38.502678
27.153542 39.76243
27.153542 39.762424
27.153542 39.762413
27.15353 39.762444
28.239552 39.80191
28.23956 39.801907
30.908195 39.327686
30.962307 43.883366
33.62145 45.210865
36.2008 46.443176
38.30993 50.79364
41.255817 53.097633
45.148533 56.272133
48.094467 58.576107
52.801773 57.748486
55.71115 59.791164
58.290493 61.023468
60.94966 62.350967
63.529037 63.583298
65.62278 67.10473
68.53222 69.14743
68.3128 70.20846
68.64591 70.95414
68.95501 71.18438
69.552 70.18617
67.58005 70.381874
69.37167 69.67028
69.44617 69.79423
68.12495 69.57901
67.90553 70.63999
66.93083 71.227844
67.129364 71.25775
67.08998 72.02151
69.40347 71.068985
67.48405 72.78649
66.66886 70.74107
66.66891 70.74112
67.28473 71.69359
67.52474 72.29891
68.62461 72.7065
67.42366 70.51771
68.92059 71.37902
69.037384 72.373886
70.083336 70.571465
68.925545 69.63494
69.50625 70.74772
69.58078 70.87166
69.62878 70.49358
69.62877 70.49358
69.63567 70.49717
67.75039 70.42802
67.75043 70.42801
68.08158 70.553314
68.39159 70.34325
67.41604 70.19671
68.80861 71.94835
67.06181 70.3336
67.77034 70.242355
68.04109 70.12937
68.04113 70.12939
68.638115 69.13117
68.399704 69.22136
68.32968 71.82056
68.329765 71.82059
66.97588 70.67826
66.97589 70.67832
66.975876 70.67829
69.337944 71.06133
67.92802 71.75643
68.995415 69.959274
68.63022 71.557396
68.590866 72.3211
66.43515 71.27425
65.97296 71.96808
67.089386 72.0183
66.329445 71.67348
66.52791 71.70337
68.55235 71.97701
66.39657 70.930145
68.42104 71.20377
69.33133 70.73018
70.358376 68.5755
68.3533 71.19122
69.19984 70.5861
69.32403 71.35348
68.086266 73.1354
67.88485 70.494606
67.585495 70.26533
68.56595 70.386055
70.17883 68.946075
68.04191 69.96409
67.78762 72.42105
68.58782 70.15265
70.15727 70.38432
68.94905 69.65794
68.52284 69.13829
68.522835 69.138245
66.79276 73.47942
67.255226 71.019455
67.079666 70.31451
67.976105 72.64221
67.976135 72.64219
68.43857 70.18225
68.09513 73.00914
70.075905 70.54003
68.693924 70.448296
68.693924 70.448296
67.9302 72.57602
68.63784 72.79325
70.03609 69.98529
70.0361 69.98522
66.95766 72.986
66.59382 72.422714
67.69508 70.51353
67.440796 72.97043
68.348915 72.148056
68.81058 70.35119
68.55629 72.80808
66.69567 71.64351
66.51816 72.073
66.55354 73.5712
69.3209 71.290016
67.83551 72.65882
68.396034 71.54301
68.867 73.03276
68.25094 71.557144
66.544655 71.5099
66.327805 71.48377
68.58258 72.1626
68.58251 72.16259
69.536255 71.84408
69.80372 71.66081
68.77923 71.642555
67.1639 71.195526
66.849106 72.355156
66.84921 72.355156
67.93538 72.222435
67.93338 72.22203
68.17919 71.70157
66.54071 72.13643
66.5407 72.13643
69.08784 70.49725
69.741005 70.89981
67.888016 71.13892
69.028854 70.885826
69.95314 70.85528
69.95316 70.85536
70.263245 70.35833
68.41019 70.59745
66.557144 70.83657
67.71297 70.97627
70.25086 69.37336
67.87468 69.63214
69.13373 70.86534
69.13378 70.865456
68.929344 70.886566
68.92936 70.886566
68.92941 70.88659
67.756645 70.45945
67.96454 72.856895
72.289215 75.34159
71.91041 77.75884
70.6748 82.59359
70.29599 85.01085
69.86399 90.007225
69.43199 95.00362
69.0 100.0
