100.0 100.0
20
19.667822 21.348988 8.066695
43.3536 87.32497 8.318911
40.523243 73.01567 6.672785
94.61933 74.524315 5.2634597
5.9438515 30.964556 2.9906743
25.696728 97.36288 6.8095574
0.4208956 71.80785 6.200043
75.68752 3.6190038 7.6831803
76.935005 13.488017 13.990918
98.28711 26.348572 10.047945
71.79324 96.87198 6.136256
58.21936 4.223868 1.6142814
37.47922 77.96273 7.673882
59.86354 14.754909 2.179586
82.92923 77.08394 9.421606
46.18009 72.21604 9.02368
14.8783865 74.41144 3.0598803
22.137207 83.45267 12.430593
52.292316 4.257302 13.381015
0.96651447 25.74142 4.8355336
5.0
20.0 0.0
69.0 100.0
100.0
50.0
319.0955
200
20.0 0.0
20.0472 4.914893
21.624767 9.432518
19.71581 13.579934
19.935545 14.579268
16.994055 14.461467
16.4696 18.429762
16.4696 18.429762
16.671627 18.377956
16.685648 18.414879
13.7441635 18.297073
13.744167 18.297077
13.744167 18.297077
14.43078 20.127865
17.923876 16.652905
19.806553 18.579433
21.73927 15.812468
21.73927 15.812468
19.92249 15.962608
24.043829 17.168823
24.043829 17.168825
23.807018 19.854155
23.16102 21.749716
23.16102 21.749714
24.051352 24.23175
24.051805 24.24794
24.051805 24.247944
24.051805 24.24794
24.893755 25.978764
24.893759 25.978764
25.745474 26.592014
27.15806 31.297966
28.64179 34.12131
30.054375 38.827267
29.465714 43.174862
31.547314 47.469116
34.883915 51.13863
36.29651 55.84459
37.184177 58.816746
38.596775 63.522713
39.484455 66.494865
38.89581 70.842476
39.94939 73.63131
41.00297 76.420135
42.056553 79.20899
42.093937 79.20085
42.128063 79.2693
42.12804 79.26932
42.6872 79.16469
41.206024 79.514275
41.17772 79.53307
41.243668 79.452385
41.243668 79.45242
41.927597 79.51303
42.50412 79.132805
41.13055 79.433945
41.130558 79.43402
42.903126 79.153564
43.320866 79.04811
42.882305 79.06447
43.20412 79.07591
42.353992 79.0725
41.95776 79.36451
41.957775 79.3645
42.406315 79.26061
42.40635 79.260635
42.824097 79.15516
41.195526 79.44163
41.49596 79.46824
41.933697 79.204155
41.933674 79.204216
41.354744 79.50461
41.35475 79.50462
41.811867 79.42039
41.68508 79.53565
41.685127 79.53565
41.506344 79.60983
43.041058 79.15897
43.21686 79.032585
43.18856 79.05131
42.21414 79.40075
41.68691 79.53212
41.658604 79.55088
43.19331 79.100044
41.444855 79.42402
43.200054 79.01494
42.34187 79.20807
42.20097 79.21228
42.613113 79.17203
42.61311 79.17209
41.754917 79.36522
41.81203 79.4893
41.812035 79.48927
41.998833 79.44322
40.985176 79.57382
42.482845 79.29331
41.503105 79.24055
41.54049 79.232445
41.540478 79.232445
41.936142 79.33171
42.361923 79.349686
41.912117 79.47156
41.949585 79.46337
41.576447 79.25357
41.954144 79.1988
41.929443 79.19177
41.524433 79.44843
41.84987 79.36024
41.849888 79.36032
42.1304 79.29792
43.221287 79.02588
41.293613 79.27396
42.970253 79.045746
43.300804 79.00865
43.04104 79.06616
41.860394 79.22731
41.8604 79.22734
41.93411 79.50828
42.124287 79.10073
42.589314 79.31568
41.32874 79.271
42.408573 79.18885
42.408623 79.188866
42.2868 79.16855
42.41236 79.29384
41.962547 79.41573
40.88916 79.38104
41.29868 79.53236
42.502373 79.36645
42.50236 79.36646
42.209 79.44312
42.14554 79.450294
41.072144 79.41561
42.4575 79.117805
42.007656 79.23974
42.00769 79.23976
42.385372 79.1849
42.41105 79.1249
42.75949 79.04999
41.47554 79.474266
41.475506 79.47423
42.761654 79.04933
42.723778 79.1862
41.887184 79.21346
43.271477 79.0628
43.271496 79.06282
42.82173 79.18475
42.543365 79.26008
42.36555 79.25216
42.537853 79.33697
42.24918 79.32634
42.365223 79.41994
42.499985 79.35977
42.816917 79.270294
43.273888 79.0142
43.27386 79.01423
42.987377 79.07122
42.987373 79.07126
43.05378 79.10086
42.005634 79.374115
41.01218 79.51236
42.338703 79.21315
42.33871 79.21315
42.1082 79.32779
42.048138 79.28531
42.048176 79.28534
41.988102 79.24286
41.988106 79.24287
41.75757 79.35752
41.988144 79.24292
41.757618 79.35759
41.103485 79.468636
42.051407 79.26772
41.216614 79.56817
43.553745 79.635765
41.143326 79.38144
42.498585 79.26518
41.641235 79.3349
41.432507 79.38782
42.78777 79.27154
40.873577 79.49089
43.060455 79.11718
43.060448 79.11718
43.06045 79.11715
43.060463 79.11718
41.023426 79.4151
42.87663 79.2523
42.363934 79.11208
40.9624 79.47169
40.962406 79.47169
43.149303 79.09796
43.14929 79.09799
47.295223 80.53726
48.703392 84.46498
50.111565 88.3927
54.235466 91.24806
58.900764 92.500305
63.02466 95.355675
67.00679 98.406235
69.0 100.0
