100.0 100.0
20
36.320805 25.05849 7.611224
34.93402 83.82395 4.975858
58.856537 37.22356 8.4864645
20.5494 16.48316 7.924703
58.285286 27.200512 14.675283
52.22941 16.384 0.9465277
85.673355 76.7374 4.6023026
39.77392 26.151907 9.845679
92.40001 63.097946 4.988663
77.832245 48.482113 14.829493
10.97811 95.48858 11.064512
13.569387 28.8302 1.1347165
35.084934 21.762463 11.777278
12.518881 36.899704 10.002957
52.38804 13.314575 2.584868
99.122086 7.589467 9.455232
22.027695 79.78662 13.243687
16.336702 77.831055 13.470246
15.968042 60.33907 14.295485
64.25013 8.760012 9.211568
5.0
20.0 0.0
69.0 100.0
100.0
50.0
334.17087
200
20.0 0.0
21.679178 1.97155
22.44558 6.8223763
23.334723 10.252099
26.283264 14.010089
28.309181 17.646618
30.9399 21.88343
33.954563 23.08181
37.157063 24.318153
40.35956 25.554497
43.77823 25.388039
43.778244 25.388039
43.827988 25.4113
43.9116 25.530111
43.911583 25.530117
43.911583 25.530117
43.91156 25.530125
43.911564 25.530115
43.705982 26.52479
43.705986 26.5248
43.705986 26.524796
43.705986 26.524805
43.706 26.524792
43.706 26.524801
43.83461 25.663055
43.735138 25.616488
43.776695 25.920906
43.776688 25.920897
43.77668 25.920897
43.81071 25.24273
43.860435 25.266022
43.691116 26.389277
43.830116 25.036337
43.910316 25.095049
43.910324 25.095064
43.641296 26.475492
43.765373 25.870762
43.82347 25.860834
43.8303 25.898104
43.798542 26.308317
43.798546 26.308327
43.90059 25.025043
43.74145 25.849104
43.787834 25.839657
43.87606 25.476473
43.87606 25.476473
43.651257 26.903769
43.651257 26.903769
43.651264 26.90377
43.758854 26.361847
43.758846 26.361847
43.758846 26.36184
43.758858 26.361853
43.841385 25.250969
43.808296 25.549715
43.770382 25.46584
43.68423 25.97616
43.68423 25.976149
43.86976 25.762915
43.869713 25.762922
43.869736 25.76291
43.86975 25.76291
43.86975 25.762918
43.86976 25.762928
43.899612 25.385532
43.891968 24.56973
43.867783 25.639744
43.86786 25.639702
43.867863 25.639719
43.816097 24.995409
43.843433 25.890976
43.847504 25.777914
43.847492 25.777924
43.67529 26.483116
43.675346 26.483114
43.814674 25.66126
43.736366 26.738657
43.736393 26.738659
43.70081 26.51245
43.665264 26.286211
43.80538 25.487574
43.631416 26.99126
43.631428 26.991262
43.63143 26.991251
43.71334 25.517824
43.91893 24.674295
43.815514 24.936272
43.8155 24.936264
43.659218 26.193304
43.659233 26.193316
43.701427 26.150888
43.841923 25.491684
43.66797 26.995365
43.66796 26.995361
43.646255 26.993938
43.64629 26.993944
43.64629 26.993942
43.866882 24.837414
43.900677 24.895903
43.900684 24.895912
43.807495 25.661041
43.80744 25.661034
43.83956 25.54094
43.834003 25.515434
43.83401 25.515438
43.822277 25.533524
43.804676 24.968788
43.808727 24.855743
43.80875 24.855738
43.87468 24.89485
43.45611 24.896595
43.87829 24.756744
43.918922 25.000593
43.918922 25.000597
43.918922 25.00061
43.683624 26.295275
43.6573 26.495003
43.78667 25.515358
43.827293 25.759214
43.827316 25.759216
43.878788 25.018461
43.87877 25.018463
43.878746 25.018463
43.81627 26.042236
43.816273 26.042236
43.816265 26.042236
43.816254 26.04224
43.816254 26.04224
43.727222 26.036755
43.7396 26.465252
43.738796 26.421902
43.87684 24.441044
43.876865 24.441044
43.876858 24.441044
43.6515 26.642765
43.694145 26.859997
43.786224 26.011349
43.786205 26.011356
43.781208 26.192352
40.59357 27.328053
39.110035 30.052273
36.482243 32.397297
34.751015 36.80386
33.019787 41.210423
31.402748 43.813282
29.67152 48.219845
27.940292 52.626408
26.014286 56.742603
25.566875 59.809944
24.069794 63.96801
22.586254 66.692276
22.586277 66.692276
22.586277 66.69226
23.022167 66.65834
22.080433 67.63606
22.080418 67.63603
21.069347 70.22706
19.585796 72.95133
19.585812 72.9513
17.06759 70.34316
17.067581 70.34315
17.995522 69.267876
18.632408 69.95463
16.19519 68.30235
18.170204 67.417984
17.4946 69.210724
15.222521 68.48849
15.222519 68.488594
17.561363 69.61243
17.561363 69.61246
17.56137 69.61246
14.350105 70.23079
16.68894 71.354645
14.416864 70.632416
15.344797 69.55713
15.555752 69.47162
17.597805 68.193665
17.597813 68.193665
16.437233 70.48972
18.77607 71.61356
17.757736 70.594055
19.998116 71.725586
20.703949 71.55556
20.703949 71.55553
20.703945 71.55553
20.72522 72.05039
24.517586 71.734436
27.589012 73.90726
28.590675 77.08743
32.663498 79.801605
35.002335 80.92543
38.67861 82.6317
43.492508 83.9095
45.831318 85.03333
49.904137 87.7475
53.2613 89.89082
56.61847 92.03415
60.854355 94.57168
64.92717 97.28584
69.0 100.0
