100.0 100.0
20
21.071548 45.307995 10.752275
72.028305 26.646523 5.8427753
55.079704 85.07531 7.221032
1.7906117 63.94913 0.35450172
27.974243 3.5509048 8.616428
62.43011 53.3463 1.8562719
6.8642135 20.947632 13.780458
10.140477 46.964146 6.091222
85.81975 80.08659 10.63585
50.63338 27.691608 5.1142726
90.65187 95.37771 7.7503695
62.41112 98.09071 7.2861867
9.623604 89.78002 2.2901304
86.20466 99.879036 14.195053
53.515583 69.91748 9.983233
52.089638 56.810192 13.384836
19.235268 95.269066 2.616327
38.8514 4.93598 3.09467
72.59981 95.01694 1.9887911
82.5506 65.81836 13.3789425
5.0
20.0 0.0
69.0 100.0
100.0
50.0
237.18593
200
20.0 0.0
20.375048 2.1515803
20.54297 2.6531768
20.661295 3.8859391
20.958984 5.0259953
20.731161 7.360281
20.723906 7.903393
18.261364 10.078751
17.132973 13.555143
16.935432 16.44632
17.875935 19.279518
18.816437 22.11272
16.353897 24.288078
13.821312 26.522041
14.761809 29.35524
13.633419 32.831635
13.939051 37.357227
12.341715 41.71409
12.339517 41.751236
12.272132 42.893578
12.344558 43.81533
12.272115 44.793427
13.021026 45.608658
12.35724 46.568676
12.795518 45.013607
12.133183 44.269928
12.133182 44.269928
12.133187 44.269936
11.937757 43.050217
12.618679 42.56064
12.702228 44.37048
12.702228 44.370483
11.262401 47.82894
11.262401 47.82894
11.066968 46.609222
13.787653 48.298584
13.787644 48.298557
13.75889 48.38774
13.758891 48.387733
12.757511 48.906
13.272457 48.793343
15.828815 48.05033
15.828825 48.05034
18.294165 49.23284
21.571545 49.140965
24.28082 50.022827
26.990067 50.90469
30.267452 50.812813
32.926693 51.19447
36.6256 54.46488
40.21683 57.90819
43.915745 61.178604
48.0113 63.037724
49.54109 64.43138
50.177876 64.898575
52.576046 64.85988
52.576027 64.859886
55.28532 65.74176
56.947624 66.25471
57.666336 65.65399
56.220566 63.850006
58.545265 64.690216
57.099487 62.88624
54.27063 64.33689
51.441784 65.78755
51.441784 65.78756
54.091045 66.89195
54.206898 66.98802
55.01916 66.32591
55.01917 66.32588
57.57554 65.58284
58.21234 66.04999
60.87159 66.43163
65.335495 67.60684
69.609665 68.90645
72.573044 70.35443
75.271095 72.8951
77.96915 75.435776
77.96915 75.435776
79.42853 78.01396
81.494194 78.28651
84.122826 82.32662
85.80684 86.38771
87.26625 88.96596
88.29027 89.95741
88.941956 89.5751
88.941986 89.5751
89.48026 89.16661
89.4803 89.166626
89.75706 89.67611
88.097 88.874306
88.097 88.8743
87.92024 88.64263
86.23195 89.33043
87.06212 88.85597
90.69754 88.51577
91.92009 88.097664
88.30753 89.80889
88.30755 89.808914
89.08335 90.19699
86.9519 89.88268
87.03896 90.03976
89.99721 87.74622
91.1312 87.806595
90.30088 88.88427
91.58799 88.69038
90.67287 88.701904
91.93918 88.33533
89.66391 88.46143
90.1854 88.621925
91.27793 89.09739
90.77861 89.0538
91.116104 88.914
90.1009 88.497665
89.78091 88.56696
89.802925 88.62129
88.166954 88.16204
88.67972 90.1933
90.518394 89.33514
88.61206 89.01438
88.83315 88.85169
85.47968 89.70207
86.41297 89.50278
87.537415 90.14941
87.88429 88.871956
87.8843 88.87198
87.88431 88.87196
87.93628 88.898
87.94127 88.900955
86.6245 89.92877
87.83717 89.55679
88.222244 90.28198
89.8369 89.36024
91.354774 89.08047
91.40671 89.10654
89.044395 89.525154
85.90204 89.27541
87.890366 89.1321
87.89536 89.13506
87.895355 89.13508
89.36943 88.53662
87.93097 89.35773
88.83463 88.19017
89.31545 89.15447
89.27075 89.14249
89.06267 89.150536
89.33708 89.09143
88.275055 89.42939
89.48768 89.05741
89.966484 89.642075
88.88681 89.17516
91.05253 88.69573
90.9224 88.69301
90.92243 88.693
90.34003 89.012024
90.07906 88.66233
88.739 88.56031
88.169624 90.29464
88.90169 89.59044
88.77248 89.36717
91.08841 89.07251
89.74342 87.93815
89.743416 87.93814
89.794304 89.86835
89.7943 89.86838
89.29384 89.06433
87.190544 89.45275
85.06794 90.62823
88.74652 89.384285
87.50441 89.82705
89.632965 89.473045
89.632904 89.47305
88.8082 88.07458
87.65644 88.48197
89.39841 88.19592
89.14931 89.02305
89.1493 89.02308
89.149284 89.02314
89.1493 89.02316
89.22598 88.522316
87.714584 88.9326
87.842285 88.84732
87.8423 88.84735
88.93527 90.182785
88.61436 88.56515
86.660255 90.34229
88.97622 90.04769
88.97615 90.04759
89.246475 88.01153
89.78546 88.04444
90.45708 88.42983
88.684814 90.21519
85.66978 90.008575
85.41133 90.04413
82.396286 89.837524
78.735565 92.99135
74.539055 95.07073
72.87855 96.91517
72.87854 96.91516
69.0 100.0
