100.0 100.0
20
77.87571 69.04776 14.365888
64.64329 31.783924 6.235619
61.946053 58.71336 14.965378
31.800472 54.166157 3.7431333
14.592631 20.466114 5.7110276
53.88205 57.018196 11.566549
43.288963 74.23074 13.872379
74.22581 25.100319 5.67116
44.0644 36.265533 13.373189
57.10652 36.64598 13.024816
13.098939 66.65783 11.677919
27.404306 79.49551 9.664338
13.825825 9.973082 5.165058
78.22289 47.566578 1.7730341
74.239784 2.3701181 11.698724
35.25425 71.416664 10.742527
7.5769563 64.41589 12.857618
79.75637 70.81366 1.9113355
44.710682 7.6308575 6.461751
37.41269 26.023352 7.2675395
5.0
20.0 0.0
69.0 100.0
100.0
50.0
273.86935
200
20.0 0.0
22.086926 2.2871885
24.680925 4.5853853
27.274923 6.8835793
29.990143 8.897896
31.314993 13.561835
31.356922 18.573965
33.36295 20.518589
35.27178 22.996296
39.864616 24.509624
41.322548 27.198223
43.231365 29.675926
46.03207 33.519287
47.3628 36.06877
48.693565 38.618256
52.05755 42.228638
51.297077 45.935833
55.50784 48.264362
55.50784 48.264366
55.29369 48.275658
56.443672 49.35367
56.97152 49.38517
58.728218 48.67868
56.361916 48.94832
58.6644 47.242596
56.576035 46.638485
56.60721 49.00374
56.607178 49.00376
56.456635 49.00162
54.419624 47.781994
56.684055 49.026356
54.676598 48.800316
54.676605 48.800293
56.113327 47.877884
54.88321 45.742363
54.732685 45.740284
54.76386 48.105534
57.06635 46.399788
57.332954 46.422516
56.491013 46.269737
56.66082 46.262486
55.74988 49.218227
55.74988 49.218227
55.919685 49.21097
55.940998 49.201984
55.460262 49.19046
53.064007 45.803238
53.06401 45.80324
52.61946 45.640247
57.3952 46.367275
57.395195 46.367275
58.809685 47.96471
57.80864 48.16769
59.605896 48.304966
59.660378 48.267418
59.660316 48.267433
59.98031 48.483288
57.21502 49.21625
57.215023 49.21625
57.215023 49.21626
59.53321 48.9187
59.52581 48.918976
59.5258 48.91893
59.09193 49.178005
56.41126 49.59309
55.53039 47.17848
53.354294 47.384506
56.990936 48.699844
56.990936 48.699844
56.990936 48.69983
57.908237 48.463085
55.721714 48.289684
55.72171 48.28967
56.195297 47.777325
60.680622 48.532803
58.752243 48.3028
54.543854 49.154873
54.3949 49.03382
55.137505 49.345215
52.874672 47.09572
52.660664 47.181793
52.660686 47.181797
53.732143 47.049927
51.598125 47.23658
51.598125 47.236588
52.430054 47.70321
53.046463 47.40209
54.76262 49.382755
56.586716 49.00427
56.58671 49.00427
58.568806 48.48543
58.56878 48.48546
56.65373 47.82156
58.356583 47.394566
57.133766 47.330498
57.13374 47.3305
57.13372 47.330536
55.544876 49.447495
55.631676 49.421772
56.32168 47.35985
57.279984 47.41084
56.254894 47.453953
56.2549 47.453968
56.25491 47.45397
54.781128 47.838146
54.4813 47.743057
53.48425 48.178253
53.48424 48.178253
52.26141 48.114216
52.261395 48.11422
52.26143 48.114235
55.487595 48.67946
56.445896 48.73048
55.33713 49.01069
56.06722 48.849426
55.048477 48.675724
59.257744 47.507347
57.22181 48.682907
57.82196 48.357964
57.821953 48.357986
57.02912 48.237293
59.364044 47.443165
58.57128 47.3225
57.528023 46.25954
57.794655 46.282288
55.824585 47.61463
55.82457 47.614624
55.626427 47.673477
57.961357 46.879322
56.614258 48.389767
54.734108 48.75517
56.09851 48.23559
56.098503 48.23561
56.09842 48.235596
56.361885 48.201733
60.100338 47.32526
55.96271 48.225704
55.602856 46.39935
56.83623 46.254818
56.836212 46.254883
56.83624 46.25487
56.324413 45.946014
55.39832 46.707348
55.398304 46.707394
58.208744 48.36755
57.78712 48.52215
58.302006 47.49209
54.751915 46.5168
53.282917 48.156395
55.7164 47.609978
55.716385 47.609978
55.720993 49.284256
55.720978 49.28427
56.321022 48.959335
57.0076 47.433968
57.272213 47.920513
59.237675 47.331036
59.534584 47.84456
57.495087 47.28349
58.698353 46.78364
59.128258 49.257397
57.353775 46.44025
57.35379 46.44026
57.35378 46.440273
57.353806 46.44027
57.963707 48.887268
57.963707 48.887268
58.317234 48.718384
56.33926 47.69761
58.34031 47.44358
58.34031 47.443577
57.91794 47.464188
59.246513 47.58281
57.78176 48.42544
59.25038 46.959038
59.25039 46.959034
58.430046 48.03648
58.43003 48.03648
57.270096 46.39736
57.270092 46.39736
57.270096 46.397377
57.27014 46.397346
58.576523 46.456566
58.743843 48.999878
58.743843 48.999886
58.830605 48.974125
58.917366 48.94834
59.37433 53.60453
59.85727 56.687027
61.621414 60.81302
62.94983 64.06975
64.511215 66.714874
64.994156 69.797424
65.886894 72.1849
68.565186 76.20917
71.243484 80.233444
70.98465 85.182526
70.12174 90.11672
69.258835 95.05092
69.0 100.0
