100.0 100.0
20
26.30736 72.011185 10.506436
26.973595 50.756523 0.5235515
66.52024 77.197655 7.775832
89.53054 40.358574 6.620141
13.993447 15.808246 2.909897
20.838507 7.776128 9.367455
5.2522807 12.31973 2.921537
47.86255 10.704236 4.1964912
32.30076 79.60749 10.396998
85.636765 1.9530327 4.380052
97.777405 21.143297 4.305335
46.14715 22.57694 7.4533873
81.06194 18.811523 8.369471
45.790817 27.334198 7.547585
30.735855 58.673878 9.817347
2.045014 71.84176 11.829911
98.188934 35.34152 10.482053
31.704508 78.42995 9.026671
75.1539 1.7002324 11.843411
4.610387 68.776115 13.425797
5.0
20.0 0.0
69.0 100.0
100.0
50.0
250.75377
200
20.0 0.0
20.248463 1.0822761
20.287014 2.5772486
20.810692 4.5781307
21.371021 5.980318
21.550169 6.3884745
21.65943 6.673558
22.022322 7.3905344
23.729685 8.76355
25.350304 10.988004
25.3503 10.988003
25.59876 12.07028
28.022223 13.540106
32.990032 14.085539
35.972034 15.574522
38.954018 17.063505
41.815144 20.946707
44.10918 20.918425
45.591137 20.611574
44.655933 23.063032
46.05712 23.641603
47.05907 24.436342
43.59382 26.974472
42.540195 27.233053
40.928867 27.314676
40.928852 27.31467
42.330067 27.893229
41.26266 27.836603
41.919678 27.908295
42.576702 27.979979
43.68718 28.14566
42.721386 31.263773
41.69526 33.667866
41.35526 37.969494
38.526253 41.819233
38.319473 46.263386
35.490475 50.113132
34.807137 53.746952
33.002075 55.40826
31.273056 58.694103
31.975616 63.52925
31.368448 66.545685
30.76128 69.56212
30.15411 72.578545
33.542362 71.716835
32.630825 74.19643
34.8143 76.85124
33.542896 76.67529
33.542892 76.67531
35.365307 73.27005
33.632885 74.5654
34.71496 71.87668
34.090797 73.222534
33.409313 71.876945
33.17126 75.907684
33.17126 75.907684
33.171265 75.90765
33.171265 75.907616
35.399445 75.734604
32.451443 77.2003
32.45144 77.20031
34.6569 76.88617
32.495235 74.86197
32.495235 74.86196
33.40093 74.54424
33.400925 74.544266
33.391388 74.79973
31.29358 73.96493
31.29358 73.96491
31.293571 73.96492
28.516155 71.07738
27.016197 74.2451
25.211136 75.9064
25.211136 75.90639
24.228134 75.09544
26.220158 73.37155
24.415108 75.0329
22.81659 78.09125
25.188072 77.03034
27.559555 75.96944
27.559555 75.969406
24.710243 77.48486
28.304443 76.73725
28.304445 76.73725
26.20663 75.90247
27.75439 73.508
25.828728 75.262985
22.979416 76.778435
22.97942 76.77849
24.625431 76.43973
24.625446 76.439705
26.173225 74.04527
28.51093 72.62515
28.510906 72.62517
28.510906 72.62521
30.712135 72.017975
29.887144 71.97254
30.070206 72.643
29.683651 72.53634
28.189075 72.373535
26.689709 71.83505
30.371525 71.425446
33.75976 70.56372
33.759766 70.56375
33.759773 70.56374
30.571152 70.24342
30.571152 70.24342
31.915874 74.56233
30.685863 71.27614
32.926525 69.66637
31.777515 71.28834
30.62851 72.910324
30.628508 72.910324
30.628508 72.91031
27.560772 73.72592
27.560772 73.72595
29.63792 73.54388
28.404636 75.02363
26.600224 75.21549
25.232609 77.587654
26.95126 75.203026
26.95126 75.203026
29.138123 72.73635
28.93314 71.93983
27.919155 74.94835
27.919155 74.94834
27.919163 74.94842
27.84901 74.94155
28.098515 76.731
30.713295 77.69484
30.00697 80.278336
26.633808 80.96939
26.633808 80.969376
26.633816 80.96941
28.083858 80.09313
28.083843 80.09313
30.025791 80.31754
30.025787 80.31752
28.227234 80.05844
23.788822 80.38187
25.891777 78.201256
28.193668 80.31814
28.047947 79.556694
27.01875 81.79635
27.018745 81.79632
26.062729 80.851265
26.062721 80.85125
26.731052 79.84283
26.731064 79.8428
31.310482 77.832596
31.31049 77.83266
31.31049 77.832634
31.310497 77.83265
31.235714 80.65646
31.235706 80.65646
31.235714 80.65644
28.411495 79.340195
26.290318 80.87013
28.904415 77.59418
28.904415 77.59418
30.31741 76.493065
32.861446 72.4921
29.465286 74.09712
29.465286 74.09712
28.615978 74.33441
28.615978 74.33441
28.61598 74.33441
28.615988 74.33443
29.934986 76.18759
30.783287 77.11311
28.60051 77.42307
28.60051 77.42306
28.600517 77.42306
28.600529 77.42305
28.600529 77.423065
28.5079 77.90343
29.573372 77.687805
31.189339 76.42903
33.206997 75.92557
32.14184 76.12741
34.471035 77.207504
34.471043 77.2075
34.471046 77.20749
35.444466 75.60683
33.86754 76.06815
32.661285 75.09782
34.71719 76.65381
34.717194 76.65378
33.358482 79.67334
35.47863 80.97533
39.173454 81.65102
41.502647 82.731094
46.385468 82.79497
50.38991 85.792305
53.535637 88.48062
57.840424 90.60063
60.041275 91.8421
63.736084 92.517784
64.995544 97.00267
69.0 100.0
