100.0 100.0
20
30.778732 99.60487 6.814281
36.467484 12.2251835 10.269845
50.219944 55.07826 11.771088
17.921572 20.143137 11.537242
28.674309 4.6245975 8.204067
87.01995 19.836926 12.643728
68.68393 53.744755 7.109733
39.23353 39.312374 3.655592
57.24894 66.71918 9.970177
70.5668 73.41586 12.393949
97.760376 46.29573 10.223212
67.13463 27.181963 0.40345845
54.875023 63.88874 12.781507
39.99675 95.34018 11.146026
71.7277 1.8121655 6.2703934
57.79655 49.553265 8.123829
17.40984 48.072723 3.6243238
36.179966 77.04267 1.5413735
11.249172 19.09172 12.942828
43.872066 68.2323 12.754929
5.0
20.0 0.0
69.0 100.0
100.0
50.0
342.71356
200
20.0 0.0
21.869877 0.4249278
21.652689 3.4702942
21.435501 6.515661
19.341885 9.0547695
15.495737 10.428818
15.478628 10.529686
15.281517 11.856171
15.011681 13.157726
16.289667 11.914026
18.376268 13.417038
18.33411 13.835381
16.974667 12.993294
15.615223 12.151205
15.615227 12.151205
17.797405 14.297289
19.979582 16.443373
21.679754 20.439775
19.320816 19.438684
16.961876 18.437593
16.961876 18.437593
19.349125 20.247723
21.736376 22.05785
21.736376 22.05785
21.736372 22.05785
21.736374 22.057848
21.51918 25.103209
20.389486 27.976467
25.168306 28.39227
28.887905 31.29517
32.852074 34.236805
36.878757 37.23891
38.96719 39.803288
40.074497 42.23106
42.477886 46.29729
44.347313 50.845634
45.48594 55.570015
47.57438 58.13443
49.66282 60.698856
49.839012 63.96356
50.453453 64.57718
50.494217 64.61752
50.559906 62.295166
52.63982 63.787582
52.70549 61.465225
52.692688 62.327225
52.868862 65.59192
52.434395 61.880188
52.434395 61.880188
54.40837 62.436157
54.40837 62.436157
54.699574 63.32679
52.45194 64.4478
53.65201 62.020645
53.652004 62.020645
50.45294 63.20056
51.051285 63.089073
53.09638 63.720566
50.848736 64.84161
47.64965 66.02154
47.649654 66.02155
49.401806 64.67144
53.598877 63.458435
52.981327 63.181816
52.516533 63.053993
53.114876 62.942467
52.786354 64.250336
50.58118 63.4747
51.056015 63.33274
52.00055 62.59915
50.846916 61.62567
49.693283 60.65219
49.693283 60.65219
51.055634 62.754402
51.417107 62.06472
53.679596 62.909225
53.604088 63.451202
53.604088 63.451202
50.203407 62.440826
52.43347 62.148193
52.2667 63.300797
49.940533 62.39525
50.191605 62.754692
48.160458 62.924736
49.108383 63.01911
52.030807 60.669655
52.030807 60.669655
52.90734 62.40336
51.516365 62.36033
50.94348 63.677597
51.96692 63.704956
49.63038 63.829132
49.630375 63.829124
49.630363 63.829132
50.25838 64.48805
52.303463 65.119545
52.303455 65.11954
49.94114 66.321144
49.94114 66.321144
50.046173 66.2591
51.855198 65.9784
51.54193 65.35874
49.510803 65.52878
49.510803 65.52878
49.536392 64.370186
50.753746 64.494316
53.11541 64.30848
55.099754 64.24941
53.137 64.476494
53.71682 62.84124
52.45026 65.370125
52.450268 65.37012
52.450283 65.370125
52.633144 61.91304
50.27085 63.11463
50.521984 63.47403
53.132633 63.923347
51.79668 66.186356
51.79669 66.18635
53.506428 64.72261
52.21199 62.385933
49.919495 61.82302
49.91949 61.82303
50.75371 64.31199
48.603695 63.52253
49.67131 64.65463
50.27531 64.33857
53.302277 62.33309
54.853294 62.26956
53.369118 64.039314
50.76184 64.32202
52.606888 66.374245
52.606873 66.374245
49.999626 66.656975
49.578224 66.17935
48.283775 63.84268
50.388184 61.97068
50.114685 61.87504
50.114685 61.87504
51.07954 63.389503
51.079525 63.38951
51.07946 63.389435
53.05479 62.878937
51.09372 63.600754
51.697697 63.28473
51.69771 63.28473
52.574722 63.25084
52.574722 63.250824
52.574738 63.250854
53.272972 62.550438
53.27296 62.55047
50.59467 63.732384
52.16308 65.39098
54.267487 63.518982
54.120514 61.903847
51.513275 62.18656
50.661327 61.577682
50.661343 61.577713
51.359585 60.877274
51.359623 60.87732
51.359623 60.87732
51.359623 60.877365
51.137928 60.690742
51.137943 60.690742
53.887836 62.63691
51.209534 63.818825
52.144485 63.62065
51.292545 63.011696
51.29257 63.011696
49.7922 61.37211
50.912624 63.477028
50.98968 63.45555
49.477917 64.81206
50.992466 60.789635
50.99247 60.789635
50.992508 60.789574
49.938705 60.2119
49.938717 60.21189
51.454506 60.697525
52.574932 62.802452
50.28464 63.614525
50.284687 63.614517
47.849773 63.902824
49.758125 64.28558
51.666477 64.66835
51.666477 64.66835
51.807945 64.058754
53.574608 64.5195
52.06285 65.87602
52.499115 65.72456
55.752907 68.561356
55.728584 72.16963
58.982357 75.00643
61.256546 77.92198
63.53071 80.83754
65.83892 84.6989
68.79326 87.551346
68.66891 92.5142
69.12436 95.03714
69.0 100.0
