100.0 100.0
200
66.46206 75.00906 3.2173672
59.895058 4.3865476 0.4249775
84.83151 16.927744 6.0074453
72.930916 59.023033 6.5769854
37.543545 71.29495 3.0208604
64.62545 70.19996 1.1359673
35.66175 45.297165 5.822289
73.28531 21.174381 4.1396117
96.89301 69.66783 6.6174283
43.820866 64.91358 3.4803932
12.685017 81.98991 2.0591898
2.4776158 40.507584 1.5999223
14.847601 61.078037 0.29133654
23.125305 9.691129 5.3250213
74.3158 10.078935 6.473975
85.32192 57.842243 6.2430305
48.44721 29.000853 3.7556765
9.324342 21.601383 2.1677015
62.38435 15.012468 6.4625354
93.92829 67.51108 3.0116851
49.770317 50.373604 4.4442625
2.806037 41.406723 0.86546624
70.46972 89.151 6.028085
81.293236 89.60957 2.4308295
53.249798 79.190674 3.407691
89.618805 13.689458 3.8288965
55.212395 78.09011 6.2963667
20.10394 67.89231 1.5973341
68.89929 63.77816 5.088392
80.38286 55.865334 4.0252256
82.448875 58.397713 5.865293
27.174696 39.021805 3.5724092
39.528824 79.50927 4.284027
9.863425 80.89957 4.1860895
81.593544 68.621826 1.0786544
63.13112 47.07427 3.613937
43.89683 89.68723 6.7244973
71.604065 98.362465 5.0238223
52.512684 41.795563 0.5851959
72.77713 90.25024 0.048938245
99.82394 57.071 6.4602623
48.757626 60.81221 6.250292
31.375961 87.58692 6.9926367
52.172207 68.67035 2.1667252
84.274315 97.37057 5.8420033
54.891315 75.29902 0.5075939
53.145447 0.51033896 1.4621673
89.22625 3.0802844 2.405676
87.43862 9.331099 1.2453027
76.72327 72.177185 2.469332
52.561283 35.67252 0.07690089
72.517525 15.693433 2.7964041
74.77667 45.360336 0.9185594
14.252191 71.97244 4.8790407
79.626335 92.696976 6.325029
26.751703 21.294409 3.2373126
80.600845 86.150314 1.7954708
91.743 51.06819 0.9486647
57.675472 0.22866924 6.0855775
6.5191245 13.966716 1.731745
24.106146 32.285767 5.780951
96.34242 1.6841974 2.6505065
58.465134 44.623215 3.815283
42.750454 15.328873 2.3664165
41.239628 66.31757 5.685231
78.42409 92.467865 2.0720234
29.237253 52.574986 1.8859807
96.01094 97.22748 4.106321
17.610033 30.374907 2.5172012
81.946915 98.89711 3.2511744
29.131529 52.92668 3.0929034
8.769666 14.283961 2.6104293
75.883385 28.775078 1.4549589
39.389423 5.202997 0.12324883
97.44959 34.2619 1.5784247
32.30651 66.193214 5.3142214
87.10876 1.7119755 6.2674103
36.071465 0.21224426 2.256406
52.252537 83.03475 3.829197
68.51636 65.97352 2.199251
29.941107 56.424015 2.8719952
76.6607 26.1387 1.566319
98.314735 20.499947 1.9965662
20.59285 79.54419 6.5868044
98.24877 84.98849 4.7648168
7.2912326 58.127434 2.829733
86.10621 77.027435 2.7529979
3.2441957 67.71251 1.2033075
47.53826 91.30418 3.2632933
33.293537 21.185875 3.4774997
76.8549 41.112026 1.8765157
17.547869 12.367125 6.811031
71.628914 96.916824 5.448775
70.987274 64.88811 5.2703586
65.79916 18.505865 4.09947
74.89218 77.96008 5.1611
21.146929 72.13697 5.806284
58.15042 41.978107 6.2417116
66.00834 7.0366163 5.769086
55.29888 83.102066 4.5796366
55.469494 17.686954 6.3277717
57.61922 78.24602 3.9428084
90.98132 56.34235 1.05005
63.155724 78.76109 3.455578
14.473164 11.698925 3.0991557
77.354355 33.03211 6.024615
62.064426 90.6138 1.7119323
46.41089 22.437538 2.464393
55.76998 81.84004 1.5333172
50.229816 27.602613 2.5304112
56.323524 92.532814 3.6475663
78.25745 4.160108 2.880287
23.444511 29.251534 1.6725702
88.65477 55.820072 4.712584
39.201683 10.621465 2.7769754
42.445915 77.90885 0.5359182
31.734299 53.707233 3.6744697
81.95637 67.83109 1.5005815
34.261562 69.7482 5.722337
53.553223 99.39993 0.2590924
83.67676 57.293343 6.3518987
9.656862 55.45282 6.9746556
23.799025 37.29561 4.863369
56.76857 26.170115 5.216986
5.731936 21.117437 2.677975
29.434273 10.044939 4.8974094
63.695263 22.588913 2.0730472
79.25847 54.760548 3.9373782
86.49133 60.22147 5.5323896
92.61653 79.59941 1.8436933
37.70327 78.36647 6.5174227
83.68784 87.03268 3.6510038
57.20861 60.414997 6.7804236
1.619637 48.710472 6.085861
32.421715 84.98458 2.5104692
80.51016 2.344392 5.447975
56.40347 33.092285 5.4892454
63.28537 58.851788 3.7384348
37.55485 67.47142 1.1282604
99.72159 92.39101 1.8933027
48.761955 25.94614 5.726536
80.730576 13.787256 3.8619223
42.0789 14.651425 4.392598
11.692287 96.97065 5.671674
76.006035 62.554783 4.810407
81.1035 47.982494 4.153745
28.598883 67.16576 4.5716343
40.747692 35.091515 1.3901225
75.05572 39.0726 0.021627575
39.711185 13.0224 2.4143124
85.27939 39.02018 3.956529
86.44523 76.60362 0.36002654
99.33517 60.195152 3.9119174
22.88299 41.438732 3.3333151
27.140217 56.14431 1.2541968
64.064545 41.6408 1.3986361
22.360247 85.451485 5.2865086
26.857239 31.123583 1.9759377
41.42321 70.580086 5.085412
97.054276 86.409386 2.9672492
64.12117 18.977467 2.3740497
72.000305 10.968042 6.1072097
29.93873 1.2094864 6.5466595
16.92373 16.396729 4.22109
67.277504 94.78234 1.3694987
59.009533 10.290411 6.637032
57.3949 89.14764 1.1380833
19.968065 74.610054 0.34837982
8.801742 83.192795 0.5209671
60.023705 9.478719 4.7260833
27.385132 17.9755 2.7866626
23.91884 28.539143 5.37712
30.635597 1.4655014 6.882961
97.018394 57.49489 0.7069826
12.971831 93.163666 2.1144652
87.0345 81.78653 1.0224562
53.804604 47.33799 0.2574865
97.6398 78.10245 6.9545417
9.2476845 45.284 4.3807983
2.7171926 16.67655 5.1205196
64.620926 38.64028 6.250677
46.01221 32.96919 6.208125
78.29909 75.74839 5.7316055
8.660101 7.1680055 6.372324
80.39258 2.6352756 2.6736023
8.713382 98.94707 0.8980528
32.136772 77.82276 6.040125
4.004686 36.410976 3.0202153
74.95513 35.877254 6.177601
65.363 54.582466 4.562322
62.220993 14.9009495 3.9432144
28.498034 88.74092 5.3567915
32.30662 76.475235 2.33074
74.31535 41.204197 2.0309556
67.596825 32.487015 4.844631
27.179321 70.555214 6.6699395
52.31973 31.385654 0.6849618
60.133743 24.168459 6.2899437
75.59988 90.91893 1.0498313
8.450637 93.70977 5.046193
5.0
20.0 0.0
69.0 100.0
100.0
50.0
500.0
200
20.0 0.0
24.289871 1.970997
26.616657 6.196124
26.616657 6.196124
26.616657 6.196124
26.616657 6.196124
27.158787 6.7063866
27.20195 6.9660788
27.20195 6.966078
27.201948 6.9660783
27.561869 7.22472
27.850016 7.390274
27.28823 6.8605666
27.5682 6.818406
29.781242 7.002863
34.568153 5.7552023
36.65341 9.8009
38.641453 12.080425
39.87209 13.010761
38.641457 12.080425
39.74903 13.021381
40.979668 13.951717
44.101593 13.52219
48.928185 13.681949
53.796062 14.364325
56.713318 13.854799
59.63057 13.345273
58.855743 13.029632
59.245636 13.0109
59.561905 13.139144
59.64978 13.2012825
59.195583 13.200794
59.19558 13.200794
59.987038 13.289869
59.98703 13.28987
58.846497 13.140318
60.01922 13.805315
58.830162 13.32002
58.830162 13.320023
59.53266 13.635016
60.725456 15.995698
61.918243 18.35637
63.11103 20.717054
63.11103 20.717054
64.30382 23.077738
66.06902 25.56756
68.979004 28.315641
71.888985 31.06373
71.88899 31.063732
72.22317 33.23072
74.036316 37.82294
75.229095 40.183624
75.9769 41.767986
78.27802 45.392776
79.77049 48.549473
81.583626 53.1417
82.94135 56.056953
82.94129 56.056953
82.941246 56.056953
84.035675 56.082405
81.99165 57.575386
81.99165 57.575382
79.29259 58.157276
79.36942 58.23176
81.849785 57.43284
82.725296 56.574627
82.54643 56.489025
84.20143 55.33601
84.20143 55.336033
81.91792 57.23485
82.174644 57.20809
82.17466 57.208084
82.27416 56.695312
82.93488 56.056732
81.52343 57.80548
79.3656 58.335155
79.36564 58.335144
81.63737 57.683525
81.63741 57.683525
81.63738 57.683525
81.63742 57.683525
81.582016 57.69091
81.5821 57.690914
81.582085 57.690903
81.66351 57.580273
79.3049 58.081665
81.954254 57.323334
81.954216 57.32333
81.70804 57.612114
79.26183 57.568565
79.26188 57.56858
81.71097 57.791546
83.9834 55.955357
82.425606 56.644184
82.42611 56.578705
77.71009 58.105656
77.71008 58.10565
77.71008 58.105637
81.77162 57.556747
81.77162 57.55675
82.48926 56.588818
84.361725 56.245365
84.33014 56.240353
84.01539 55.89502
81.562675 57.93004
82.040596 57.521965
82.04066 57.52193
82.04064 57.521877
84.16019 55.587635
84.160034 55.58765
84.372734 55.934
84.18181 56.217964
84.35899 56.47796
84.35899 56.477913
84.35898 56.477943
84.359024 56.477943
81.90516 57.562252
81.90517 57.562233
81.954666 57.60302
81.954666 57.603012
81.95462 57.60298
81.95456 57.60293
81.95455 57.602917
81.95461 57.6029
81.98627 57.596355
84.20566 56.33121
84.13659 56.292454
82.28724 56.673374
82.26622 56.670013
82.13286 57.06668
81.70608 57.765438
81.70607 57.76543
81.70605 57.76543
81.706055 57.765415
81.61894 57.774113
81.618904 57.77409
81.61896 57.774086
81.61899 57.774055
82.03173 57.203922
82.03176 57.203968
84.08686 56.25136
82.52174 56.90643
82.52186 56.906414
82.52187 56.906418
83.96678 56.300873
84.289314 56.673065
82.233215 57.000206
84.31409 55.956367
84.31413 55.956383
84.314064 55.95637
84.11602 56.6965
84.29256 56.445477
84.29253 56.445484
81.87451 57.343292
81.87454 57.343292
81.87454 57.3433
77.89998 58.19287
77.89995 58.192818
79.39934 58.28727
79.34163 57.94258
81.94826 57.609734
82.613884 56.516823
82.6139 56.516823
84.16309 57.21048
82.608635 56.33781
83.9709 56.08923
84.380424 55.971886
84.04247 56.17713
81.80435 57.419327
81.80435 57.419327
81.77313 57.399853
82.02184 57.112724
84.33338 55.659843
84.33338 55.659847
81.80076 57.464912
81.8007 57.464924
81.80068 57.46497
81.80069 57.46496
79.42651 59.517815
79.42652 59.51781
79.42652 59.517788
79.42648 59.5178
82.48996 56.60773
81.87027 59.147694
81.25058 61.687653
77.67571 64.44049
77.056015 66.98045
77.20111 70.737305
76.54919 73.91849
76.54919 73.91849
75.41822 76.95488
74.50807 79.24519
73.37709 82.28157
73.84774 85.94655
74.318344 89.611534
73.78723 92.168396
71.98076 94.95027
70.06225 94.88624
69.53113 97.443115
69.0 100.0
