100.0 100.0
200
19.537138 84.29469 1.2813232
69.29132 99.18634 2.3438802
82.11135 69.33646 1.0809251
68.168076 48.379814 4.417348
56.76712 69.30985 6.715967
72.247826 25.13619 2.24953
47.263683 52.79949 3.285059
95.47218 56.354614 5.901589
36.11996 26.84601 5.67827
86.138306 35.158623 2.3902295
58.384663 88.03341 4.11027
86.746445 28.665796 0.6192029
88.20168 93.61354 3.490799
37.996063 62.35727 1.911582
51.918312 73.46004 2.0136936
8.087248 17.303192 0.12776949
92.88413 28.330236 3.4490921
28.74929 99.509834 3.3377285
16.452227 32.956917 6.120052
0.92926276 56.424377 3.5503802
78.63531 10.297289 5.1873083
62.420334 72.610054 5.9843373
33.279594 4.3306823 0.3325887
18.045338 43.516376 5.3397145
76.04269 3.006796 2.870121
19.075575 91.448395 5.631353
60.49563 75.18694 4.1267095
15.578943 83.37641 3.968339
76.47921 52.50132 6.815528
23.673923 67.23166 5.0760183
56.996826 37.255993 6.8597717
43.874542 97.18954 4.9261603
36.18469 8.6476 2.118592
4.8791747 73.89836 2.7116325
88.25613 87.94172 0.18743853
10.234534 50.658512 2.6208994
40.45598 84.67729 2.7524393
39.69835 15.481661 1.7695564
11.609541 71.92457 6.0532203
23.732769 97.609604 4.651356
67.15116 45.050583 3.5179913
99.14585 72.26958 5.6932197
57.35507 9.46359 4.300129
12.085237 59.648273 3.8360524
21.074053 65.2541 0.7863551
59.62613 84.794205 4.983456
10.968084 65.70634 0.09433654
50.628372 42.303577 2.1645129
35.790764 79.722176 3.8066576
50.192753 16.793615 6.042795
32.554604 39.880135 6.4185157
21.321775 35.10221 0.031161943
34.07974 57.916786 4.157111
9.55019 14.194262 3.1587389
0.5618948 93.95922 0.020926297
96.59121 81.21589 4.201791
78.08575 8.292028 1.8085755
5.5893617 35.085354 0.98718244
50.1516 31.98712 5.54473
60.803047 80.68347 1.6422013
14.658826 10.556549 6.9988284
15.3163185 70.34312 4.2396455
6.312175 38.094006 5.5254855
86.33558 56.816494 0.75344217
65.64752 16.314318 1.3237747
62.374966 97.520836 2.8327289
63.18299 31.748219 2.4639797
43.035015 43.73883 4.5566716
64.68459 19.868774 4.9211183
0.5624572 23.374521 2.4441
82.5116 19.48778 6.9527593
96.34414 65.21447 0.75485295
92.371086 18.10674 1.5254741
28.07607 56.733948 5.2334604
11.137445 85.311554 4.5698757
4.4246693 19.997765 4.373108
76.614494 45.901314 2.324958
95.95223 53.66047 2.7545063
84.75092 23.794489 3.9299552
82.095825 63.05591 5.302614
79.10905 89.181946 2.652088
61.704166 68.02754 4.708211
55.416027 82.504105 2.39396
27.643892 51.711304 3.7055898
60.72472 16.58654 4.4410505
8.430052 61.904266 0.9002752
56.860863 77.31539 2.743652
45.361057 38.220314 5.9953847
35.5783 9.6354685 5.314437
85.24719 44.769176 2.3758717
73.863686 65.08248 4.8992796
34.716446 79.62414 0.30342588
16.240133 46.42852 6.0013514
80.36115 6.4987736 1.3505371
77.11731 19.862614 5.0393662
13.093893 9.096329 4.754189
70.3464 5.5702295 3.3019838
67.15721 87.897194 6.9531083
43.30373 74.49214 0.32539314
20.125835 15.080917 6.964194
82.56629 60.060528 2.9085376
57.612503 41.908783 3.4888313
59.208935 48.97583 2.6628964
90.46359 26.515368 3.3879294
90.65956 60.25957 0.3666386
85.98254 39.499798 1.5403247
84.149 61.51708 0.38097817
79.832596 26.505896 2.0825717
45.26112 85.33833 3.2535422
93.9789 34.93919 1.7011217
25.748444 36.435135 2.4869788
37.986797 22.25098 5.237272
11.070628 61.279293 5.088658
25.593987 85.04802 6.609361
91.83645 78.98803 3.8702579
79.58673 48.46506 3.1979117
21.595573 40.991165 1.5478917
26.863659 44.13435 6.5743127
39.4223 51.75235 5.872463
86.54698 20.351967 5.453698
15.30276 5.273577 1.5863873
44.41332 38.2628 5.900357
81.03572 63.659813 6.4107423
35.324165 56.52065 6.0802493
82.54588 47.614876 0.08542079
5.7844205 32.219017 2.774512
65.21833 68.71855 1.0001135
21.319094 61.469 3.8504028
9.543512 30.36059 5.5200696
14.665845 55.777077 6.6353936
38.317947 19.466833 6.7523293
7.7458634 74.12032 4.7274704
44.834366 59.960915 3.9270513
93.091736 54.437637 2.4526038
42.546734 62.137386 1.6773174
95.25501 22.757286 4.7978415
34.403923 42.430607 6.559678
57.949894 89.7158 3.562995
4.237227 40.620834 1.3415884
26.393888 82.82666 4.1355987
69.19136 5.049733 0.112669475
70.26212 78.87618 2.2092667
49.47709 22.581732 1.3733977
67.82957 69.89188 3.3291206
13.098557 12.742802 4.2376943
46.342545 73.05975 4.860244
2.5755253 46.426044 1.1901059
83.66089 98.287415 3.8496811
2.3479998 76.61885 0.34573483
0.25682053 60.35965 4.742392
27.752655 93.375496 5.16788
23.196774 67.21773 1.4690595
83.00499 32.28644 5.8899946
60.843983 69.1837 3.8382225
25.83045 32.25419 5.802037
10.197748 92.4729 3.1045063
99.38732 53.803402 4.569112
75.72378 72.30829 0.29692975
43.712753 32.022884 6.007988
70.76264 8.073005 4.805624
59.644993 22.338026 4.2014747
57.20216 81.26487 0.7216902
66.885956 39.84566 6.8935695
30.118681 21.864212 0.8224001
16.981045 81.741005 4.554711
21.262777 90.00685 6.9405065
80.755104 4.984206 0.16480218
32.443516 39.872158 1.4835771
51.294693 34.518013 3.7177644
94.054924 10.344776 6.5053344
46.197514 74.98277 2.8957832
66.24401 74.46425 1.8495964
66.7197 76.99289 5.8648796
69.57218 58.09397 1.4977295
25.502296 46.030346 3.0519297
8.54774 68.61433 5.117569
65.877396 80.42902 3.5603824
83.87854 22.69554 5.026655
40.74623 82.617325 5.772428
37.367733 98.72348 0.5831911
21.205849 1.2798132 0.3100896
33.050667 44.712135 1.6919209
36.39983 78.39717 4.6261992
15.293881 13.092901 4.5955195
47.520077 74.64211 0.48987505
82.43948 17.791294 1.9394604
39.47034 61.72712 1.5054337
3.190494 34.723232 4.5674477
45.823204 30.043804 6.325306
92.33858 77.67419 2.665078
62.068142 53.606804 5.426807
75.45993 22.22391 0.37303266
6.1635823 7.388328 5.399993
19.310818 13.615868 2.2221675
32.86805 93.5245 3.7035074
75.11801 63.241493 2.7212238
28.1191 30.765913 1.5165434
52.350655 12.198298 3.5751972
56.35684 8.1243 1.9275056
96.54578 99.5834 2.6457179
5.0
20.0 0.0
69.0 100.0
100.0
50.0
514.0704
200
20.0 0.0
17.707943 4.4525685
16.744707 8.211964
16.161375 10.344496
14.51697 11.700071
14.479227 11.611279
13.849321 12.80856
15.110438 10.686853
14.9805975 10.833567
14.980597 10.833565
14.879555 12.115184
14.628546 12.606182
16.73965 12.001517
15.480805 12.939601
14.702227 12.797993
16.7796 11.831567
14.472763 12.41691
16.798164 10.929763
14.701088 11.504987
14.701089 11.504983
13.906904 13.595962
12.256392 12.747415
12.256391 12.747415
12.256385 12.747413
13.906897 13.59596
11.53248 13.28839
11.532473 13.288386
11.69158 13.326058
10.913559 12.00095
15.087135 12.210184
15.087137 12.210188
14.249058 12.275465
11.143942 13.0821085
11.143942 13.082109
12.178049 13.051554
14.359724 13.195812
14.359724 13.195815
14.359724 13.195813
15.393833 13.165262
14.741905 12.333229
13.748957 12.298267
15.004108 12.12513
15.0041065 12.125126
17.165209 13.438343
19.3263 14.751562
21.487402 16.064781
23.648508 17.377998
25.80961 18.69122
30.037836 21.321106
34.576286 23.257565
36.73739 24.570786
38.992477 25.880548
41.21565 28.781666
44.377605 32.448784
47.946796 35.237793
48.045677 35.324875
47.677483 33.99037
48.534996 34.443573
48.535 34.443573
48.534973 34.443554
48.534973 34.443546
48.789356 34.699127
48.78936 34.699123
47.6782 33.944553
47.678192 33.94456
48.32545 34.345394
48.325447 34.34539
47.815422 33.73539
47.914295 33.822487
48.509186 34.57954
48.27583 33.997776
48.828827 34.73283
48.828796 34.732838
48.31877 34.122868
48.206573 35.472374
47.898617 35.654213
48.68283 34.682755
48.340164 34.802704
48.019077 35.554882
48.0568 33.685295
48.05682 33.685307
48.00166 33.677338
47.8303 33.737255
48.55811 34.230007
48.30791 34.78857
48.30789 34.78855
47.720947 34.127556
49.05916 34.64101
48.85834 34.478134
47.615665 34.11824
48.95386 34.63169
47.629383 34.576218
48.519695 34.15215
47.76971 35.19575
48.44836 35.07264
48.447075 35.071938
48.295418 33.919186
48.4125 35.57527
48.37784 35.56442
48.75584 35.18484
48.35418 33.91028
47.789 35.555454
48.10253 35.03701
48.186226 35.017235
47.81844 33.953102
47.81845 33.95311
48.670315 34.49789
47.831432 34.500862
48.309364 34.63557
48.798096 34.94664
48.666615 34.821957
48.66663 34.82197
49.025074 34.762325
49.025066 34.762337
48.037113 34.87812
47.89502 35.061295
48.706253 34.815178
48.966324 34.610405
48.732506 34.515656
48.365665 34.459995
48.16642 34.416016
48.250076 34.39627
47.95326 34.365105
47.754044 34.32112
48.051643 34.282333
47.852394 34.238327
47.618534 34.143562
47.6173 34.142826
48.854836 34.816746
48.6718 34.824963
48.3731 34.823067
47.79253 34.52601
47.593292 34.482006
47.68674 34.48397
47.98429 34.445175
48.281883 34.40638
48.133766 35.629814
48.13375 35.629833
48.721 34.574333
48.720985 34.574306
48.140396 34.27722
47.992283 35.50065
46.379303 35.99925
48.579372 35.3563
48.075665 35.335815
47.94967 35.278217
48.286366 35.12426
47.98433 35.153927
47.927425 35.08577
48.749725 34.905052
48.623737 34.84743
48.8205 34.708622
48.976315 34.779015
48.95099 34.754818
47.97054 35.107685
47.844578 35.05011
48.156128 35.19666
48.31193 35.267097
48.654774 34.177246
48.528778 34.11966
48.02508 34.09917
48.02512 34.09919
47.64081 34.889236
48.502857 34.095253
48.50288 34.09525
48.095818 33.80124
47.793785 33.830933
49.062435 34.75402
48.869114 34.620758
48.46206 34.32673
48.363586 35.56592
48.342667 35.54854
48.68919 35.283966
48.530148 34.810028
49.245583 37.34961
49.961025 39.88919
52.75953 42.351616
55.914825 45.677353
56.96614 48.438595
58.33777 51.01522
60.42334 55.089043
61.59092 59.78405
60.791023 64.50223
60.428352 69.09442
60.951355 71.74945
60.80133 71.98711
60.801353 71.987076
60.801342 71.98706
60.80134 71.98706
60.679768 72.602135
60.679768 72.60217
60.67976 72.60217
61.422516 75.11448
62.143066 78.189026
63.472015 83.022064
64.26172 85.44748
65.497856 88.949066
64.81809 93.74561
67.303894 98.085526
69.0 100.0
