100.0 100.0
200
8.10264 32.342503 5.6401978
2.9531825 0.6937105 5.329346
8.971699 53.828102 6.050637
3.6871336 59.892223 4.032167
36.11088 88.72834 3.6840267
14.065907 63.039467 4.3960075
67.80895 12.712365 5.2844353
43.529022 64.83405 6.6251802
9.3805275 34.596603 2.4621048
30.475 0.68548924 2.9340656
55.92596 68.53383 1.3849345
57.60118 8.360005 1.8953608
50.721897 69.13869 6.709016
31.771944 10.755261 3.5574448
48.46257 55.590122 5.7076926
85.05944 88.24733 5.5248594
20.48098 69.06932 0.6022065
52.001198 49.46944 3.8186162
88.18175 78.86798 1.8362772
16.750603 3.0570757 3.9636335
72.801956 55.539272 0.6338847
8.684804 82.76748 0.28866336
61.20386 78.70515 4.721285
14.104847 47.05492 4.9292364
39.989494 73.42832 1.9514794
79.094025 92.04185 5.3543468
1.2680353 2.6215363 4.486677
90.33775 98.02546 3.5896108
89.22758 24.72053 4.9933405
94.21436 31.833267 3.0888455
60.134556 98.45622 4.733393
35.573177 4.27806 2.181173
56.811974 88.47365 0.6068116
32.376343 49.1639 1.5033232
56.48217 58.86382 0.21657848
39.08652 65.23183 4.643139
36.529957 0.47657442 6.7910414
63.769485 48.475327 1.5285317
21.788946 23.624746 3.6820369
66.19491 92.641624 2.6291769
95.82668 58.735825 3.078206
52.174484 48.64052 3.1361136
16.957561 7.6208735 6.217437
81.79835 99.20137 1.1111683
34.028652 87.588715 2.6911235
23.219864 66.87542 1.2179618
1.3649447 13.812725 2.1429548
85.56764 83.866104 4.1672773
91.63501 40.35699 2.5950687
74.354 43.368603 3.7819517
65.10595 75.04479 3.563445
55.848595 79.46629 2.4760334
75.664085 28.830875 2.5151231
37.909317 76.249245 3.979724
55.2517 29.999418 1.6996528
66.52805 36.75924 4.3761234
44.27154 76.515335 1.8014047
79.088066 73.93821 2.696196
80.26079 6.442047 4.869777
52.10938 64.94956 0.032676756
56.495247 84.93561 2.592425
80.21261 49.678272 2.343533
22.336916 34.95442 2.005818
86.74975 28.408321 2.5376744
85.578354 72.54891 1.216665
11.029671 20.962124 4.0098863
88.60699 44.36975 5.2531996
78.89903 41.085686 1.5055677
46.06424 11.05793 3.8649008
99.43753 41.90638 2.813982
20.851498 89.91374 1.0494094
35.783062 88.22054 1.5741732
7.824848 28.48641 2.7071438
94.49623 55.23193 2.762331
6.02217 78.755714 5.030629
38.329014 21.941849 2.9325125
65.59601 75.02918 6.280189
87.58961 36.17267 2.3513527
85.564766 71.00086 5.7380857
52.22629 41.28623 5.646666
36.061253 18.90052 2.8622468
62.81955 41.252914 4.810041
13.276172 66.6517 3.842195
43.845726 80.846054 5.79524
73.29937 58.604103 2.9231133
98.13913 48.746395 1.1510952
27.980427 96.355804 0.06722853
13.347984 70.548706 3.739141
49.632652 97.86397 0.6006114
58.963947 0.69537616 6.9539623
82.13777 37.7887 6.1675773
52.847813 27.05331 3.7955987
84.86456 2.9718204 5.531023
95.458275 38.45617 1.1093289
92.801674 99.823555 4.8046746
61.265816 2.554434 4.051444
24.25008 44.308525 5.542974
26.87198 14.816587 3.1318371
49.321594 9.568766 4.5178843
37.99868 95.7866 2.5013971
53.613014 60.02512 6.51637
50.03084 89.16255 2.3197381
95.33307 22.346386 6.8303733
30.730093 9.128452 0.42743826
38.016125 18.26431 5.6818447
19.7598 91.95551 2.1836588
5.8730617 23.50042 3.9300551
30.24957 46.576168 6.3173585
26.646341 67.26204 1.3786407
95.877785 61.811867 1.561483
38.667793 93.905525 4.0045314
64.65849 91.17266 1.3544488
61.83478 58.28948 2.6524627
29.753216 72.781456 4.515569
28.535715 75.36243 1.76674
5.6402 16.18898 4.874361
31.764862 24.730165 0.4277896
56.888996 85.42862 5.0082626
15.470391 55.96351 1.7044148
76.82362 97.9183 1.2858578
91.69876 97.88987 2.4651716
77.83065 48.088108 6.9611807
60.87256 40.56573 2.231851
74.65202 3.5895202 6.974084
40.879578 57.116383 2.062612
69.90487 81.15499 0.31541842
90.90872 86.87162 3.9678268
16.505957 17.378899 3.160777
76.44214 24.873566 3.8962655
30.02064 23.566288 4.2691813
30.422031 99.273964 5.4504457
90.25344 60.30375 6.676362
82.127235 52.933254 2.4500349
13.450997 0.22804222 2.8249764
92.81286 14.625574 5.510379
21.49226 98.44653 0.023053408
51.67229 85.387024 6.8525224
13.189263 26.161167 6.932226
74.95918 4.8400307 0.4313303
34.796814 55.27006 4.9730096
15.914528 31.758387 1.3350922
64.994934 54.598743 0.8677886
38.444595 86.67782 5.7440314
44.523163 29.051374 4.5764275
26.752203 67.83765 3.9240541
51.5468 87.32421 3.5144894
61.003933 10.019678 5.7317533
7.603753 65.75411 3.7545667
56.665432 51.644028 2.8763928
60.466236 83.741745 0.03743317
98.34803 16.246387 5.3159747
54.173378 32.063656 1.3534907
56.892757 36.021664 2.0207684
7.2030783 75.70524 1.23389
17.07081 46.23238 4.1757803
85.408394 65.17891 1.4453602
74.12469 78.13165 2.8481724
33.559196 30.080673 4.8622975
44.619896 3.6977754 1.6097763
28.18433 54.157066 6.9231534
34.634346 96.54694 0.44965145
43.707523 78.596596 2.3098857
48.78841 72.85584 2.5414176
58.81742 14.777152 2.7574742
61.680855 46.779915 2.2775648
78.022224 66.361015 0.510276
25.587666 12.12535 4.1048183
99.46117 52.673813 2.2146535
14.248101 69.066925 2.0332406
37.52247 37.739414 2.4988651
97.93178 43.162422 1.726287
78.59123 90.80975 4.4956665
78.313995 90.744125 0.594518
92.72877 84.24116 4.024764
43.3142 99.195 1.4754097
49.294945 2.6343012 5.595717
97.86927 87.92498 6.894078
84.79738 24.930882 5.3065443
92.60728 4.0340466 1.5276154
74.852325 46.71266 1.232966
70.44575 37.73175 6.6618137
20.821697 82.341835 6.111155
43.55959 77.68611 1.8275468
27.875528 75.418 4.8082857
54.48874 82.54773 6.3355885
57.636726 31.231934 1.5904155
74.306984 51.026894 3.8295476
2.2850301 39.93343 2.9706223
72.17389 24.600534 1.6239437
95.62625 85.99523 1.6697781
26.823942 13.918786 0.51915425
17.821886 52.307194 3.2373147
16.273457 84.321335 6.83676
76.28577 40.466248 0.6451704
62.308517 34.697796 3.6792521
57.00501 34.39977 1.596291
98.10856 19.964808 2.3661327
19.336502 20.967134 0.10425579
72.86944 37.426937 4.588743
29.273949 26.031631 0.26644874
5.0
20.0 0.0
69.0 100.0
100.0
50.0
424.62314
200
20.0 0.0
19.051329 1.8247226
14.616474 2.7916234
13.961552 2.7830784
13.829387 2.854532
13.371439 2.904825
13.371439 2.9048252
13.371437 2.904826
15.051181 3.2069662
14.080071 5.898661
13.108964 8.590356
12.137855 11.282051
10.258094 15.696692
10.912579 20.670507
8.526469 23.329128
7.7901487 26.873312
7.781184 26.922915
7.7811832 26.922916
6.9144306 26.9053
7.2539926 27.080008
7.253993 27.080011
7.253994 27.080011
7.253993 27.080029
6.7484503 26.941494
6.7484493 26.941502
7.088011 27.11621
7.6255856 26.798676
7.7999225 26.869707
7.7999225 26.869719
7.799922 26.869701
6.72377 26.94905
6.5688066 27.119143
6.73895 27.041891
6.73895 27.041895
6.7840147 27.089874
6.944504 27.204987
7.053423 26.95592
7.0175905 26.97854
7.1925344 26.892744
7.2871504 26.771444
6.7662144 27.261808
6.7662125 27.26181
6.8213654 27.28164
6.9302845 27.03257
6.9753494 27.080559
6.9753513 27.080544
8.683386 28.950665
10.595493 31.918995
11.128237 35.557503
14.313723 39.12444
14.846468 42.762947
17.787325 44.132984
20.198431 47.435688
25.023945 48.218643
27.108051 47.917736
27.108051 47.91776
31.33053 50.046402
32.89588 52.084465
32.89588 52.084465
34.49807 55.43896
38.959484 57.715515
39.942295 61.29431
40.92511 64.87309
42.09599 67.36639
45.26897 71.182014
48.44196 74.99769
49.234406 79.54061
52.51727 83.11887
54.044426 85.2958
54.317253 85.39709
54.317253 85.39708
54.31741 85.31581
54.258816 85.64088
54.25881 85.64091
54.274166 85.883385
54.270786 85.94306
54.93052 86.3843
54.930534 86.38426
54.00509 85.58144
54.103073 85.02528
54.026436 85.60543
54.558 85.74209
54.48456 86.45808
54.533756 85.64269
54.457157 86.2229
54.457165 86.222916
54.673367 86.20287
54.514862 85.806725
54.329327 85.67625
54.32933 85.67619
54.24225 85.994705
54.242252 85.99465
54.331005 85.62779
54.35065 85.50192
54.350655 85.50199
54.303818 86.262405
54.303802 86.26239
54.3038 86.262436
54.11976 85.76961
54.19479 85.401474
54.194828 85.40148
54.176704 85.39297
54.17671 85.39297
54.125324 85.63905
54.800167 86.85695
54.125298 85.63905
54.083733 85.64537
54.746777 86.1125
54.746773 86.11249
54.207214 85.98074
54.66622 85.99923
54.25885 85.88136
54.625164 86.141235
54.5718 86.600464
54.308 85.89945
54.6333 85.92174
54.2519 85.887955
53.922386 85.23475
54.16187 85.95171
54.161877 85.95168
54.010006 85.305534
54.010025 85.3055
54.767345 85.91751
54.349316 86.07974
54.349297 86.07975
54.3077 86.086075
54.76675 86.10457
54.191525 85.86649
54.203793 85.79927
54.203796 85.79929
54.148544 85.52394
54.721962 86.639946
54.152336 85.3998
54.367313 85.28359
54.145924 85.1915
54.14932 85.30477
54.686436 86.174194
54.82462 86.08604
54.04421 85.668526
54.044197 85.668526
54.353355 85.55867
54.35334 85.558685
54.017242 85.378174
54.03107 85.37833
54.55059 86.495804
54.44639 86.463234
54.44639 86.46331
54.495117 85.67237
54.14788 85.69046
54.51762 85.614555
54.1704 85.63263
54.51375 85.6404
54.141582 85.835655
54.40243 85.77371
54.4024 85.77368
54.36734 85.511215
54.39655 85.33002
54.396572 85.33003
54.627605 85.676254
54.280384 85.694336
54.53952 85.80568
54.21441 85.8719
54.14167 85.819916
54.20001 85.81558
54.33634 85.798065
54.472706 85.78055
54.222336 85.595
54.59618 85.83294
54.055107 85.679436
54.70324 85.93795
54.703224 85.937935
54.703194 85.93804
53.952522 84.90741
53.9907 84.87284
54.86732 86.69203
54.86731 86.69207
54.780193 86.19736
54.548805 86.19096
54.86667 86.85252
54.88057 86.8527
54.880608 86.852776
54.09211 85.56331
54.36675 85.51148
54.260925 85.58172
54.15513 85.65197
54.479534 85.88901
53.986355 85.00566
54.15844 85.5862
54.58185 85.94299
54.66348 85.92068
54.66348 85.92068
54.663445 85.92056
54.6635 85.92059
54.764084 86.36807
57.59526 87.041565
60.16088 89.02823
63.865448 92.11638
65.14909 94.08729
66.43271 96.05817
69.0 100.0
