100.0 100.0
200
51.788067 21.68542 3.5574784
60.244072 96.81191 0.110798836
52.641888 24.372154 1.4408172
42.88313 46.497158 6.640265
58.28983 45.99738 2.495375
33.204124 12.043 3.1574209
46.33475 40.210194 1.8239655
84.75125 83.37075 1.1486908
49.97633 17.055418 6.445381
39.158882 27.351604 1.6910765
71.26436 86.46272 3.6191957
92.76445 73.68102 2.2389748
10.363459 24.118124 1.5941479
87.67666 1.5834882 4.451717
62.188217 53.380573 1.2259101
41.729874 93.994705 0.81705123
58.169468 9.756571 2.459342
92.77049 9.550191 2.264574
22.012196 15.373777 3.9213114
5.540538 87.876274 4.8320994
53.733837 54.906284 0.2594804
71.49293 30.299824 6.2161794
86.0688 30.046103 3.355406
62.55504 52.701767 1.8498471
11.716253 73.160324 5.817437
9.260755 41.252907 1.1108601
20.697529 31.349316 2.4925392
75.8706 96.98109 0.06655584
53.85946 91.43291 6.2170515
12.210941 19.728268 0.6461936
94.024956 25.956203 5.706737
71.616585 76.30274 2.1277034
18.563461 78.664764 5.16238
89.35466 85.9373 6.68162
52.320522 79.03426 3.9288476
73.386665 91.90666 6.187338
82.19144 35.68294 6.8809133
18.588993 13.571527 2.2463737
33.954765 97.45602 3.3522027
1.6441343 80.48108 4.759839
65.93402 17.587736 6.794656
59.312794 14.344309 6.56942
33.935856 16.909008 4.3484597
92.7657 39.241413 6.361441
94.488235 86.11549 5.5260572
56.4951 9.98523 5.2716165
15.264521 21.373695 4.810197
80.29841 95.49647 2.9536803
51.066616 25.6426 1.9697078
55.284687 26.201937 4.873424
85.08381 81.47846 4.0211406
54.78751 10.443433 4.227236
49.411095 41.757195 6.6465154
15.305056 76.51295 4.202885
24.356598 15.479037 3.5236628
80.06178 76.7036 3.6980174
73.63325 57.36175 2.756288
5.529693 99.87437 2.9790637
58.768837 7.159165 6.987024
26.336569 37.350323 4.0263863
62.189056 88.89168 2.7895472
82.41138 41.948326 4.464654
39.809105 23.12745 1.2250764
25.693157 35.765667 0.46688625
2.9911623 29.580168 3.1727896
59.782356 86.231155 3.375105
87.73528 45.562805 2.7306883
33.021423 72.35892 1.6646465
12.197969 84.483116 0.7668331
57.93888 14.13052 4.2755322
63.01679 4.9111123 4.1135254
45.056023 23.89608 5.3437448
71.247154 75.74446 1.5693699
57.466015 61.27445 1.1442503
92.0875 59.785698 1.8912165
88.70747 91.22227 3.693398
73.13502 20.95356 6.285172
36.392773 53.687786 2.114394
65.00123 11.003548 0.20011824
86.079056 2.4472356 0.31413883
52.214397 52.372555 6.505894
76.54144 63.086456 3.1823597
61.130974 24.381136 5.185281
17.78724 71.03705 1.5055271
10.0883255 62.82104 3.712057
71.75098 4.0342345 5.781414
75.06814 69.40432 3.3898666
83.96479 2.6819088 2.9799461
64.72607 2.454942 6.689204
81.51657 80.46515 2.0265725
2.671232 98.91514 1.1978195
45.44691 13.652043 6.997268
32.20063 85.99991 2.8955865
42.4551 65.496 1.4367303
98.99049 51.467255 4.8613505
9.524661 67.61051 1.6094068
88.43492 85.96048 4.877952
32.538773 41.203064 6.4040494
97.89903 26.386057 4.4536653
92.528564 82.41654 4.5618834
47.806698 93.26453 3.693528
36.852776 90.295586 0.30902866
92.428406 17.92874 5.0798936
99.687805 10.356698 4.254543
56.174255 52.888042 0.03919861
43.543076 92.33219 1.250765
26.4131 54.32454 2.2235293
22.834713 97.907394 4.551562
27.886082 55.484314 0.1329548
40.899284 37.256992 1.982155
58.360245 5.1416855 4.3356314
61.805946 55.624107 5.641197
76.183304 74.48994 2.448226
90.13757 62.80748 0.9937023
9.885817 33.082867 3.8390262
30.87512 98.02447 4.270683
34.415966 60.750553 0.91971934
96.33728 21.509226 2.289941
99.394196 74.366516 3.0347788
42.358418 7.4785833 2.6668005
20.00885 99.38377 2.8614664
51.271595 66.03196 6.340024
91.36265 83.67118 0.8939664
42.115273 4.626305 0.14658734
79.73322 23.434462 3.346137
23.140903 71.162125 2.8777454
19.955336 43.772083 4.0905614
27.048798 18.833166 4.627122
43.684875 34.26654 5.3621955
77.7527 36.338562 2.6732163
42.20261 43.503086 1.5929388
32.75187 72.69145 0.96326786
45.320564 85.54118 5.505602
52.73427 54.90592 4.4237814
33.50061 56.257526 1.6596901
40.078804 50.727146 3.7356222
47.863426 42.84807 6.979601
43.355377 71.03686 1.4189134
12.215037 30.574192 1.6732327
9.912726 23.835505 6.9388876
28.518475 7.4557896 4.1144567
51.37403 99.74476 3.354124
88.10265 89.32032 1.1509237
6.5851736 61.725918 1.097678
71.92227 23.430405 2.7140698
75.597176 93.90721 5.4120445
31.626907 27.91462 3.772448
21.956673 51.89001 3.9798033
70.532875 92.315056 6.1642942
25.122044 52.614517 4.6323614
1.9629005 67.96629 1.8941783
14.831678 83.53486 1.0568206
16.708931 92.27574 4.165023
40.247524 35.08067 2.3721478
95.12543 78.63001 3.8416772
83.23384 75.156494 3.6517732
47.75781 49.78282 6.081962
81.02639 52.45641 1.8581715
71.66563 37.0841 6.1018047
6.761238 1.2184716 3.7412663
92.49542 36.527325 3.5523248
47.27964 50.07985 6.0751405
89.36214 91.47559 4.212931
39.257324 98.88741 2.273283
61.8631 86.95684 3.0599082
43.47775 77.42053 0.4686809
16.266687 16.789652 1.7780721
24.931898 2.2449372 6.706397
5.9146385 83.976326 0.54831374
39.278095 82.41395 2.6975226
33.977554 94.69385 2.219522
40.734383 99.515564 3.0564394
40.308968 71.49145 4.736083
86.21288 12.257208 3.3022761
70.62418 76.985405 6.0385547
84.685745 66.936745 0.79248863
90.1266 75.40204 0.9946806
6.272219 66.520874 1.1029485
61.409767 54.78887 3.8394024
54.308712 27.15442 0.39763427
10.942589 45.78318 1.4504945
79.09833 53.619076 1.156615
24.723057 45.77461 2.8880415
90.6312 53.79956 6.6968594
68.221725 13.553704 2.2669373
69.580124 13.029756 6.5412836
24.485315 8.009014 4.6840057
7.174742 45.924152 3.2531884
84.106064 9.2354145 1.884589
65.64446 0.9431589 0.25090092
32.121597 27.422752 6.8737416
99.15694 64.62441 6.2957478
34.908237 7.089348 3.7689197
0.51835054 50.279194 4.3367186
79.05769 94.56431 3.7889102
23.940886 52.72142 6.0244455
47.240993 77.19309 0.999994
32.174114 4.8096576 6.687056
47.054974 95.26609 0.17998213
90.73937 96.2123 4.443613
5.0
20.0 0.0
69.0 100.0
100.0
50.0
522.11053
200
20.0 0.0
22.220736 4.2287493
26.353546 3.9592075
26.353546 3.9592075
26.353554 3.9592056
26.353556 3.9592056
27.093313 7.673646
27.093304 7.673646
27.093304 7.673645
27.0933 7.673645
27.0933 7.673645
31.751015 8.641914
34.380066 9.319633
37.70359 7.1906376
40.84599 8.431167
43.475037 9.108884
47.056633 10.891136
51.587353 10.878018
56.11803 10.86491
57.24316 10.711731
57.243145 10.711725
58.276203 10.574278
56.349987 10.92612
58.149 11.258263
58.683376 11.492291
58.190983 11.475734
58.127174 11.664955
58.127136 11.664958
58.283478 11.573884
56.19731 10.271396
57.996326 10.60354
56.34257 10.487501
57.507607 9.941797
57.42627 10.207297
58.678814 9.95376
57.242287 11.219002
56.423267 10.791762
56.23714 10.742813
57.00826 11.436367
56.105606 11.05997
57.04969 9.182058
58.436733 8.72336
56.499138 8.89394
56.499157 8.893934
57.378845 8.890582
57.676926 8.723418
56.56968 10.864195
57.994907 10.403533
57.54743 10.398513
56.898266 10.270771
57.700058 10.327584
57.406303 10.269351
57.17744 9.9290085
58.581795 9.199399
58.646305 9.147124
58.646313 9.147124
56.872906 10.156692
57.91272 10.292763
58.357994 10.996826
57.432728 11.952949
57.09801 11.968818
56.128613 10.533629
57.45408 11.976067
58.60784 12.109062
56.91997 10.31326
56.658157 11.473688
56.658134 11.47369
57.44694 11.459639
58.488712 11.705376
56.72917 11.207084
58.537415 11.586658
58.53742 11.586658
58.537415 11.586657
56.777878 11.088366
57.36483 11.236296
57.364822 11.236296
57.364777 11.236296
57.08217 10.936112
56.032486 10.803316
57.891586 10.958249
58.17636 10.821774
58.17637 10.821773
58.658684 10.769496
57.60901 10.6367
56.933075 10.336807
57.36284 10.111605
57.979195 10.668479
56.855286 10.580249
58.714386 10.735182
57.52616 10.688478
58.69512 10.743687
56.28694 11.207133
57.71698 10.124211
57.626007 11.76504
58.331207 10.780984
56.857132 11.089137
58.89984 10.121059
57.075832 10.064334
56.15476 10.985076
57.531944 10.442531
58.41137 10.809437
56.92632 10.630548
57.888973 9.869903
56.53684 10.341047
57.73646 11.262949
56.390522 10.583683
57.66584 10.712307
56.708164 10.684021
57.856873 10.847559
56.797684 11.147814
57.647476 10.057715
56.75448 10.880911
56.45121 11.297867
58.24189 11.758747
58.241894 11.758745
58.16445 11.6559925
58.111588 11.652346
58.1116 11.652351
57.068176 11.581832
56.837795 11.607262
57.01844 11.469376
57.018456 11.469368
58.705734 11.843117
58.737385 9.985462
57.555782 10.66605
56.749775 8.906314
57.855064 10.327203
57.76943 10.78742
56.751934 10.408601
56.751945 10.408619
56.91768 11.774192
57.085762 9.140955
57.977512 8.821148
58.12195 9.215685
58.121975 9.215668
58.073933 11.12672
57.801804 11.119443
57.969902 8.486204
58.0948 9.277571
58.752438 9.109947
58.668617 10.184185
56.97297 10.902378
57.969975 11.532156
56.894238 10.461859
58.07985 9.908189
56.937504 11.691326
58.12313 11.137657
58.78076 10.970036
57.70501 9.899739
57.704987 9.899736
57.867107 11.896656
57.06812 11.833651
56.97505 11.656292
57.73788 11.441897
57.70056 11.590399
58.610016 10.451366
57.62442 11.22811
58.2817 10.813478
58.008297 10.785246
57.209328 10.722242
57.45998 10.411089
57.45996 10.41109
58.073105 11.7453785
56.97278 11.802814
58.670044 11.787024
57.256145 14.821709
55.84225 17.856396
53.221123 22.026686
52.62703 24.496574
52.032936 26.966461
51.85216 31.917055
50.91536 36.608624
50.500458 40.3262
49.411835 44.843323
48.90734 47.937042
48.90734 47.937042
48.90734 47.937042
48.90734 47.937042
48.90735 47.937042
48.90735 47.937042
48.90735 47.937042
48.90735 47.937042
48.90735 47.937035
49.077484 52.931038
50.021454 55.35144
51.132545 58.21987
52.846016 62.579185
53.787537 64.98842
54.731506 67.408844
55.675476 69.829254
57.05715 73.30368
58.438828 76.77811
59.884163 80.5426
61.26584 84.01702
62.20981 86.43742
63.153778 88.857834
66.17299 92.76109
67.11206 95.15919
68.05603 97.57959
69.0 100.0
