100.0 100.0
200
16.958458 11.706609 4.05667
11.569798 77.194145 5.40664
22.545687 38.989567 3.9482358
68.78488 64.27531 6.3447733
57.75207 71.68727 1.2644055
46.582375 18.863031 6.977724
45.428932 43.421505 5.332267
23.218859 20.612232 1.7273536
9.851299 29.845394 3.118948
33.43022 0.69664145 6.124049
98.01192 72.78467 2.5014064
94.377556 20.25845 3.3277733
96.926094 94.04132 6.479801
17.986126 88.13716 0.40123582
87.64823 70.422615 5.7504253
82.159454 79.65733 0.10299262
66.08508 55.917305 6.565078
66.31633 27.091087 4.924226
55.26114 43.79319 0.65457344
75.98785 21.861603 1.8423429
76.50956 1.7901373 3.7891917
96.45514 0.15523191 3.3212528
41.99577 43.41155 0.8216152
68.086464 67.3491 4.54143
26.077179 3.8200467 4.7960057
30.347544 93.42382 1.8567853
56.471436 62.755318 2.5809186
95.06828 57.62424 0.81058335
17.883509 75.415016 2.7370133
43.366394 1.6824005 6.0411267
77.92434 28.769896 5.0670614
21.3385 11.981435 4.0391135
96.97703 5.218607 3.937468
53.187996 25.523842 6.690019
63.74368 15.068846 6.423093
71.7786 97.628456 3.1284928
11.004071 86.42555 2.49751
65.764694 85.60056 0.6312182
18.598856 45.89057 1.868982
52.20348 91.04527 4.907025
79.97559 90.737175 1.9624498
62.508537 95.750114 4.1634808
53.26333 93.73965 5.0338283
60.427444 26.82792 2.0340657
12.132053 37.689518 5.166553
18.832788 85.697716 3.3093042
62.1712 8.941549 6.5690694
47.71154 34.006516 1.3725138
92.21316 96.80616 5.486326
98.763565 20.000858 3.7341986
44.833714 45.9959 3.6803775
67.4339 73.678894 5.673834
42.10643 97.50839 1.6388155
50.198368 49.611774 2.5660963
84.210144 6.189204 4.827387
91.082886 11.841202 1.590656
73.32628 23.683588 0.51242334
5.459891 3.1030886 0.8880847
28.515156 62.87756 4.635295
9.940671 24.178131 6.7589927
55.48999 12.513062 2.3348575
12.369088 62.139454 5.3110437
37.374565 24.767529 3.6861608
12.939241 35.77895 1.1169107
82.53862 97.6009 4.3559394
21.080374 32.049313 4.19064
55.66372 46.394928 0.6590826
23.23479 85.83163 3.0313604
29.982822 56.65046 2.5710013
87.21253 18.422638 2.9317698
84.30601 59.45234 3.569097
79.67768 79.202835 5.8625994
60.72129 70.19503 6.3305993
9.341438 2.0533197 2.6348488
35.129303 60.163513 2.1194837
3.937593 44.903084 1.6197593
90.72291 52.009502 5.7994437
95.05541 67.48247 0.5598873
32.010468 94.203705 1.3892218
77.97673 4.057157 0.5556954
16.024832 44.381798 5.5451303
19.51165 46.057926 3.509191
77.74481 72.767204 2.8877146
25.512619 97.52269 2.25903
27.473011 89.9934 1.2868701
44.66474 61.185894 6.0166197
66.699524 52.975124 1.0368844
74.2574 67.42416 5.761644
6.5180383 92.60016 4.325566
33.09748 95.14511 3.954997
78.51644 96.477715 6.2036767
66.00817 56.874336 0.7667163
38.22919 74.38548 4.0469127
78.093414 31.999815 0.8735578
61.167427 50.554638 4.774442
27.055382 63.146534 1.5824028
3.7581034 54.912346 1.3546108
59.312817 93.27244 3.6098986
27.109768 46.365467 6.4102106
33.100746 95.723404 2.1265807
42.47859 60.177032 4.9951086
71.12361 27.814594 5.807049
52.293385 17.000927 0.47527918
39.67582 68.49472 5.24663
93.36208 1.7820731 6.6007185
94.390335 36.889706 1.2429283
90.31705 54.275593 1.8207003
80.43618 97.99739 0.013450028
55.182842 55.628017 2.3545907
15.823727 92.70198 0.94913214
72.17723 1.5664637 6.212198
62.19834 35.906105 2.9299145
56.451374 56.470905 0.49724048
99.96575 56.275757 0.07685156
76.18827 44.612442 0.004846882
38.977303 58.988182 5.6104965
84.568344 66.91559 6.30655
87.547905 85.711494 2.2435937
53.741898 6.860209 5.423844
5.8774667 71.75809 4.30117
32.299007 62.89251 1.6259542
50.47001 88.87789 1.5646098
86.411835 48.37694 6.454197
76.56 3.0073872 6.1179113
78.96565 30.890066 3.7516048
21.552063 56.705017 4.902631
59.367607 47.393948 1.7677267
75.24246 63.97762 4.479801
0.62367326 22.445051 5.359466
34.699844 57.534824 0.7392885
70.3402 80.43346 4.9220037
11.1340685 92.99517 3.4310272
39.257774 67.90458 6.826501
1.2762463 25.780943 0.9277811
90.26018 86.579155 5.804506
37.74063 34.036823 2.3079615
6.7450676 7.8039107 1.5234303
39.50384 65.21914 4.8908157
57.771835 85.546135 1.7212706
67.220856 77.65813 5.076301
78.970764 25.411896 0.50516146
43.250362 26.047346 3.3081808
3.8001094 65.69546 3.8506234
34.58931 93.53792 0.09321109
81.24178 33.900154 3.1522288
87.818756 98.84623 4.237632
60.2227 29.319613 5.910326
27.956621 68.19325 6.6351657
79.66973 88.031 0.2039176
98.51883 99.367874 6.939887
23.068972 71.33701 4.6849723
71.60453 65.14988 1.2591032
53.836014 69.3345 1.8306873
31.120173 39.76419 3.4578688
64.94891 74.80482 4.59704
38.7087 11.542797 3.5586162
49.109726 56.075737 4.807813
17.449423 45.22454 2.521907
41.10638 71.35988 6.300186
16.157864 99.125336 0.6547088
47.96865 84.28225 3.939618
88.71187 91.76259 5.4221015
16.41683 33.187855 3.5508022
50.65097 28.418558 1.4794915
58.533283 53.109406 6.9382133
22.79255 92.01836 3.6777492
85.21326 75.40105 0.55026734
0.07824481 33.998215 6.6188097
87.92373 96.53154 6.354404
82.16974 34.818226 0.22854179
20.257504 92.6685 0.9256305
4.8658423 14.034627 2.8647687
35.604908 3.9414847 3.5914996
81.889404 51.961792 1.3257099
13.786209 53.619305 0.36364752
0.2616414 68.340904 4.2704725
99.41311 73.66543 3.783552
86.67921 9.331724 0.6815658
25.98962 4.3544326 4.1683006
58.50176 46.593796 3.1167886
7.727835 54.61664 3.4944723
61.99098 32.20628 0.8767973
68.74301 77.41795 1.1644149
36.979156 58.644325 5.904941
95.240135 45.547855 5.9780746
1.9588828 99.30159 4.675771
81.94838 71.74845 3.1121328
51.258556 85.08572 4.0301766
78.8995 55.361084 4.6441336
55.744587 42.993465 2.1760824
23.580557 97.55146 0.27431914
17.38282 51.475174 6.8122563
77.02536 68.20387 0.49276692
47.948856 83.73068 1.5502847
37.91721 10.188062 2.840086
59.997257 34.8737 3.8403378
83.82943 81.14776 6.527859
56.030544 36.42071 3.2214496
50.494385 32.190727 2.3543024
65.498436 34.061512 4.30575
5.0
20.0 0.0
69.0 100.0
100.0
50.0
568.84424
200
20.0 0.0
23.57566 3.4289453
27.714127 1.1874809
27.728329 1.2145343
27.728329 1.2145343
27.839722 1.3652272
27.322418 1.0383627
27.611275 2.1495109
29.115847 1.6582146
28.046585 1.6400888
27.463041 1.5537866
28.409288 2.7330353
28.808638 2.82237
27.446606 0.9958315
27.446604 0.99583054
28.526955 1.2240112
29.473204 2.4032593
27.647644 5.1947517
25.822073 7.9862432
23.996504 10.777735
24.097837 14.108381
23.662355 16.744604
23.226873 19.380835
22.791391 22.017052
22.892723 25.347696
22.994057 28.67834
22.401527 31.155746
21.808998 33.63315
21.216461 36.11055
19.655363 40.40234
18.27763 44.872074
18.27763 44.872066
18.596066 45.35851
18.596073 45.3585
18.384722 45.306274
18.200157 44.740067
18.546577 45.100838
18.895832 46.277832
20.982885 48.146816
23.085768 49.866703
25.349274 51.477
29.28729 54.59214
30.892914 59.02176
34.83148 61.460026
39.534485 62.190063
39.809654 63.383087
39.833168 63.481903
39.782204 63.703583
39.78219 63.703598
39.819084 63.69838
39.832558 63.710983
39.34146 63.260166
39.340454 63.401382
39.357113 63.395035
39.35713 63.39502
40.500965 63.333946
39.30283 63.291054
40.12519 63.318615
40.00801 63.629936
39.06721 63.349678
39.544884 63.46312
39.655827 63.642708
39.126606 63.312008
39.282196 63.543175
39.208504 63.468124
40.06148 63.618416
39.120686 63.338158
39.12073 63.33815
39.23165 63.517754
39.23165 63.517715
39.471535 63.532642
39.949223 63.64609
39.949223 63.646103
39.419987 63.3154
39.419983 63.315407
39.715763 63.725304
40.399265 63.317207
40.213394 63.51168
40.213425 63.511696
39.987972 63.47519
39.98797 63.47519
39.727554 63.26221
39.96743 63.277134
40.222588 63.30675
40.222595 63.306767
39.098114 63.335407
40.04837 63.425564
40.253742 63.31435
40.49361 63.329308
39.821968 63.34452
39.822 63.344505
39.92378 63.754673
39.3607 63.54863
39.307533 63.405018
39.711636 63.537663
39.68083 63.354702
39.888927 63.421364
39.828743 63.357937
40.088356 63.36416
39.757713 63.50666
39.307632 63.296883
40.28526 63.409645
39.347298 63.26403
39.83432 63.37774
39.525284 63.331665
39.918983 63.486084
40.217155 63.489304
39.593487 63.426758
39.38782 63.834896
40.009254 63.528465
40.389835 63.392548
39.138523 63.410057
39.519077 63.27408
39.580734 63.37612
39.411156 63.384285
39.898216 63.497993
39.141132 63.38806
39.141125 63.388084
39.16607 63.382988
39.480766 63.26551
39.352493 63.973236
39.667137 63.85576
39.43047 63.490906
39.311157 63.40117
39.54125 63.805733
39.73192 63.773624
39.73192 63.77363
39.710716 63.671104
39.290695 63.365852
39.160164 63.358925
39.059814 63.289543
39.299416 63.513237
39.146164 63.50152
39.18016 63.514465
40.04281 63.493362
40.23348 63.461266
39.291878 63.71502
39.13711 63.523254
39.153755 63.51691
39.088005 63.372013
40.294735 63.411213
39.735725 63.689404
39.43498 63.937
39.434998 63.937
39.435005 63.936974
39.434998 63.93696
39.267624 63.7903
39.724087 63.732815
39.235973 63.710285
39.618347 63.706135
39.618336 63.706116
40.037037 63.535675
39.88329 63.690765
40.42726 63.339634
39.824245 63.280952
39.82426 63.28096
39.82422 63.280968
39.824226 63.280964
39.824223 63.280983
39.54957 63.358566
39.333015 63.642754
39.33305 63.642757
39.333057 63.64266
39.84047 63.641792
39.67311 63.495117
39.392925 63.374924
39.39292 63.374924
39.392925 63.374935
39.136745 63.32765
39.933525 63.53557
39.898506 63.69873
39.17255 63.518784
39.172543 63.51877
39.172558 63.51876
40.14237 63.5166
39.572697 63.616276
39.229862 63.578144
39.97002 63.56308
39.802296 63.60199
40.252678 63.44462
39.672302 63.832443
39.796528 63.64
39.79654 63.639977
40.467487 63.33394
42.143543 65.34941
41.993374 68.9744
40.59033 72.992256
43.533436 76.960686
46.476532 80.92909
49.199837 83.602905
49.199837 83.602905
52.402653 86.60838
54.517857 89.20026
56.412987 91.41358
56.412987 91.41359
56.905556 92.44444
59.03482 94.12608
61.164093 95.807724
64.90201 99.057175
69.0 100.0
