100.0 100.0
200
2.3688202 55.612213 3.255715
88.3985 34.59326 2.7306073
0.9953921 61.839455 6.5820365
17.097363 7.256163 2.7194443
97.60914 0.12207449 5.017459
30.137304 93.24991 0.98330104
26.708874 49.165962 3.681732
12.0933 12.082259 0.5258721
45.908436 30.30018 0.1617277
84.9403 7.6948056 0.72300184
85.99678 26.030275 3.5250053
78.33021 70.29091 0.17320004
67.194855 93.915695 5.8191566
33.38715 68.36224 4.5436773
3.336988 13.205006 2.3336098
66.47677 16.670795 0.09544996
85.80094 37.083828 1.1649818
55.182835 94.07744 6.8674
86.23671 62.460354 5.448913
17.036434 35.598625 2.0107245
85.56952 64.56896 2.6907623
55.810143 73.81657 6.412235
37.00039 43.84284 0.2815592
28.91336 3.5256557 0.5786972
49.637905 14.181575 3.4838176
27.432028 47.686623 5.381152
75.10435 91.92759 4.5572805
80.83044 89.6535 3.7367382
93.62304 32.733738 0.6803567
81.03209 85.38758 6.7557507
67.37067 97.24891 2.301713
75.9287 50.158794 3.0741599
11.4745245 83.38512 1.7384169
21.533785 29.034931 1.5693619
57.988014 23.373465 5.8747973
29.192423 1.2910541 1.4696537
5.234743 48.659813 4.2838855
11.9435425 28.072113 0.78546745
84.25527 25.641344 3.042239
72.67641 85.59417 3.085815
53.81587 94.96555 0.7289493
99.27586 68.1064 0.42418128
30.61005 42.427788 2.370998
29.101257 25.694254 3.0119038
18.532162 79.82382 6.62487
37.074677 7.0155745 1.3197845
18.947046 62.66702 4.8620143
28.670113 98.62722 5.275002
6.01425 16.89917 6.2831545
53.00703 23.143978 1.517146
58.59602 84.201 1.5310302
39.843224 76.63479 1.3319153
66.67101 19.17848 2.8397994
92.11355 99.02395 0.938536
99.29657 59.470604 1.8528622
67.88233 50.090385 1.3191482
65.58704 67.6289 0.9207041
90.5243 83.90114 3.8922386
86.52329 66.93265 6.4717026
16.797544 35.59463 4.4136977
98.57182 96.39307 5.932669
40.535034 4.629723 0.021001184
2.0420146 61.97006 1.1166753
40.650036 97.938 0.3591288
53.57455 97.05103 1.8092326
21.963427 18.845991 5.875351
0.3432049 59.64901 6.1550803
82.19198 29.214521 1.0833254
36.299843 44.88254 3.6052718
77.320274 22.977896 2.870926
24.845806 30.478125 4.963465
8.472714 2.8006647 1.9985503
71.199265 93.04662 0.49570084
42.018803 25.744648 3.5800874
17.501802 9.932524 2.2372587
23.170485 39.6185 2.9811692
93.05695 15.505889 5.594297
56.165497 63.627235 6.199214
19.684002 46.337692 3.3223681
4.0901647 76.277435 0.7059388
51.760536 27.663351 5.186815
19.315844 30.0204 0.4103524
5.296141 75.262665 5.606546
65.01978 12.5473 4.314552
63.067894 25.553457 1.8519213
64.40422 2.7224796 2.4585838
53.711636 35.673523 3.3148496
9.185442 78.6337 1.7647629
62.90295 5.9956684 2.9234924
6.1624193 98.286156 2.0369275
98.996086 6.1501746 0.71313727
53.06272 43.89862 6.3975697
76.98775 72.03858 6.4935203
35.098335 97.8846 6.904364
89.486176 57.703552 2.627839
19.672583 39.752968 4.6164117
37.131943 10.909992 6.8469257
72.21526 91.47988 1.1582465
36.036182 55.455715 4.3714576
81.54385 75.21843 2.2631478
60.833645 73.36053 2.804265
41.391197 0.58921164 6.7917376
45.47124 72.30013 1.0442431
28.79922 93.15312 1.5476997
40.7168 99.01642 5.8875594
17.813334 95.09625 3.844842
77.13766 64.859215 3.826714
95.80618 29.915087 1.8169633
43.85092 76.113785 5.7458105
57.259888 79.75733 1.8121282
78.063965 99.64485 0.23926903
60.22098 62.62044 3.1871598
15.919101 98.69961 2.6233647
23.851955 62.10238 3.412434
51.55769 15.427467 5.518791
54.18798 34.476868 1.0936874
64.16232 87.18316 6.3349185
32.253956 71.767845 1.7200503
91.9921 73.88022 3.7332115
41.78761 6.5394163 0.19333535
80.8137 1.5889055 0.7500551
76.10008 79.25157 0.5704018
57.781075 52.615456 4.1494756
98.354576 96.76339 3.17308
83.51869 20.284214 1.9778007
11.664346 82.117966 2.1066313
21.8105 54.627193 2.7048368
21.019878 18.301928 5.8434753
7.829731 45.571293 5.583449
86.797455 92.66626 6.0503764
61.868973 48.830585 2.3630993
73.22258 88.512886 6.216776
36.970512 92.78599 4.3371015
86.82901 73.505486 3.4371457
60.39184 64.10968 4.214223
64.15208 88.266205 1.9624822
40.530697 9.330834 1.27296
0.2092639 72.74958 1.0339566
52.360035 46.88945 6.5860467
14.232582 62.55974 4.8961825
96.81186 40.985264 1.5828804
41.950592 56.186 0.7872873
72.75274 71.40553 2.259888
33.166367 8.604313 5.769657
80.07558 62.434208 5.945242
69.56316 76.70513 5.469056
0.08106269 72.30295 1.3371594
18.481083 83.89046 3.197724
50.711853 55.991386 4.9346056
52.876762 62.06842 2.1865282
12.283758 79.02789 6.002274
74.45357 56.026154 6.764735
95.25698 22.17442 4.818301
81.44648 82.19496 4.7911468
40.467648 84.33849 2.6189423
27.133839 18.581326 1.21374
87.54344 36.026024 3.2380784
36.775246 29.153849 6.10681
70.46086 22.63192 6.4241195
82.59894 24.798765 4.7248936
14.997709 59.7334 3.4289274
79.30139 67.9486 4.6486726
95.019516 21.226843 3.8285556
63.60993 96.85729 3.0556638
57.045193 39.243816 3.9393878
77.5233 51.59565 2.420936
36.405716 4.1385794 4.6679854
36.312214 50.69156 3.2408657
11.703738 95.72907 5.5000916
75.12136 66.44888 3.9711647
13.321041 25.706354 2.987951
59.249634 67.98915 6.460682
89.10924 85.13821 0.21739691
68.92526 66.86267 6.097416
8.233575 1.9709135 2.292184
7.6978793 2.4712632 5.9829884
84.91942 78.87363 2.6399803
11.8244705 22.165476 3.1141005
28.644358 41.328846 4.984091
38.559048 82.50489 1.003886
16.176659 82.21069 3.2169306
39.572136 71.22297 4.9971557
81.98008 19.407442 2.7185662
34.894558 83.344864 2.0569484
51.309837 25.286995 1.0106494
32.05732 36.182713 4.8662977
24.520462 86.58907 6.933056
1.6604497 70.23109 3.0750146
89.94173 88.8525 1.2867472
22.263391 47.031933 6.3922553
91.03204 23.273386 5.209122
82.60181 79.30435 1.3842069
0.10564092 43.98343 2.3317952
3.3679497 18.475758 6.813652
14.813397 44.98357 6.7359424
66.269936 42.001534 3.9321828
65.31699 23.314196 4.8695426
6.4241667 48.106544 1.2383265
42.402298 74.312355 0.8030624
84.15801 95.66418 1.0234983
5.0
20.0 0.0
69.0 100.0
100.0
50.0
439.69852
200
20.0 0.0
24.487785 0.35147345
29.16122 2.1663733
32.21086 3.4494896
34.344887 4.6747503
37.394524 5.9578657
37.416294 5.9540625
37.523487 5.7859945
37.90446 6.106967
37.926235 6.1031637
37.357677 5.9585543
37.95086 6.3574276
38.050537 6.3688736
37.66403 6.2083406
37.87521 6.2045617
37.61482 6.2191553
37.61481 6.219155
37.767014 6.190528
37.88923 6.149301
37.782856 5.905695
38.119297 6.376436
37.885075 6.169476
38.21897 6.387881
37.49947 6.003077
37.38562 5.9639883
37.507843 5.9227624
37.507835 5.922763
37.875324 6.3070188
37.709965 5.960989
37.50631 6.1005073
37.656086 6.0412025
37.109608 5.832703
37.109634 5.8327055
37.23816 5.7123814
37.65316 5.9113874
37.65318 5.911388
37.817352 6.3156266
37.81733 6.315624
37.70349 6.2765384
37.725266 6.2727385
37.87503 6.213436
37.45598 6.0732584
37.632847 5.9475775
36.47062 6.6459446
37.832947 5.9551773
37.832935 5.9551783
37.62492 6.1354146
37.624973 6.135413
37.624958 6.135415
37.62493 6.135413
37.79249 6.0614862
39.659157 6.4319572
41.170044 8.534465
42.68093 10.636975
46.614326 13.512721
48.12522 15.615229
50.088295 17.628298
52.65788 21.922752
54.16877 24.025259
54.168762 24.025263
54.287308 27.074015
54.518883 31.945984
55.24752 36.09333
55.259377 38.406845
55.449234 41.122406
55.404015 41.585712
55.071083 38.357693
55.757828 41.502254
56.724987 42.246746
57.71587 47.1302
59.78115 49.29125
62.560616 50.943985
65.34006 52.596718
68.11952 54.24945
69.064804 56.51133
70.58416 61.27689
75.419304 61.744183
76.38081 66.00044
76.38081 66.00044
76.49572 66.116
76.49576 66.115944
77.62097 66.29068
78.60126 66.17824
76.367004 66.64776
77.886505 65.86445
77.84151 65.85841
78.604164 67.10762
77.227905 66.58702
78.0586 67.24554
76.78355 65.83699
76.78358 65.836975
78.37302 67.41859
78.42175 67.421394
77.77344 67.42147
78.664444 66.2604
76.46997 66.00319
77.49545 65.86456
78.32614 66.52307
74.79772 67.3295
76.56288 67.046326
74.986 67.31309
76.13557 66.85462
77.621376 66.3227
77.621346 66.3227
78.35852 67.226006
76.17409 66.82377
77.939224 66.54058
78.75709 67.42273
77.00217 65.67931
76.13923 65.60931
77.99023 67.36937
77.99024 67.369415
78.58808 66.57216
78.11875 65.92456
78.812675 65.882576
77.48264 67.72936
78.81705 67.55245
76.355484 66.93092
77.689896 66.75401
77.93605 66.25344
77.93608 66.25344
78.20679 66.86523
76.057076 65.81808
76.30642 66.79905
76.074585 65.87425
76.96656 65.88421
76.46998 65.9609
77.28623 65.89172
77.68314 66.82283
76.999405 66.774254
77.031425 66.767944
78.408646 66.53355
77.545685 66.4635
76.7068 66.80835
77.27583 66.806946
76.210434 66.67466
76.881 66.19162
75.88041 65.82351
78.32526 65.810394
76.8086 65.98769
77.367516 66.03145
77.3675 66.03148
77.72348 66.76944
77.7235 66.76945
77.755585 66.763084
78.55521 66.75379
78.58719 66.74746
77.846466 67.77697
77.79337 66.861046
76.85874 66.70378
77.365875 66.80587
77.397896 66.79956
79.006996 67.23303
77.21563 67.11908
77.21564 67.119095
76.03772 66.42511
77.40097 66.52083
76.28551 66.1315
76.28551 66.1315
77.06711 65.91953
78.71016 66.9584
75.711555 66.16531
75.74362 66.15906
75.743675 66.15906
77.41165 66.23517
77.40667 66.23396
77.4067 66.23399
75.822716 66.29313
75.505806 65.98246
77.59323 66.98785
75.82202 66.20388
78.12479 66.66607
78.12473 66.66606
78.87528 66.61705
80.25774 66.581375
78.92073 66.59639
79.07845 66.5197
80.40276 66.84272
78.36727 66.61497
76.61972 66.7431
78.36192 66.46709
76.161354 66.42673
78.25143 65.87243
77.576836 65.79605
77.57689 65.79594
76.90223 65.71955
76.158875 65.82111
75.4843 65.74473
74.71308 68.187836
73.08142 71.09067
72.60431 73.543945
72.08299 76.162056
71.31026 81.062096
70.62605 84.513824
70.13504 87.05139
72.01233 91.381226
72.01233 91.381226
71.53522 93.83453
70.26761 96.91727
69.0 100.0
