100.0 100.0
200
25.882061 23.536562 4.4034233
15.935243 53.358402 0.18631025
33.83795 22.44592 6.2793274
36.301773 66.28565 2.1902068
31.870514 16.569197 1.0441911
55.079025 25.186485 4.4235277
38.897522 57.65857 6.994458
74.22976 97.385254 1.2558291
81.128105 24.839775 3.6163933
43.689526 33.00661 4.8973
82.40597 29.363178 0.34792656
42.19726 91.18545 1.4358352
58.342663 63.355213 3.8593714
77.40921 53.825813 3.516443
19.641396 52.316097 6.652588
79.763794 20.35374 6.2290163
95.399864 33.87007 2.7740204
81.81284 2.2598033 5.610422
49.28186 15.4490385 4.133946
2.6976466 56.3226 0.18893366
37.276627 7.648034 1.4547654
3.6212616 65.661865 0.31631348
32.97852 93.135185 4.57846
55.168198 0.21098429 0.04065414
91.79891 94.47114 6.3463345
89.386734 90.25794 2.78416
79.839584 1.9556998 6.2398252
77.393555 11.317468 6.963747
91.06813 5.5720882 6.9415317
58.17186 55.65934 0.80656725
16.830982 11.903949 2.7201164
97.93538 99.85874 2.431594
19.997221 81.62875 0.73537
13.16022 51.72576 5.9171886
41.523743 14.432142 3.144355
16.78635 15.423162 6.735824
34.77007 2.8904889 4.0254683
60.91349 39.64971 6.543635
51.086952 4.1230383 3.3605714
10.6028 22.847513 2.9140606
5.4400992 86.10663 3.8409765
69.69788 33.732388 1.4443337
54.115417 52.050396 1.8854421
3.9435267 7.5665693 3.904253
68.68791 59.543633 0.2879018
76.5297 61.85189 0.29754
41.17293 93.83529 0.21897094
66.87394 20.544498 0.5502864
69.663376 61.743847 2.0162966
96.18779 20.397087 1.9762919
95.65812 44.785213 0.13932872
33.36196 64.49114 0.5276308
8.123751 19.172035 1.395992
23.777908 94.092026 6.1584606
32.29638 23.359575 6.9079924
51.247746 22.466007 6.3064075
61.851723 18.782053 2.5873818
25.64449 16.882387 5.5496564
70.71795 70.09388 0.5408955
38.324158 4.151558 6.149962
20.78131 57.222534 6.72015
92.65832 16.941147 4.0926976
52.89061 84.35736 2.5867553
40.969604 13.96204 5.602998
14.887001 92.68541 2.256922
54.578983 54.997227 0.19537562
73.78171 22.251776 5.180507
25.471159 75.874535 3.4633434
73.79407 78.72242 0.68488526
57.229786 84.048805 2.7136984
1.3768449 56.184856 5.567448
51.44595 97.00805 0.37988883
98.16393 50.04211 2.5138257
43.326065 74.12049 5.3066382
30.883018 0.28919923 2.2099247
25.785559 62.82062 0.766204
55.19537 82.82254 4.1842976
83.67748 64.91686 1.8472726
2.5975795 19.789347 3.9590764
63.124996 74.582535 1.9704821
46.384895 76.293625 1.6283888
68.11851 97.94924 1.9912705
6.98887 8.5463705 5.3931293
24.678904 93.95859 3.6690366
25.91189 84.75836 4.554547
33.40215 97.22944 6.3148565
71.17092 9.495214 0.16318421
10.237631 47.989094 5.3395305
19.386429 19.226313 3.9270575
46.67851 62.776123 6.829087
51.27749 82.216034 6.2474785
66.41016 50.09691 4.7739687
99.0309 69.95706 6.9130306
73.34704 35.63352 6.2346597
80.567345 1.8932695 3.17409
79.71545 4.517466 5.778418
51.797318 24.379648 3.8112898
10.558488 26.606907 3.2212381
20.193552 23.87684 0.13642351
2.6252322 98.50629 0.11018521
40.166924 45.628994 2.1476166
65.50615 5.549267 1.0477624
10.918255 52.69648 6.1801314
77.05688 77.030815 3.9732535
50.981094 28.776434 1.4117812
58.706738 29.441805 6.8164496
70.07768 33.935776 3.297105
13.402425 13.312501 4.9441333
19.234764 49.323673 0.46917784
50.5662 11.179772 4.4146914
66.43011 88.855835 1.912603
26.897894 30.414825 6.4636245
26.275715 83.6625 2.852332
73.75759 60.463135 3.3281434
39.234688 95.09414 5.3144426
84.814514 52.140705 0.20159541
59.823734 84.60297 5.2267947
33.924824 92.38721 6.0977507
90.7982 66.44194 0.54551744
80.56013 99.32923 1.8936597
61.008743 76.2569 4.836884
6.351643 51.697117 3.4167938
12.528564 70.42921 5.9879265
2.6755197 71.4503 2.1381395
28.661684 90.188576 5.6273823
56.89868 96.50562 1.9453378
57.191174 30.79128 0.71201783
50.89738 23.363491 3.1220775
8.1385975 54.85834 1.6687666
33.378345 18.94904 0.20346361
63.972183 36.442307 5.8781204
95.8286 68.6138 6.0751147
23.357708 48.676136 3.1001263
81.78784 5.470084 2.1267233
80.21009 6.190173 2.3722122
91.340385 11.515752 3.204191
67.65063 69.029564 3.8629508
16.401527 10.4486885 5.40332
43.315746 97.46442 2.066973
90.0513 87.0634 6.9802737
20.718914 33.174732 0.3010021
59.596474 67.8579 3.8292305
33.715424 50.925507 2.8423972
82.15006 97.88772 4.4863796
90.021416 81.98857 1.2201151
63.67776 54.68693 4.022035
21.330435 48.13122 0.8193339
59.40528 90.7562 1.4152722
47.449196 61.02873 6.163775
86.624954 29.559513 3.724491
56.560585 61.86792 6.277084
64.53126 99.618164 1.5623254
43.155556 5.774209 5.5955863
36.108204 72.374504 3.04332
26.332317 33.242603 2.892667
33.64005 17.791376 1.8967061
36.95699 12.107728 0.97126853
98.844864 47.825035 0.6364217
3.0724971 51.871487 3.2829325
57.43162 67.36379 4.6303463
10.196123 1.2231199 1.6167258
43.17643 63.31051 6.5524497
69.49649 62.20487 1.2077489
60.07341 41.252483 1.0230085
93.3242 6.010852 5.1443224
28.94574 0.36716363 2.0007992
45.577766 37.173187 3.1376495
19.5545 1.0785105 6.862463
67.513435 32.296276 0.27908772
43.417908 36.210804 5.288486
12.672552 93.41944 4.465229
56.216404 82.243164 2.8064506
45.219868 97.92323 4.3257337
43.201366 91.04168 0.89478046
47.38712 23.656303 5.287096
4.350016 51.440964 2.7483535
52.986332 42.8254 2.68469
82.24128 91.21551 1.6970025
48.72982 20.427717 5.0712357
84.286194 82.63646 5.5176487
88.679825 45.785336 3.3726234
72.843376 27.374096 0.63444823
91.4214 24.303654 4.4002986
35.51515 18.034964 5.0111566
58.40589 6.3131003 6.174987
76.97715 76.86983 3.1654758
79.93451 56.349617 1.419794
71.6578 85.265945 4.999392
95.217735 66.889915 4.063039
91.45121 57.854225 1.1894356
6.0891795 60.409775 1.2747575
20.831429 15.298523 5.6071157
2.4536798 93.01525 1.7566476
36.8671 9.854153 5.2651
39.490738 29.161865 1.17063
38.243927 49.15106 5.837278
54.682743 37.00674 2.6712456
19.970037 90.48 0.94590926
91.10892 76.14563 4.3033752
75.99804 6.324735 4.517345
5.0
20.0 0.0
69.0 100.0
100.0
50.0
521.60803
200
20.0 0.0
18.921467 2.9573295
17.844505 6.8542852
17.383095 11.114937
17.383095 11.114937
17.446857 11.968292
17.446857 11.968293
17.303942 12.390581
17.471048 13.001414
17.268433 11.755167
16.403198 12.419189
16.65373 12.938596
16.653728 12.938601
16.653723 12.938601
16.486624 12.327765
16.653732 12.938594
16.924267 13.362085
16.950796 14.108696
17.538649 15.602991
20.473772 15.610285
23.408903 15.617586
26.34403 15.62488
31.126808 16.878525
33.845596 17.73021
36.564392 18.581894
39.28318 19.433578
44.00518 20.769707
46.580856 21.547941
49.156532 22.32618
51.73221 23.104416
51.767212 22.93902
52.413757 23.414595
51.349808 23.843245
50.954666 23.768702
51.14807 23.826706
51.34147 23.884712
52.428604 23.855207
52.220272 23.43276
52.220276 23.432755
52.27304 23.113129
51.488403 24.567352
51.612034 23.10637
51.62663 23.101534
52.33145 23.155397
50.925842 24.398312
51.2251 24.560295
52.338696 23.718775
51.9459 23.553896
51.948036 23.528498
52.102333 23.515673
52.647385 23.565945
51.958923 23.347607
51.958923 23.347616
52.113186 23.33479
51.263172 23.010765
51.56243 23.17273
52.320774 23.485296
51.488976 23.268068
51.78821 23.43004
52.19719 23.609146
51.03389 23.773483
51.0339 23.773485
52.568447 23.631414
51.5202 23.113298
52.390335 22.978773
51.45979 23.112196
52.32993 22.97767
51.544586 24.138144
52.25499 23.89974
51.396748 23.832733
51.413963 23.309322
52.27291 23.032122
51.41465 22.965117
52.2736 22.68792
52.085842 23.583206
51.858578 23.249563
51.20253 23.54176
52.45435 23.569653
50.907795 23.72831
52.159622 23.756203
51.224583 23.952318
51.998768 23.59487
52.433514 23.518705
51.448406 24.432081
51.88316 24.355913
50.78249 24.235415
50.99782 23.861261
50.997845 23.861277
50.997814 23.861284
52.234436 23.665209
51.332096 23.662216
51.12575 23.654953
51.92977 24.243668
50.783276 24.235563
52.25394 23.851871
51.149193 23.44599
52.26975 23.48689
52.26972 23.486883
51.76679 23.26084
52.234234 23.079782
52.23422 23.07978
52.246334 23.075434
52.610905 23.097307
51.50288 22.633356
51.631287 24.13387
51.98984 23.384192
51.639046 23.420055
51.639065 23.420053
52.60911 23.666248
52.609104 23.666273
50.834103 24.386288
51.263298 24.13824
52.643333 23.308079
51.78802 23.62787
50.95046 24.065472
52.42644 23.745716
51.47615 23.880543
50.96366 23.858053
51.802513 23.344559
51.74108 23.334753
52.1529 23.423141
50.966736 23.597773
52.26037 23.68109
51.949074 23.54407
51.94909 23.54407
51.88766 23.534277
51.949146 23.54407
51.972744 22.894665
51.251083 23.13809
52.174526 23.653902
52.174507 23.65391
52.328094 23.814539
51.60644 24.057972
51.60644 24.057957
50.98112 23.853434
50.981136 23.85343
52.328907 23.189734
51.089886 23.920269
52.44795 23.623224
51.20863 23.43056
51.92273 23.469759
52.358513 23.602676
51.334393 23.799686
52.01711 23.711472
51.009937 23.827763
51.864044 23.647644
51.863976 23.647655
51.701565 23.825855
51.080254 23.59222
50.910816 24.411528
51.439297 23.331524
51.669228 23.143677
51.42801 22.736176
52.37057 22.495062
52.046494 22.425962
51.72422 24.339863
51.191055 24.43372
51.191017 24.433733
50.997185 23.909706
50.99719 23.909704
50.997196 23.9097
51.938503 23.030241
51.614437 22.961142
51.71366 22.833984
51.919876 23.66788
51.91989 23.6679
51.186222 23.480316
50.723824 24.531563
50.723827 24.531563
52.559956 23.438591
50.962833 24.610325
52.905323 26.939594
53.185787 29.636925
54.256573 34.49248
54.492546 39.394997
55.033012 41.780838
55.35795 42.272987
55.59392 47.17551
55.82991 52.07802
56.110367 54.775352
56.390823 57.472687
56.671276 60.170025
56.95173 62.867363
57.232185 65.5647
57.232185 65.5647
58.408825 67.66803
58.902733 71.15115
59.30285 76.1363
57.06049 80.25636
55.053547 84.72781
55.053555 84.72781
55.053547 84.72781
55.05355 84.72781
57.55288 84.614746
58.857033 86.8526
60.11332 89.794586
64.3888 92.30188
65.85058 94.46911
67.69585 97.76216
69.0 100.0
