100.0 100.0
200
13.981461 40.299995 6.4883885
92.43699 63.81742 0.8883762
82.60197 16.180117 3.7684572
44.250347 34.75943 0.6593858
37.53501 21.887798 5.221903
0.7857278 27.489449 5.039515
78.502106 57.833206 3.778508
83.994026 49.89694 2.3956125
70.45213 74.95757 6.3486724
60.233124 45.763016 2.5726864
94.37734 66.20927 0.16452894
60.605316 17.308834 0.2565633
38.013584 76.28378 6.70858
69.62221 96.91264 0.09066614
1.3525909 93.865486 4.275343
73.14805 97.30406 0.524296
14.519604 67.475365 5.591772
46.590504 5.1490235 3.4758067
55.52825 78.96894 5.417242
40.767864 63.081066 1.7137946
43.743423 65.53079 2.686435
52.79304 6.193333 4.5912137
55.03382 19.416084 4.2155395
97.61888 24.263737 4.0457897
39.15358 66.706696 0.61602247
36.31088 54.49191 1.827826
26.296124 44.331474 3.157276
51.844223 64.44382 2.8953826
56.731297 27.898783 3.8897796
76.38735 28.048971 5.779979
79.46553 47.022823 1.1992569
66.68436 7.1328588 4.4021664
38.415752 29.30969 1.0586306
36.544853 15.179144 4.3399897
95.96491 96.734184 6.150684
35.692684 46.915226 2.7853646
21.342041 18.806791 1.9842632
15.809772 94.397675 6.287405
28.62654 66.48849 3.6396706
96.27383 48.6825 6.074259
70.8916 16.463339 4.8075547
58.333794 93.26968 2.1563559
74.19765 81.926506 0.4895541
75.45726 13.127409 0.03061759
95.5918 58.6941 3.3740323
41.596813 3.8153615 5.6435165
61.729233 62.39112 1.0462958
14.559541 29.706749 2.9249694
82.40887 44.708527 4.2351155
29.63819 96.14262 0.87134546
71.632545 81.960976 4.5853148
86.45901 87.83749 5.5294166
91.446526 58.731438 1.6063724
10.24564 99.3671 5.451336
18.877678 42.672386 6.198252
30.84679 9.474231 6.5314665
7.351384 57.306305 2.805476
72.66917 77.741806 6.9580636
19.817924 53.576397 3.2215493
2.469023 4.500585 2.4593987
81.33737 95.67708 3.206136
49.483776 9.799166 3.2879224
5.6173635 44.431454 5.1640415
9.933802 37.638794 6.871416
43.065224 6.619883 0.8887732
36.540245 13.399128 0.55090356
8.917965 51.931103 1.4554157
4.7202425 59.193577 6.8078256
78.1833 8.499991 5.218556
21.186754 98.953995 1.9469494
97.652725 88.189415 1.0472604
93.148636 24.765919 3.475454
47.07417 73.797386 2.076623
8.862715 80.98618 3.280829
72.254944 64.36002 6.7202377
4.004384 79.734184 3.5422432
78.822014 89.86598 0.4665717
96.8352 96.1777 2.8447556
58.658028 73.43321 5.7917814
73.462616 87.45262 6.8114414
65.072174 70.459076 6.53686
47.920815 82.44166 2.772863
9.668722 45.45144 1.0765657
63.845856 6.676777 0.041068323
30.891659 6.2124867 3.5375993
64.993614 56.428127 0.27605832
51.53778 29.198267 2.3652732
81.42851 42.121216 3.225595
70.9429 34.17592 0.96980304
21.481766 93.55087 1.4826908
46.87046 52.26745 5.184978
59.04627 41.484528 3.2913406
22.87859 95.92395 0.8047
31.790419 60.761265 4.7260175
90.70494 63.80548 0.15654658
84.196526 60.951145 1.2314315
73.36989 30.265375 2.5339985
16.120977 76.2145 5.772926
4.445252 22.966928 1.2311248
71.85117 89.57684 1.654815
0.25078243 91.06202 6.358404
44.781754 65.87467 4.6221128
91.93811 56.630875 2.4700503
47.522346 6.077903 1.3095057
97.9454 63.82612 6.696302
67.1741 30.334654 1.5094558
34.91688 71.43049 6.7219877
49.604843 87.13186 6.7037697
38.33161 15.203416 3.5779762
31.891535 10.41903 3.742289
80.15347 44.95516 0.57995665
37.49882 72.13471 5.659267
26.062445 12.984867 3.3293278
22.06538 4.869894 2.9944382
93.32824 31.733934 0.7920599
69.0296 20.485462 3.7343454
79.835464 26.193302 4.204706
10.335765 78.852066 2.9850912
70.982956 47.515755 5.9166164
82.7165 54.439808 6.5289154
72.28119 61.03667 4.528714
74.805695 10.564385 6.744877
52.112003 69.4703 0.40912095
4.1926746 69.71167 2.077934
83.78445 0.03301626 2.194838
62.561295 73.704216 5.3530135
62.386726 22.365065 4.5997705
34.688145 96.64122 6.839963
3.299688 76.52421 3.553302
3.9037793 38.342037 1.4743644
0.6288619 24.97974 6.65152
39.80687 52.4935 6.250071
66.85455 48.688454 1.3260497
42.25756 35.25107 5.802051
9.646704 41.02674 4.7057586
1.6585345 53.420856 0.8202744
16.12873 8.322194 2.0032544
42.79069 74.37297 0.6404349
80.63424 95.51275 2.0423412
64.7504 24.699133 2.3014917
44.059975 24.329046 1.5089265
64.434364 86.74494 3.0684445
40.98681 29.735367 0.3600563
34.363026 39.93098 6.262689
10.57123 12.4696665 4.8443003
10.1202135 62.367477 2.0811317
38.09963 58.22397 5.770565
66.586754 97.16516 1.4674444
24.075983 45.387096 6.0136666
17.399565 12.546532 3.6978652
75.74657 41.745407 1.9818425
26.89731 29.988857 2.8358815
90.63912 6.826051 0.16069998
93.976814 43.73187 1.5817508
56.260902 72.672325 2.5053084
39.4174 25.056782 4.3490634
55.423435 69.86344 1.3622906
23.217688 90.717155 1.2728043
13.496499 6.3015637 5.773879
12.615408 4.6888742 2.5899534
21.104065 49.61606 6.5751963
2.0980306 77.83076 2.686372
56.49337 88.18772 3.4164565
10.607849 92.82424 3.4045355
69.19227 43.497753 2.4579222
66.88369 66.88313 5.260678
26.726952 88.875435 0.84885293
16.884201 42.006752 2.4213138
73.972916 9.574032 4.1111283
50.69957 54.74211 3.698666
39.622375 7.055416 6.953475
74.79211 44.205585 0.47800013
48.966564 15.770378 6.625238
16.005749 34.46611 6.988172
60.766357 24.692337 6.212422
13.590179 93.166565 2.7897215
47.30515 20.700096 2.8900495
41.37907 8.564208 1.602595
81.568115 58.966183 3.9039147
83.08098 65.937546 2.4505613
90.130424 72.20763 3.619983
55.25681 2.68661 3.9866123
34.390675 22.397264 5.183566
97.51767 92.018906 3.4149387
78.44632 57.598484 6.457602
19.868504 14.537618 2.5760162
30.794615 17.583742 1.2541057
42.576317 62.829597 1.8604912
31.781765 91.123436 6.330482
0.22650021 81.0927 4.3486414
0.1725661 22.940533 6.724437
73.09774 72.43733 5.0212655
23.440374 50.98266 5.711072
81.105286 6.9808564 5.8688216
19.885502 88.39053 2.406751
47.12661 49.63078 0.50864273
33.060165 99.74773 3.8403606
84.58362 8.741851 0.78825974
84.98716 57.401226 1.5747604
15.563095 76.78017 6.445289
5.0
20.0 0.0
69.0 100.0
100.0
50.0
426.63318
200
20.0 0.0
18.811274 4.530521
17.035496 9.003944
17.035496 9.003944
17.035496 9.003944
17.65972 8.869581
17.659718 8.869579
16.245758 9.870142
16.245747 9.87014
16.210178 9.902215
16.245754 9.870141
14.383865 11.350193
15.245014 11.427555
11.705534 13.924501
8.166055 16.421448
6.0690804 20.75379
4.3604784 24.177708
4.3604784 24.177708
4.3604784 24.177708
4.360479 24.177706
4.360478 24.177708
4.245335 26.417461
6.128953 28.646238
8.104133 32.871063
10.089268 35.551517
11.972887 37.780296
13.856511 40.009075
13.79042 40.251926
13.79042 40.251934
15.488776 40.971386
13.761496 39.71496
15.125978 41.139
15.125975 41.138977
15.124174 40.742928
15.124181 40.742928
15.609533 40.807827
15.4203005 40.648582
13.693022 39.392174
15.8518505 40.27158
15.851852 40.27158
15.331032 40.170017
15.474621 41.303364
15.474623 41.30336
13.846836 41.059006
14.12383 39.89719
15.269578 40.364723
15.556798 40.633774
15.021836 40.48176
15.625694 41.26457
15.769851 41.256935
13.614641 40.271194
14.938232 40.93308
14.183813 40.855274
13.177967 40.718082
14.959454 40.94666
16.128984 40.48882
15.374565 40.410995
13.229376 40.738533
13.229382 40.73855
13.282993 40.457867
13.2829895 40.457855
14.224199 41.19376
13.417187 40.934994
13.417183 40.93498
13.670954 41.04328
14.706766 41.148087
14.240767 40.169247
15.320814 40.49975
13.94772 41.118755
15.1299715 40.794064
15.13063 40.794167
15.274789 40.786507
13.355804 40.235573
13.871471 39.19095
13.823349 40.483646
13.225472 40.459415
15.316654 40.574226
15.570427 40.68254
14.065815 40.304974
14.065817 40.30498
13.553053 40.39275
15.890026 39.802647
15.821615 40.443733
15.126619 40.48458
14.066872 40.619198
15.625534 40.844055
14.120925 40.466526
14.284267 40.532745
13.307015 39.99924
15.702858 40.697647
15.277341 40.791756
15.27734 40.791763
13.926748 40.87723
13.501219 40.971336
13.501223 40.97134
15.718962 40.891273
13.942574 40.654198
15.434299 41.40525
15.434299 41.405247
15.633316 41.341984
14.03961 40.322445
13.145009 40.34377
13.724119 39.86208
13.72412 39.862072
15.232412 40.431454
16.143023 40.474125
15.712265 40.268806
15.712265 40.26882
13.257288 40.125328
14.0781 40.77906
13.412939 40.435394
13.611955 40.372173
14.005098 39.36196
14.005102 39.361984
16.14995 39.70226
13.694973 39.558754
16.058882 39.981167
13.677572 40.137474
13.948519 40.116444
13.323965 40.316036
14.310888 40.45392
13.197683 40.25531
13.373875 40.222965
13.373867 40.222942
13.226189 40.78518
13.226191 40.785156
14.330223 40.89877
14.33023 40.898777
13.963512 40.726273
13.194489 40.50184
13.19449 40.501827
14.202372 40.28427
14.954666 40.805527
14.140471 40.238106
13.446961 40.905952
13.446966 40.90596
15.724876 41.057087
14.739582 40.942986
13.802736 39.533134
14.697416 41.029755
18.166683 42.396557
21.635952 43.76336
23.713493 45.39416
25.791035 47.024963
27.868572 48.65575
29.946121 50.286564
32.023655 51.917355
34.101215 53.54816
36.17876 55.178974
38.46516 56.411594
40.542713 58.042385
42.62025 59.6732
44.697803 61.304012
46.77534 62.934826
49.06175 64.16748
51.348133 65.4001
53.634525 66.63271
58.37292 68.21835
63.11133 69.80402
63.11133 69.80404
63.11133 69.80404
67.55998 69.42721
70.22084 69.38205
71.33952 69.653
69.925644 69.16754
70.405624 69.10034
71.3192 69.3851
70.10036 69.38271
70.46909 69.27559
70.46912 69.275604
71.494316 69.33591
69.521 69.31702
70.50276 69.28886
69.69361 69.23843
70.41212 70.42239
70.39029 69.88489
69.10879 69.76716
69.108765 69.76719
71.232376 69.33586
71.08043 69.35335
71.080444 69.35338
71.080444 69.35339
70.300995 69.16282
70.48034 70.623604
70.22 69.64597
68.86894 69.818565
69.4745 70.21208
69.4745 70.21202
69.474495 70.21199
69.32257 70.2295
69.19986 72.79674
69.07713 75.36397
69.15791 78.116295
69.23868 80.868614
70.173706 83.55362
70.05097 86.120834
71.063774 90.92894
71.144516 93.68125
70.07227 96.84064
69.0 100.0
