100.0 100.0
200
53.997692 50.85682 6.4852858
93.3456 9.787806 1.396702
86.89239 45.297092 6.1303735
97.49076 55.822758 1.0588372
69.5079 72.54079 6.022899
20.854496 9.687678 5.3452983
85.11463 99.56869 0.9871583
32.820778 81.307106 2.8654828
13.785205 64.96816 1.9869987
31.097244 70.74849 6.0679073
26.82855 97.09897 4.8045254
88.59144 1.5415561 0.376374
59.658775 36.807823 1.3038839
51.08027 18.131184 2.6322103
86.74374 51.879425 3.7080748
33.358067 98.53127 0.2477872
99.07142 99.59716 5.99143
67.3526 98.50311 0.9391707
10.989173 7.2351184 4.6635303
13.564856 91.79043 6.116927
29.429712 32.690456 6.8402576
51.728344 91.03822 1.2837597
87.89336 12.5619335 3.4242852
34.83027 3.697652 5.9081254
26.264645 77.00709 5.2833586
36.67106 83.12338 0.26771778
82.70716 92.014336 0.24460754
58.48728 96.00175 4.306607
55.833416 8.75918 6.7889833
24.068146 99.18736 5.0734468
71.03106 41.338383 2.2791076
68.20766 98.266396 4.252266
69.510735 85.59434 5.2503486
81.525444 52.449528 5.9267426
86.58623 67.88458 2.6715775
9.667513 96.879105 4.3542914
18.06488 64.63336 3.407426
80.323845 22.42963 0.25193942
4.8192825 92.799545 5.234833
0.59446126 18.99891 1.5179604
5.393426 25.657005 6.89193
20.20454 30.770952 2.732905
93.64681 53.24654 2.3855007
55.834972 81.14545 5.179595
10.351044 38.596252 3.6236389
16.418564 1.1963019 6.617046
51.187 29.584497 4.31236
24.909658 71.21821 2.0647027
25.67222 65.60491 5.856823
10.299566 98.27348 0.9701233
96.36536 97.910614 4.8028646
20.70018 31.526867 1.5960369
44.05129 12.394338 4.548034
18.633564 33.536186 0.7433162
54.86118 76.49173 3.449685
27.705862 69.87206 4.089177
36.45729 79.44178 1.0245826
63.521877 37.451077 3.939889
3.5350637 87.94845 1.2177627
50.693764 60.06954 2.867775
93.139175 65.85487 5.3261285
70.30728 59.69699 1.5594109
24.567898 68.767204 6.3235083
26.47028 20.301626 0.9215715
22.315567 47.495785 5.484981
5.580937 54.321247 5.498221
98.38497 36.780476 3.7029748
5.0547023 8.817766 6.8084674
16.681177 57.804306 4.334587
10.758753 59.047756 2.0443852
32.63721 84.73388 5.8073325
14.318957 13.314277 5.086264
3.9281514 94.17643 0.8865771
58.239117 26.456594 4.8255057
97.18399 87.33837 6.2345886
1.4587628 81.59334 5.647268
0.9447618 28.774895 6.6065884
72.58571 3.9526966 0.053297404
74.05162 82.252205 1.5997761
22.719275 59.137356 1.244954
10.076447 89.99382 1.0253639
16.453861 3.5486252 2.1178465
37.62827 84.044525 0.76578087
21.055042 95.109215 2.1496499
75.31603 49.148266 4.5375586
53.35966 20.051554 0.17805362
32.06487 88.2329 4.9484205
23.75546 31.087845 0.9811246
67.92284 88.1905 3.2250373
62.718 8.455681 4.487193
8.66234 1.1601086 3.5076008
71.1114 52.92529 1.1497203
43.28624 48.70175 1.3686267
30.518755 66.27758 5.101163
45.386013 33.560585 1.317369
96.4881 20.333345 1.1318105
33.771492 69.10665 6.522339
6.3153853 63.45319 6.112389
11.018666 63.769306 5.238073
79.45887 9.809348 6.725848
17.376783 66.9972 4.6726837
48.943577 22.85145 6.1080813
41.57299 66.33119 5.3007936
1.1508814 39.94093 1.025945
24.745893 89.82618 5.914102
78.22174 23.702412 3.594417
35.674984 87.28926 6.0556703
15.570752 91.90352 2.7329085
28.014053 41.681705 5.0767145
85.292015 47.427834 6.2880826
91.71079 79.25598 3.0700986
14.276647 96.51292 3.548144
95.101776 42.734207 1.9470298
61.799545 73.78293 0.5365037
67.62526 54.92354 4.619174
86.41357 31.71449 6.2921157
10.038117 86.55589 0.74411935
94.66637 85.54127 2.474103
93.661 33.44158 6.15893
23.349436 74.09251 6.412603
70.207855 9.355688 0.73691547
49.26105 74.49447 6.5933743
48.837555 26.911667 1.5731752
51.165382 10.345269 2.1333816
63.733543 73.20777 2.7120233
44.589077 46.49869 5.148759
55.162918 88.51811 6.4381104
74.240616 46.687206 2.4038434
73.5712 79.24056 1.0909086
43.104767 38.02523 2.6138358
73.03097 13.767907 5.546941
36.511147 81.5669 6.3853154
59.0059 97.10875 6.0311165
37.573254 81.898445 0.37675712
23.840544 24.256474 6.7116857
10.504356 4.7041984 1.6193875
35.660328 28.712385 3.7746143
56.36874 30.006868 4.0369973
58.943737 19.949688 5.8340983
45.495007 81.29049 5.5144353
39.594093 93.32339 1.7893523
82.789734 38.018864 6.313155
85.72576 44.390896 4.475616
28.581495 79.81954 4.93398
91.68616 42.005524 6.1152134
16.58765 47.930103 0.39481664
9.085977 46.549305 6.6115637
52.83669 23.742966 6.62786
72.00656 92.39553 5.515872
48.454674 7.414474 6.982459
36.244637 19.344555 4.022245
10.090598 45.311607 6.995823
66.9394 60.680256 6.062463
11.791048 49.880676 1.6222998
39.573017 55.662125 4.338376
5.2017283 9.174643 0.2726854
39.19846 98.5408 6.157815
89.58992 70.18359 5.8252873
32.732086 24.943495 3.2465398
49.671265 65.67945 2.0623472
18.752985 69.22556 5.541344
77.7365 45.571552 6.8815618
91.519135 31.050375 6.7885637
60.15472 46.231945 3.1904483
18.867327 94.99921 6.800209
41.742954 23.52854 5.967344
78.43957 27.99824 1.2141862
80.28701 83.4379 4.886365
16.65865 4.4362016 2.4232976
99.83413 42.19551 3.7670844
99.63643 68.593575 3.0169022
43.420284 90.21599 0.21653515
17.63621 9.281311 0.5579284
87.09409 42.417957 3.2797039
2.6810687 5.8325405 6.786982
37.493774 91.3339 5.6730185
62.839474 40.48364 5.717391
30.887827 39.701 0.07690116
77.130005 47.795124 0.43240294
31.628159 51.31551 2.6520746
38.316315 10.077787 6.6087427
47.12561 51.380722 6.069915
31.224588 62.445232 2.367571
4.9349537 65.862175 3.8437657
90.5433 46.589714 3.6384332
49.853897 42.70485 2.808055
94.708046 30.298988 0.061589666
84.92681 80.55236 4.979805
71.895096 57.794262 6.1577706
71.68088 95.71159 4.670184
65.27952 62.00382 6.1234093
9.234908 30.873531 1.9657055
48.716927 11.857355 2.0459607
72.29904 34.39668 6.6645775
2.5341966 14.961372 6.022104
63.71432 58.608135 3.745605
16.881235 69.02229 5.2261915
49.80103 89.65123 4.2719245
90.454666 90.78741 1.8789612
48.530483 61.265373 4.732873
5.0
20.0 0.0
69.0 100.0
100.0
50.0
587.4372
200
20.0 0.0
15.608648 2.4090192
10.853914 3.725748
9.08264 4.153463
9.082641 4.153463
9.036797 4.1692586
9.036797 4.16926
9.036796 4.16926
9.03679 4.169261
9.036792 4.1692595
9.036793 4.169259
9.807842 4.056392
9.204861 4.101904
9.233522 4.1265607
8.585164 4.023253
9.13844 4.013455
9.138439 4.0134535
9.121453 4.039963
9.121452 4.039962
9.212751 4.0362597
9.21275 4.036261
9.21275 4.036262
8.930771 4.6387334
8.976418 4.6368847
8.976418 4.636881
8.267204 7.203764
7.3221407 9.716616
5.008333 11.868561
5.3711004 14.968693
4.0639305 19.609226
4.0586543 23.02614
5.116634 25.499434
5.111361 28.916336
6.367779 31.975384
7.737859 36.200935
8.676942 41.101055
8.676942 41.101055
9.734925 43.57435
10.792897 46.047626
11.850875 48.52092
12.908851 50.994217
14.647316 55.02089
17.123245 59.100452
19.15097 62.789135
20.613388 65.5323
21.671371 68.0056
26.543037 68.95769
27.407875 69.322266
27.826187 70.33002
27.70449 70.20935
28.03991 70.21434
28.145098 70.43538
28.341406 70.80327
27.37068 69.66325
27.849222 70.23574
28.638878 70.58899
27.580887 69.47565
28.248535 70.375145
28.145817 70.07659
27.421753 69.230385
27.859413 69.81638
28.33796 70.38886
28.33796 70.38881
27.756891 69.691414
28.063902 69.86032
28.527718 70.500824
27.692251 69.465965
27.503143 69.417915
27.575943 69.90722
27.386955 69.42173
27.50228 69.729546
27.785154 69.513145
27.785147 69.51319
27.50147 69.409996
27.501472 69.40991
27.501472 69.40991
27.63713 69.55206
27.898804 69.99282
27.739471 70.0685
27.8563 69.82528
27.79918 69.81535
27.383429 69.79123
27.432035 69.84678
27.432026 69.84682
27.499653 69.97712
28.503033 70.42793
28.343697 70.50361
28.551758 70.47463
28.392433 70.55039
28.600498 70.52153
27.491623 69.938126
28.50298 70.42788
28.628067 70.46551
28.615522 70.61237
27.506647 70.02899
28.373154 70.32529
27.267937 69.261536
27.72348 69.70327
27.405106 69.80326
27.994637 70.6862
28.152298 70.643234
27.715229 69.51994
27.396854 69.61999
27.793484 70.50327
28.041414 70.71161
28.235043 70.37755
28.374783 70.13761
27.944996 70.61378
27.8904 70.18079
28.130535 69.89494
28.102299 69.89891
27.686605 70.21313
28.24383 70.28048
28.116022 70.42406
28.058908 70.41413
28.61613 70.481476
27.527092 70.316505
28.084312 70.38385
27.972588 70.36185
27.97258 70.361824
28.023354 70.55225
27.965698 70.02031
27.663902 70.195274
27.438244 70.19472
28.063404 69.759636
27.991886 69.99221
27.662254 69.962494
28.219475 70.02988
28.123539 69.94218
27.79474 70.38707
28.024483 69.79789
27.928564 69.71016
27.702915 69.70967
27.606998 69.62194
28.411524 70.34492
27.693357 70.11585
27.696022 70.11605
28.392975 70.26106
28.08406 70.44356
28.40283 70.48126
28.40549 70.48145
28.405499 70.48143
27.687325 70.25236
28.283817 70.04567
27.40517 69.83121
27.394682 69.301895
27.459452 70.15166
27.345901 70.223495
27.345882 70.22341
28.364662 70.62209
28.327106 70.62262
27.396828 70.25001
27.493038 70.19303
28.272554 70.06738
28.27256 70.06735
27.581873 70.18275
27.370066 70.12446
28.192902 70.532005
28.65038 70.55663
28.650389 70.55662
28.67408 70.5395
27.9767 70.68225
27.899195 70.151
27.47236 69.749084
27.594513 70.40859
27.740671 69.69507
28.525608 70.39634
28.418804 70.409615
28.44246 70.392525
28.335644 70.40574
28.33564 70.40574
28.298082 70.40626
28.247244 70.20477
27.76899 70.06262
27.473015 69.67543
28.603281 70.49517
27.641684 69.8661
28.507336 70.407425
27.545742 69.77837
27.518078 69.22275
28.490116 70.302124
29.000706 72.611664
29.232552 75.429634
30.84404 79.40019
33.10769 80.52834
35.045258 83.07771
37.264168 84.477486
40.883305 84.81152
44.50244 85.145546
49.07448 87.13029
50.89081 90.97478
50.89081 90.97478
51.146683 90.15141
53.365597 91.5512
55.58451 92.95097
57.84816 94.07913
60.182518 95.745544
62.401436 97.14533
66.67552 98.87608
69.0 100.0
