100.0 100.0
200
64.063255 26.603313 6.7890477
31.885124 33.015205 6.5345707
34.272583 34.218575 4.1975327
84.333755 70.59052 2.7164824
13.401335 93.741165 6.039583
9.585442 61.67456 4.414095
11.119209 43.573025 5.4285264
24.26464 94.295654 6.5246263
62.314182 1.6384137 4.7451224
5.9045906 57.737434 1.1015322
26.735962 75.364655 1.1749032
64.07237 89.055305 4.979128
69.70935 18.037842 5.744115
70.43881 45.546146 1.0189813
28.548876 7.5903525 6.4884334
52.294685 13.398059 2.2455735
96.15112 6.01158 5.8835316
88.17049 7.9661503 4.168549
27.984724 13.83608 6.079374
85.89117 75.97703 1.5958536
83.040504 72.839005 2.7727873
52.906445 17.641006 1.8112843
17.557287 16.470264 2.43235
12.037186 99.004845 4.429104
17.851196 96.51858 6.138426
57.13682 44.654655 3.0076492
81.875885 98.482544 1.6139143
33.48078 33.877766 6.103485
52.38763 60.154167 3.6644788
93.2328 82.87789 6.3762813
39.33991 21.970945 2.5138226
45.93685 27.17612 6.7827826
41.085735 81.12044 0.8592049
17.3235 27.411823 6.983431
30.245235 29.836779 3.128696
93.98395 15.950639 1.3843784
38.79585 82.99182 2.2228851
2.8279815 65.7549 5.4568653
44.071712 65.546616 6.420579
64.83412 60.1517 6.325539
93.95801 2.3295915 4.984202
11.168792 21.34667 5.3238773
99.697716 72.17548 0.2961494
19.99802 57.004684 1.2721556
77.18209 36.37907 3.8706841
92.93631 86.35743 0.2550656
51.566547 40.99131 4.777851
8.802407 65.12013 3.745124
4.6988597 73.80437 0.7437325
57.815357 23.264015 2.6086314
53.543816 26.794312 2.539484
14.424378 70.70769 3.809662
85.06273 58.755226 2.688357
47.11128 33.286495 1.1221286
93.50416 44.130386 3.6098905
73.278465 42.75893 4.3153315
17.614561 92.745926 5.0451293
0.23492916 88.955376 3.200954
89.985245 72.47592 5.30406
6.3747563 40.813847 3.2508478
45.194187 33.15989 1.4157691
83.11543 75.37299 0.36972284
50.477043 10.994172 1.8065783
81.50696 73.53009 0.78744555
6.210167 65.25873 2.38867
34.125168 95.45528 4.6513534
55.771385 37.517666 3.4338472
6.630786 93.85308 1.8953463
80.601074 58.656548 1.4065348
9.720207 69.06049 2.939733
41.993244 44.874115 6.4555187
46.559677 25.020803 5.9955688
98.27219 25.55965 6.140843
67.9468 13.290291 3.5588727
98.44732 24.479502 0.6193132
32.595352 7.8300953 4.7478514
52.967648 10.109607 5.0183496
24.143393 19.886572 1.8312292
91.736 49.53374 3.7447174
73.08528 77.706085 0.6469271
79.085846 15.800341 3.2501876
7.309888 20.936739 3.4902942
73.99513 47.012802 3.1184273
33.273045 21.83393 0.80395585
81.90024 61.765602 0.19688885
85.53092 18.572113 0.5005866
72.827736 90.6252 6.0169344
70.49731 38.37816 6.905953
89.885086 4.3039393 4.030986
47.6652 16.922565 0.3280082
63.131775 27.737337 6.719076
59.571846 59.092346 4.4799366
46.132145 9.078746 2.0665345
97.96477 45.83817 3.9243588
92.57322 61.046543 6.464021
11.516037 56.13697 4.924879
8.087695 38.20935 0.46136162
85.91 70.25997 3.8440719
52.77022 12.14627 4.2090335
8.1293125 89.92064 3.326048
80.33689 42.866375 4.1781096
8.960281 3.2116952 5.644396
83.1655 95.56591 5.888035
24.844233 56.26684 6.423788
85.85302 3.8650877 5.5449023
35.0771 27.177555 6.3809757
29.174946 15.938027 0.44872773
98.93395 96.21062 4.6911955
64.84198 97.18168 5.6819596
69.30392 91.7542 4.9008255
53.128452 56.535755 1.9256332
25.277136 16.536081 0.77948797
85.01665 33.81947 1.6686827
20.741756 65.434296 4.2589
79.148346 43.999043 3.5024087
82.23604 39.583042 4.441441
21.19233 87.24909 0.094134934
34.37631 95.85165 6.9009066
26.840868 95.92351 0.13325822
5.723978 57.44967 0.84530395
68.50409 28.915194 2.5556297
48.15334 66.84224 5.924755
28.171831 66.49289 6.174906
67.6221 43.085724 0.1756071
59.201145 45.42189 3.504098
31.805794 65.93898 6.370385
54.3396 84.19483 1.362811
70.451164 48.75947 2.8927925
47.904564 81.813576 2.3554454
94.37667 51.00098 6.9100447
68.793274 67.14891 6.724034
78.6633 30.359303 2.6283123
37.845654 46.392277 1.0342816
4.4039683 88.29966 4.7888775
86.73317 46.801266 6.921022
52.346664 13.092129 4.6416073
34.99656 99.24747 0.64584655
89.91272 61.654003 5.3726144
49.70206 44.887554 0.47279412
41.24054 27.514282 0.10410779
67.11618 26.810675 4.105003
36.84752 0.87809604 4.1219316
68.97215 8.146155 6.100433
41.15049 74.89165 1.3251743
54.658222 10.431744 2.62467
78.35918 31.515654 1.3615948
59.86356 35.369633 0.5308746
70.49744 20.56519 0.84593296
8.709163 23.054268 6.582638
6.4895635 57.37209 3.4298043
26.41897 37.931225 4.795893
12.398111 68.99194 0.12753096
91.76854 41.34625 3.563432
90.668335 29.887068 6.96536
9.79685 18.913311 5.8515563
14.377557 75.15169 2.2069445
73.26826 35.123863 5.194638
4.0089035 95.73283 2.456616
55.63741 63.720516 4.077688
72.28147 37.03397 5.12064
43.409485 89.04874 2.6642134
9.463158 58.88042 0.17907874
73.57254 29.485264 4.397979
56.863087 77.44142 0.36683747
95.72243 22.543766 5.6818724
28.337006 0.5914638 5.183442
57.080692 37.39938 0.7809037
15.746625 76.62265 1.0316682
20.914515 58.773678 6.814294
91.681984 99.603134 5.6614485
39.38211 12.1414 0.2718242
30.34981 9.555704 1.1120976
12.1458025 71.691086 3.0269537
97.4403 28.0542 3.3650205
45.89724 98.95324 3.390359
17.917484 59.580967 6.776179
77.07543 46.327927 1.366728
39.538086 57.217056 2.5394518
30.585789 71.36775 6.267831
8.0666065 46.58668 6.8841953
39.471405 88.18892 6.7466145
88.07926 52.76193 6.262141
97.89438 54.64414 1.7514018
72.362015 84.90139 0.7058746
22.117609 19.205185 6.9901204
84.40232 70.38248 6.0654883
76.98281 87.25356 0.45914406
41.077843 27.28337 0.8905505
3.3292387 32.86207 0.6668623
49.61597 3.0957913 5.130421
96.80292 32.222683 5.419104
79.80006 83.019615 2.938476
47.882435 27.90878 5.827121
83.74565 75.222664 3.2329946
82.666245 36.31628 2.091369
91.19292 38.77405 1.5701724
67.24906 58.274506 6.8115654
49.298256 99.92663 4.5310407
28.369114 76.27881 2.7718637
97.591354 73.84097 2.9625144
5.0
20.0 0.0
69.0 100.0
100.0
50.0
479.8995
200
20.0 0.0
24.323107 2.3512287
26.52696 4.8909907
29.513351 8.846729
29.513351 8.846729
30.08287 8.899769
31.075712 8.745146
31.07571 8.745146
30.082867 8.899769
30.156672 8.922142
31.11249 9.126659
31.275175 9.357198
30.32382 9.420504
30.323809 9.420505
31.279629 9.625023
31.279625 9.625023
34.338722 9.967409
36.367 8.814468
41.19963 9.6394825
46.03226 10.464497
50.543343 12.302466
52.176807 11.273832
52.20341 11.27529
52.240032 11.377932
52.240025 11.377916
52.176876 11.27382
52.239994 11.377931
52.240005 11.377922
52.176865 11.273853
52.239983 11.377962
52.24823 11.157304
52.22591 11.182012
52.22598 11.182025
52.225967 11.182024
52.175102 11.269117
52.187508 11.200564
52.187523 11.2005625
52.18752 11.200564
52.165207 11.225277
52.248436 11.157311
52.248444 11.157317
52.19757 11.244405
52.197582 11.244417
52.197556 11.244422
52.197548 11.24442
52.197495 11.244401
52.197525 11.2444
52.20746 11.288219
52.145847 10.453949
54.111782 12.554035
55.640465 14.691812
57.66599 16.90011
60.226547 21.105148
62.660904 23.304823
65.09526 25.504488
67.06119 27.604565
69.49554 29.80421
69.49554 29.80421
69.49554 29.80421
69.49547 29.80421
69.30904 29.825596
72.902565 33.22616
74.41581 36.73202
75.20619 38.94455
75.27873 39.020645
75.17776 39.067486
74.756516 38.877163
74.878265 38.985344
74.9578 39.209858
75.42888 39.049225
75.42894 39.04921
75.88136 39.322403
74.64292 39.252075
74.81689 39.22939
75.019325 39.179157
75.15938 39.056232
75.33331 39.033566
74.38907 38.910385
74.546036 38.818264
74.877686 38.94836
74.475 38.911324
74.44541 38.84028
74.4454 38.840263
74.93685 39.21481
75.22584 39.281754
74.898994 39.3854
75.598595 39.586697
75.07086 39.53785
75.80136 39.398533
75.96358 39.411953
75.23146 39.441322
75.6933 39.207058
75.31677 39.29405
74.966095 39.351048
74.96612 39.351074
75.297745 39.481182
74.44357 38.704155
74.36706 38.859318
75.35966 39.48594
75.80244 39.387276
75.68213 39.284233
76.02695 39.4524
76.02701 39.452374
75.9504 39.420906
75.04186 39.47399
75.67385 39.70832
75.621704 39.679283
74.76755 38.90226
74.41547 38.85196
74.43784 38.628773
74.437874 38.62878
75.1313 39.435658
75.60196 39.376995
74.735504 38.809006
74.85188 38.80726
74.85189 38.80728
75.25229 39.59499
75.25229 39.59499
75.25232 39.595013
75.13486 39.527683
75.61993 39.313313
75.36786 38.996758
75.3678 38.99676
75.36783 38.99675
75.36787 38.996742
75.474266 39.728973
74.70751 39.08262
74.82389 39.08087
75.087776 39.118633
75.57087 39.113678
75.665184 39.703625
79.626656 41.029285
81.72737 43.06947
83.828094 45.10957
86.981674 48.324554
89.08239 50.364815
89.082375 50.364815
89.56186 50.27212
89.52797 50.44417
89.17589 53.189663
87.41888 57.505814
87.24208 60.309765
87.46505 64.76586
86.10573 69.59988
85.78799 72.86455
84.978325 73.117905
84.84055 73.11537
84.69745 72.59263
85.08471 73.1748
85.084755 73.17481
85.133705 72.98197
84.767365 72.446075
84.69841 72.44481
84.69836 72.44479
85.63599 72.93538
85.635925 72.93539
84.87251 73.03167
85.476 72.6869
85.23086 72.82226
85.23084 72.8223
85.16718 72.617874
85.28408 72.57405
85.22034 72.36971
84.731514 72.73199
85.089195 73.1748
85.13447 72.818054
84.91295 72.92472
84.95824 72.568
84.95828 72.56799
84.75304 72.90634
85.05171 72.494965
84.86485 73.140045
85.00667 72.55037
85.01247 72.32793
85.250755 72.93453
85.25077 72.93455
84.84239 72.54126
85.38194 72.64363
85.38194 72.64362
85.65889 72.80689
85.6589 72.80686
85.65886 72.80684
85.5358 72.70158
85.53587 72.70155
85.41881 72.556564
85.30181 72.411575
85.57875 72.574844
85.439186 72.7411
85.29963 72.90737
84.031555 73.1544
83.41174 76.05525
80.9321 80.36557
79.06601 83.6393
77.13825 87.59424
73.37175 90.845764
72.28374 93.20787
72.283745 93.20789
72.28373 93.20791
71.19571 95.56993
69.0 100.0
