100.0 100.0
200
19.537138 84.29469 1.2813232
69.29132 99.18634 2.3438802
82.11135 69.33646 1.0809251
68.168076 48.379814 4.417348
56.76712 69.30985 6.715967
72.247826 25.13619 2.24953
47.263683 52.79949 3.285059
95.47218 56.354614 5.901589
36.11996 26.84601 5.67827
86.138306 35.158623 2.3902295
58.384663 88.03341 4.11027
86.746445 28.665796 0.6192029
88.20168 93.61354 3.490799
37.996063 62.35727 1.911582
51.918312 73.46004 2.0136936
8.087248 17.303192 0.12776949
92.88413 28.330236 3.4490921
28.74929 99.509834 3.3377285
16.452227 32.956917 6.120052
0.92926276 56.424377 3.5503802
78.63531 10.297289 5.1873083
62.420334 72.610054 5.9843373
33.279594 4.3306823 0.3325887
18.045338 43.516376 5.3397145
76.04269 3.006796 2.870121
19.075575 91.448395 5.631353
60.49563 75.18694 4.1267095
15.578943 83.37641 3.968339
76.47921 52.50132 6.815528
23.673923 67.23166 5.0760183
56.996826 37.255993 6.8597717
43.874542 97.18954 4.9261603
36.18469 8.6476 2.118592
4.8791747 73.89836 2.7116325
88.25613 87.94172 0.18743853
10.234534 50.658512 2.6208994
40.45598 84.67729 2.7524393
39.69835 15.481661 1.7695564
11.609541 71.92457 6.0532203
23.732769 97.609604 4.651356
67.15116 45.050583 3.5179913
99.14585 72.26958 5.6932197
57.35507 9.46359 4.300129
12.085237 59.648273 3.8360524
21.074053 65.2541 0.7863551
59.62613 84.794205 4.983456
10.968084 65.70634 0.09433654
50.628372 42.303577 2.1645129
35.790764 79.722176 3.8066576
50.192753 16.793615 6.042795
32.554604 39.880135 6.4185157
21.321775 35.10221 0.031161943
34.07974 57.916786 4.157111
9.55019 14.194262 3.1587389
0.5618948 93.95922 0.020926297
96.59121 81.21589 4.201791
78.08575 8.292028 1.8085755
5.5893617 35.085354 0.98718244
50.1516 31.98712 5.54473
60.803047 80.68347 1.6422013
14.658826 10.556549 6.9988284
15.3163185 70.34312 4.2396455
6.312175 38.094006 5.5254855
86.33558 56.816494 0.75344217
65.64752 16.314318 1.3237747
62.374966 97.520836 2.8327289
63.18299 31.748219 2.4639797
43.035015 43.73883 4.5566716
64.68459 19.868774 4.9211183
0.5624572 23.374521 2.4441
82.5116 19.48778 6.9527593
96.34414 65.21447 0.75485295
92.371086 18.10674 1.5254741
28.07607 56.733948 5.2334604
11.137445 85.311554 4.5698757
4.4246693 19.997765 4.373108
76.614494 45.901314 2.324958
95.95223 53.66047 2.7545063
84.75092 23.794489 3.9299552
82.095825 63.05591 5.302614
79.10905 89.181946 2.652088
61.704166 68.02754 4.708211
55.416027 82.504105 2.39396
27.643892 51.711304 3.7055898
60.72472 16.58654 4.4410505
8.430052 61.904266 0.9002752
56.860863 77.31539 2.743652
45.361057 38.220314 5.9953847
35.5783 9.6354685 5.314437
85.24719 44.769176 2.3758717
73.863686 65.08248 4.8992796
34.716446 79.62414 0.30342588
16.240133 46.42852 6.0013514
80.36115 6.4987736 1.3505371
77.11731 19.862614 5.0393662
13.093893 9.096329 4.754189
70.3464 5.5702295 3.3019838
67.15721 87.897194 6.9531083
43.30373 74.49214 0.32539314
20.125835 15.080917 6.964194
82.56629 60.060528 2.9085376
57.612503 41.908783 3.4888313
59.208935 48.97583 2.6628964
90.46359 26.515368 3.3879294
90.65956 60.25957 0.3666386
85.98254 39.499798 1.5403247
84.149 61.51708 0.38097817
79.832596 26.505896 2.0825717
45.26112 85.33833 3.2535422
93.9789 34.93919 1.7011217
25.748444 36.435135 2.4869788
37.986797 22.25098 5.237272
11.070628 61.279293 5.088658
25.593987 85.04802 6.609361
91.83645 78.98803 3.8702579
79.58673 48.46506 3.1979117
21.595573 40.991165 1.5478917
26.863659 44.13435 6.5743127
39.4223 51.75235 5.872463
86.54698 20.351967 5.453698
15.30276 5.273577 1.5863873
44.41332 38.2628 5.900357
81.03572 63.659813 6.4107423
35.324165 56.52065 6.0802493
82.54588 47.614876 0.08542079
5.7844205 32.219017 2.774512
65.21833 68.71855 1.0001135
21.319094 61.469 3.8504028
9.543512 30.36059 5.5200696
14.665845 55.777077 6.6353936
38.317947 19.466833 6.7523293
7.7458634 74.12032 4.7274704
44.834366 59.960915 3.9270513
93.091736 54.437637 2.4526038
42.546734 62.137386 1.6773174
95.25501 22.757286 4.7978415
34.403923 42.430607 6.559678
57.949894 89.7158 3.562995
4.237227 40.620834 1.3415884
26.393888 82.82666 4.1355987
69.19136 5.049733 0.112669475
70.26212 78.87618 2.2092667
49.47709 22.581732 1.3733977
67.82957 69.89188 3.3291206
13.098557 12.742802 4.2376943
46.342545 73.05975 4.860244
2.5755253 46.426044 1.1901059
83.66089 98.287415 3.8496811
2.3479998 76.61885 0.34573483
0.25682053 60.35965 4.742392
27.752655 93.375496 5.16788
23.196774 67.21773 1.4690595
83.00499 32.28644 5.8899946
60.843983 69.1837 3.8382225
25.83045 32.25419 5.802037
10.197748 92.4729 3.1045063
99.38732 53.803402 4.569112
75.72378 72.30829 0.29692975
43.712753 32.022884 6.007988
70.76264 8.073005 4.805624
59.644993 22.338026 4.2014747
57.20216 81.26487 0.7216902
66.885956 39.84566 6.8935695
30.118681 21.864212 0.8224001
16.981045 81.741005 4.554711
21.262777 90.00685 6.9405065
80.755104 4.984206 0.16480218
32.443516 39.872158 1.4835771
51.294693 34.518013 3.7177644
94.054924 10.344776 6.5053344
46.197514 74.98277 2.8957832
66.24401 74.46425 1.8495964
66.7197 76.99289 5.8648796
69.57218 58.09397 1.4977295
25.502296 46.030346 3.0519297
8.54774 68.61433 5.117569
65.877396 80.42902 3.5603824
83.87854 22.69554 5.026655
40.74623 82.617325 5.772428
37.367733 98.72348 0.5831911
21.205849 1.2798132 0.3100896
33.050667 44.712135 1.6919209
36.39983 78.39717 4.6261992
15.293881 13.092901 4.5955195
47.520077 74.64211 0.48987505
82.43948 17.791294 1.9394604
39.47034 61.72712 1.5054337
3.190494 34.723232 4.5674477
45.823204 30.043804 6.325306
92.33858 77.67419 2.665078
62.068142 53.606804 5.426807
75.45993 22.22391 0.37303266
6.1635823 7.388328 5.399993
19.310818 13.615868 2.2221675
32.86805 93.5245 3.7035074
75.11801 63.241493 2.7212238
28.1191 30.765913 1.5165434
52.350655 12.198298 3.5751972
56.35684 8.1243 1.9275056
96.54578 99.5834 2.6457179
5.0
20.0 0.0
69.0 100.0
100.0
50.0
524.6231
200
20.0 0.0
16.887352 3.8692167
15.911297 5.3659678
15.3732605 10.112922
14.8298645 11.360108
14.545649 11.727514
16.02065 12.141414
15.986501 12.200644
15.849463 12.35646
15.849465 12.356458
14.180224 11.761045
15.893213 10.415491
15.893213 10.415492
14.420601 11.605156
14.667242 11.651115
15.780871 11.456715
14.749165 12.588863
14.464949 12.956269
14.464947 12.956273
14.181328 11.691194
16.163713 10.205496
15.0417595 11.458926
16.504217 11.650733
14.830868 11.706099
16.67479 11.599096
16.674793 11.599098
18.805473 13.149202
20.936153 14.6993065
25.038208 16.908285
29.281023 18.350548
33.956158 20.134602
36.603573 22.805353
38.73425 24.355457
40.934406 28.673504
43.641705 32.81798
47.74187 34.3177
47.811893 34.31861
48.026203 34.276886
47.940643 34.279633
47.78862 34.324097
48.914093 34.982056
48.60559 35.143337
47.706604 35.2698
48.637516 34.84877
47.73852 34.975227
48.930546 34.678345
48.19718 34.074585
48.518158 34.201073
48.629494 34.192997
47.84929 34.19427
47.84928 34.19426
48.48234 34.640884
48.17383 34.802197
48.173817 34.80218
48.1738 34.802197
48.027752 34.507156
47.908688 34.51706
47.600163 34.678345
47.592434 34.680172
48.784447 34.3833
48.784447 34.383305
48.784412 34.38329
48.54635 34.40312
48.546364 34.403107
46.741108 35.5696
47.196125 33.19083
45.54007 33.15713
47.716766 33.614285
47.807087 33.611057
48.061825 35.610027
46.86291 35.146927
47.78299 35.00176
47.998 34.94429
48.32668 34.85204
48.069614 34.841194
48.743435 34.814854
48.945133 34.853584
46.885845 34.637924
48.945263 34.722836
48.34861 34.657425
48.60862 34.6624
48.011967 34.59699
47.968067 35.358757
48.520058 35.57235
47.838844 34.605316
47.993603 34.68551
48.431366 34.642433
48.993923 34.652443
47.599644 34.56655
48.602085 34.72205
48.602062 34.722023
48.001377 34.49913
48.663395 34.45618
48.598095 34.71033
47.997425 34.487415
48.65946 34.44445
48.404823 34.34264
48.404808 34.34266
48.404778 34.34265
48.210148 35.62727
47.762035 35.54688
47.86169 35.083523
48.23878 35.13165
48.615887 35.17979
48.587753 35.155025
48.915417 34.852173
48.46732 34.771744
48.952946 34.696472
47.715473 35.207787
48.139397 35.418587
47.645287 34.47226
47.834717 34.439087
48.214577 33.88583
47.803978 35.166386
48.227924 35.37722
48.304127 35.331543
47.94115 35.157883
47.941166 35.157875
48.365105 35.3687
47.954117 34.920227
48.19607 34.84921
48.887905 35.0668
47.918076 34.398705
47.914368 35.74717
47.804485 35.76927
47.94526 35.988796
48.426445 34.283436
47.753063 35.551197
47.821293 35.56203
48.22322 35.439198
48.880356 34.744385
47.817886 33.733467
47.886177 33.705276
47.799103 35.63012
48.078823 35.659843
48.05602 33.75706
48.127563 35.03476
48.581894 34.94326
48.32138 35.050243
48.94671 34.667316
48.385826 34.439648
48.192783 34.570156
49.087242 34.663166
48.843395 34.531166
48.59817 35.09466
48.13358 34.79244
47.669003 34.490196
48.134956 34.096863
47.852547 35.854916
48.39995 34.159397
48.227768 34.46257
47.80459 34.28599
48.420856 34.605045
48.420856 34.60506
47.677826 34.45774
48.511147 34.414124
48.78779 34.933353
47.661583 34.852783
48.252476 35.45338
48.252216 35.293365
47.82903 35.116764
48.10572 35.636036
48.173996 35.646908
48.173992 35.6469
48.054222 34.87018
48.94382 34.782833
48.368786 33.889893
48.763176 34.435444
48.831482 34.407265
48.87099 34.454224
48.836594 34.49646
48.083527 35.3009
48.08353 35.300877
48.53871 35.367992
47.906982 33.820942
50.54802 36.644794
51.602676 41.28271
55.57946 43.63139
56.912354 48.259853
57.48664 50.725838
58.070145 53.176647
58.64443 55.64263
59.237144 58.078266
57.930183 62.805214
60.04434 67.17623
61.80939 71.85891
62.927174 71.973595
62.927174 71.973595
62.927177 71.97359
62.37262 72.495224
62.372635 72.49524
62.96924 75.0549
63.029083 78.32976
63.029083 78.32976
63.727577 81.99585
64.63455 82.99
66.009544 87.8177
67.38454 92.6454
68.75954 97.4731
69.0 100.0
