100.0 100.0
200
51.788067 21.68542 3.5574784
60.244072 96.81191 0.110798836
52.641888 24.372154 1.4408172
42.88313 46.497158 6.640265
58.28983 45.99738 2.495375
33.204124 12.043 3.1574209
46.33475 40.210194 1.8239655
84.75125 83.37075 1.1486908
49.97633 17.055418 6.445381
39.158882 27.351604 1.6910765
71.26436 86.46272 3.6191957
92.76445 73.68102 2.2389748
10.363459 24.118124 1.5941479
87.67666 1.5834882 4.451717
62.188217 53.380573 1.2259101
41.729874 93.994705 0.81705123
58.169468 9.756571 2.459342
92.77049 9.550191 2.264574
22.012196 15.373777 3.9213114
5.540538 87.876274 4.8320994
53.733837 54.906284 0.2594804
71.49293 30.299824 6.2161794
86.0688 30.046103 3.355406
62.55504 52.701767 1.8498471
11.716253 73.160324 5.817437
9.260755 41.252907 1.1108601
20.697529 31.349316 2.4925392
75.8706 96.98109 0.06655584
53.85946 91.43291 6.2170515
12.210941 19.728268 0.6461936
94.024956 25.956203 5.706737
71.616585 76.30274 2.1277034
18.563461 78.664764 5.16238
89.35466 85.9373 6.68162
52.320522 79.03426 3.9288476
73.386665 91.90666 6.187338
82.19144 35.68294 6.8809133
18.588993 13.571527 2.2463737
33.954765 97.45602 3.3522027
1.6441343 80.48108 4.759839
65.93402 17.587736 6.794656
59.312794 14.344309 6.56942
33.935856 16.909008 4.3484597
92.7657 39.241413 6.361441
94.488235 86.11549 5.5260572
56.4951 9.98523 5.2716165
15.264521 21.373695 4.810197
80.29841 95.49647 2.9536803
51.066616 25.6426 1.9697078
55.284687 26.201937 4.873424
85.08381 81.47846 4.0211406
54.78751 10.443433 4.227236
49.411095 41.757195 6.6465154
15.305056 76.51295 4.202885
24.356598 15.479037 3.5236628
80.06178 76.7036 3.6980174
73.63325 57.36175 2.756288
5.529693 99.87437 2.9790637
58.768837 7.159165 6.987024
26.336569 37.350323 4.0263863
62.189056 88.89168 2.7895472
82.41138 41.948326 4.464654
39.809105 23.12745 1.2250764
25.693157 35.765667 0.46688625
2.9911623 29.580168 3.1727896
59.782356 86.231155 3.375105
87.73528 45.562805 2.7306883
33.021423 72.35892 1.6646465
12.197969 84.483116 0.7668331
57.93888 14.13052 4.2755322
63.01679 4.9111123 4.1135254
45.056023 23.89608 5.3437448
71.247154 75.74446 1.5693699
57.466015 61.27445 1.1442503
92.0875 59.785698 1.8912165
88.70747 91.22227 3.693398
73.13502 20.95356 6.285172
36.392773 53.687786 2.114394
65.00123 11.003548 0.20011824
86.079056 2.4472356 0.31413883
52.214397 52.372555 6.505894
76.54144 63.086456 3.1823597
61.130974 24.381136 5.185281
17.78724 71.03705 1.5055271
10.0883255 62.82104 3.712057
71.75098 4.0342345 5.781414
75.06814 69.40432 3.3898666
83.96479 2.6819088 2.9799461
64.72607 2.454942 6.689204
81.51657 80.46515 2.0265725
2.671232 98.91514 1.1978195
45.44691 13.652043 6.997268
32.20063 85.99991 2.8955865
42.4551 65.496 1.4367303
98.99049 51.467255 4.8613505
9.524661 67.61051 1.6094068
88.43492 85.96048 4.877952
32.538773 41.203064 6.4040494
97.89903 26.386057 4.4536653
92.528564 82.41654 4.5618834
47.806698 93.26453 3.693528
36.852776 90.295586 0.30902866
92.428406 17.92874 5.0798936
99.687805 10.356698 4.254543
56.174255 52.888042 0.03919861
43.543076 92.33219 1.250765
26.4131 54.32454 2.2235293
22.834713 97.907394 4.551562
27.886082 55.484314 0.1329548
40.899284 37.256992 1.982155
58.360245 5.1416855 4.3356314
61.805946 55.624107 5.641197
76.183304 74.48994 2.448226
90.13757 62.80748 0.9937023
9.885817 33.082867 3.8390262
30.87512 98.02447 4.270683
34.415966 60.750553 0.91971934
96.33728 21.509226 2.289941
99.394196 74.366516 3.0347788
42.358418 7.4785833 2.6668005
20.00885 99.38377 2.8614664
51.271595 66.03196 6.340024
91.36265 83.67118 0.8939664
42.115273 4.626305 0.14658734
79.73322 23.434462 3.346137
23.140903 71.162125 2.8777454
19.955336 43.772083 4.0905614
27.048798 18.833166 4.627122
43.684875 34.26654 5.3621955
77.7527 36.338562 2.6732163
42.20261 43.503086 1.5929388
32.75187 72.69145 0.96326786
45.320564 85.54118 5.505602
52.73427 54.90592 4.4237814
33.50061 56.257526 1.6596901
40.078804 50.727146 3.7356222
47.863426 42.84807 6.979601
43.355377 71.03686 1.4189134
12.215037 30.574192 1.6732327
9.912726 23.835505 6.9388876
28.518475 7.4557896 4.1144567
51.37403 99.74476 3.354124
88.10265 89.32032 1.1509237
6.5851736 61.725918 1.097678
71.92227 23.430405 2.7140698
75.597176 93.90721 5.4120445
31.626907 27.91462 3.772448
21.956673 51.89001 3.9798033
70.532875 92.315056 6.1642942
25.122044 52.614517 4.6323614
1.9629005 67.96629 1.8941783
14.831678 83.53486 1.0568206
16.708931 92.27574 4.165023
40.247524 35.08067 2.3721478
95.12543 78.63001 3.8416772
83.23384 75.156494 3.6517732
47.75781 49.78282 6.081962
81.02639 52.45641 1.8581715
71.66563 37.0841 6.1018047
6.761238 1.2184716 3.7412663
92.49542 36.527325 3.5523248
47.27964 50.07985 6.0751405
89.36214 91.47559 4.212931
39.257324 98.88741 2.273283
61.8631 86.95684 3.0599082
43.47775 77.42053 0.4686809
16.266687 16.789652 1.7780721
24.931898 2.2449372 6.706397
5.9146385 83.976326 0.54831374
39.278095 82.41395 2.6975226
33.977554 94.69385 2.219522
40.734383 99.515564 3.0564394
40.308968 71.49145 4.736083
86.21288 12.257208 3.3022761
70.62418 76.985405 6.0385547
84.685745 66.936745 0.79248863
90.1266 75.40204 0.9946806
6.272219 66.520874 1.1029485
61.409767 54.78887 3.8394024
54.308712 27.15442 0.39763427
10.942589 45.78318 1.4504945
79.09833 53.619076 1.156615
24.723057 45.77461 2.8880415
90.6312 53.79956 6.6968594
68.221725 13.553704 2.2669373
69.580124 13.029756 6.5412836
24.485315 8.009014 4.6840057
7.174742 45.924152 3.2531884
84.106064 9.2354145 1.884589
65.64446 0.9431589 0.25090092
32.121597 27.422752 6.8737416
99.15694 64.62441 6.2957478
34.908237 7.089348 3.7689197
0.51835054 50.279194 4.3367186
79.05769 94.56431 3.7889102
23.940886 52.72142 6.0244455
47.240993 77.19309 0.999994
32.174114 4.8096576 6.687056
47.054974 95.26609 0.17998213
90.73937 96.2123 4.443613
5.0
20.0 0.0
69.0 100.0
100.0
50.0
517.08545
200
20.0 0.0
22.573275 4.016415
25.942295 5.188882
25.942295 5.188882
26.051792 5.2408323
26.14899 5.333887
26.173298 5.344232
27.03756 6.1180797
27.29941 6.3394227
28.069416 7.146758
28.374432 7.204295
27.714775 6.9273787
28.169834 6.7073646
29.034096 7.4812117
31.808367 7.831777
34.582638 8.182343
37.356907 8.5329075
40.131176 8.883472
42.905445 9.234038
46.149387 12.677679
51.027653 11.484352
55.96217 10.603199
57.010395 10.874496
57.010387 10.8745
57.59354 10.769442
56.45189 10.981473
57.014 11.246882
57.01402 11.246883
58.099697 11.565106
56.682716 11.508159
57.509117 11.91517
58.269318 11.655618
58.347794 10.518577
57.278812 11.804383
57.278816 11.804385
57.489925 11.868602
58.70341 11.087673
56.211254 11.055585
58.473854 10.097259
58.47384 10.0972595
58.765343 10.106364
56.34748 10.443086
57.18065 10.543452
57.18064 10.543452
57.17454 10.542402
57.174538 10.542402
58.781105 11.664778
57.90893 11.337452
58.466087 8.388613
57.29749 10.264468
57.887356 10.169058
57.881252 10.168005
58.598175 8.650454
58.53409 8.596458
58.0685 10.939793
58.71202 10.759051
58.226646 8.8011465
58.02135 10.793142
57.330524 10.673482
56.393364 10.490278
57.222244 11.182592
57.532368 10.471893
56.961483 11.686716
58.173016 10.326492
58.515522 10.007692
56.76027 8.751249
56.4991 10.3949795
58.353188 9.388981
58.476696 9.399133
56.389416 8.970527
57.937855 8.231645
57.937843 8.231648
57.106052 10.980888
56.783073 10.812303
56.72545 11.04756
56.96691 10.938013
58.11328 10.6328945
58.11329 10.632895
58.05876 11.188749
55.81831 10.428552
56.464916 10.177
57.750347 9.416591
58.579063 9.1659775
56.2891 8.69516
57.777615 8.688172
56.504284 8.558166
58.463512 8.359628
57.176514 8.144838
57.852737 10.052199
56.80979 10.318106
57.207188 10.108303
56.289864 8.710356
58.782265 10.51866
56.474106 11.20213
56.343803 11.123269
58.303017 10.924729
58.969013 10.993834
58.603065 11.867112
58.95742 10.891198
57.084805 9.995724
58.675995 11.456969
57.592094 10.961994
56.821705 10.919017
57.613167 9.343859
56.861534 11.159314
56.989677 11.138405
56.574623 11.287906
57.778107 11.142667
57.74396 10.990475
56.4053 11.44212
58.250553 10.868924
58.25057 10.86893
55.970974 10.736178
55.97095 10.736172
57.106518 11.198459
56.97839 11.031369
58.78326 10.123597
56.495388 11.445028
58.554764 10.924062
58.098164 10.92937
56.30674 11.039735
57.438133 10.643764
56.91937 10.332471
57.83024 10.091307
56.411938 11.066828
57.764923 10.70796
57.82776 11.854987
57.07342 10.645694
58.249107 11.779617
58.933258 10.237143
58.593422 9.449541
58.593384 9.449544
56.70453 8.972487
56.477066 10.9577675
57.679413 10.099515
58.373055 9.157837
56.48422 8.680785
57.918343 8.899817
57.975327 10.914473
57.08186 10.835572
58.618916 11.002737
58.61892 11.002734
58.821125 10.905376
58.429943 11.274307
57.467903 8.997449
56.831543 10.977798
58.680763 10.828112
57.15116 10.918101
55.99252 10.840871
58.26147 10.115339
58.94138 9.995367
58.86652 10.086587
56.712788 10.439064
57.878918 9.103647
57.87896 9.103646
58.40657 8.335683
57.42034 10.726363
57.41698 10.7255335
57.41704 10.725528
56.430794 13.116201
56.16085 17.920195
53.387352 21.854862
52.40112 24.245539
52.624554 25.017494
51.79781 27.403032
49.31158 29.841335
48.484837 32.226875
48.459995 36.051476
45.97377 38.489777
45.147026 40.875317
46.477837 44.36098
47.808643 47.846645
47.808628 47.846676
48.410793 47.199017
48.4108 47.19902
49.05926 46.968674
48.716602 48.27414
48.716606 48.274143
48.276237 48.156662
48.276226 48.156662
48.27624 48.156677
48.27624 48.156647
50.120884 51.57187
51.196102 53.81703
53.547245 56.6485
55.23013 58.038612
54.78426 62.76143
56.934727 67.251816
59.28587 70.083275
59.495617 74.87155
59.705364 79.65981
61.473415 84.28378
62.54864 86.52895
62.54864 86.52895
64.23331 88.25755
68.82408 89.74223
68.86806 92.30667
68.91204 94.87112
68.956024 97.43556
69.0 100.0
