100.0 100.0
200
16.958458 11.706609 4.05667
11.569798 77.194145 5.40664
22.545687 38.989567 3.9482358
68.78488 64.27531 6.3447733
57.75207 71.68727 1.2644055
46.582375 18.863031 6.977724
45.428932 43.421505 5.332267
23.218859 20.612232 1.7273536
9.851299 29.845394 3.118948
33.43022 0.69664145 6.124049
98.01192 72.78467 2.5014064
94.377556 20.25845 3.3277733
96.926094 94.04132 6.479801
17.986126 88.13716 0.40123582
87.64823 70.422615 5.7504253
82.159454 79.65733 0.10299262
66.08508 55.917305 6.565078
66.31633 27.091087 4.924226
55.26114 43.79319 0.65457344
75.98785 21.861603 1.8423429
76.50956 1.7901373 3.7891917
96.45514 0.15523191 3.3212528
41.99577 43.41155 0.8216152
68.086464 67.3491 4.54143
26.077179 3.8200467 4.7960057
30.347544 93.42382 1.8567853
56.471436 62.755318 2.5809186
95.06828 57.62424 0.81058335
17.883509 75.415016 2.7370133
43.366394 1.6824005 6.0411267
77.92434 28.769896 5.0670614
21.3385 11.981435 4.0391135
96.97703 5.218607 3.937468
53.187996 25.523842 6.690019
63.74368 15.068846 6.423093
71.7786 97.628456 3.1284928
11.004071 86.42555 2.49751
65.764694 85.60056 0.6312182
18.598856 45.89057 1.868982
52.20348 91.04527 4.907025
79.97559 90.737175 1.9624498
62.508537 95.750114 4.1634808
53.26333 93.73965 5.0338283
60.427444 26.82792 2.0340657
12.132053 37.689518 5.166553
18.832788 85.697716 3.3093042
62.1712 8.941549 6.5690694
47.71154 34.006516 1.3725138
92.21316 96.80616 5.486326
98.763565 20.000858 3.7341986
44.833714 45.9959 3.6803775
67.4339 73.678894 5.673834
42.10643 97.50839 1.6388155
50.198368 49.611774 2.5660963
84.210144 6.189204 4.827387
91.082886 11.841202 1.590656
73.32628 23.683588 0.51242334
5.459891 3.1030886 0.8880847
28.515156 62.87756 4.635295
9.940671 24.178131 6.7589927
55.48999 12.513062 2.3348575
12.369088 62.139454 5.3110437
37.374565 24.767529 3.6861608
12.939241 35.77895 1.1169107
82.53862 97.6009 4.3559394
21.080374 32.049313 4.19064
55.66372 46.394928 0.6590826
23.23479 85.83163 3.0313604
29.982822 56.65046 2.5710013
87.21253 18.422638 2.9317698
84.30601 59.45234 3.569097
79.67768 79.202835 5.8625994
60.72129 70.19503 6.3305993
9.341438 2.0533197 2.6348488
35.129303 60.163513 2.1194837
3.937593 44.903084 1.6197593
90.72291 52.009502 5.7994437
95.05541 67.48247 0.5598873
32.010468 94.203705 1.3892218
77.97673 4.057157 0.5556954
16.024832 44.381798 5.5451303
19.51165 46.057926 3.509191
77.74481 72.767204 2.8877146
25.512619 97.52269 2.25903
27.473011 89.9934 1.2868701
44.66474 61.185894 6.0166197
66.699524 52.975124 1.0368844
74.2574 67.42416 5.761644
6.5180383 92.60016 4.325566
33.09748 95.14511 3.954997
78.51644 96.477715 6.2036767
66.00817 56.874336 0.7667163
38.22919 74.38548 4.0469127
78.093414 31.999815 0.8735578
61.167427 50.554638 4.774442
27.055382 63.146534 1.5824028
3.7581034 54.912346 1.3546108
59.312817 93.27244 3.6098986
27.109768 46.365467 6.4102106
33.100746 95.723404 2.1265807
42.47859 60.177032 4.9951086
71.12361 27.814594 5.807049
52.293385 17.000927 0.47527918
39.67582 68.49472 5.24663
93.36208 1.7820731 6.6007185
94.390335 36.889706 1.2429283
90.31705 54.275593 1.8207003
80.43618 97.99739 0.013450028
55.182842 55.628017 2.3545907
15.823727 92.70198 0.94913214
72.17723 1.5664637 6.212198
62.19834 35.906105 2.9299145
56.451374 56.470905 0.49724048
99.96575 56.275757 0.07685156
76.18827 44.612442 0.004846882
38.977303 58.988182 5.6104965
84.568344 66.91559 6.30655
87.547905 85.711494 2.2435937
53.741898 6.860209 5.423844
5.8774667 71.75809 4.30117
32.299007 62.89251 1.6259542
50.47001 88.87789 1.5646098
86.411835 48.37694 6.454197
76.56 3.0073872 6.1179113
78.96565 30.890066 3.7516048
21.552063 56.705017 4.902631
59.367607 47.393948 1.7677267
75.24246 63.97762 4.479801
0.62367326 22.445051 5.359466
34.699844 57.534824 0.7392885
70.3402 80.43346 4.9220037
11.1340685 92.99517 3.4310272
39.257774 67.90458 6.826501
1.2762463 25.780943 0.9277811
90.26018 86.579155 5.804506
37.74063 34.036823 2.3079615
6.7450676 7.8039107 1.5234303
39.50384 65.21914 4.8908157
57.771835 85.546135 1.7212706
67.220856 77.65813 5.076301
78.970764 25.411896 0.50516146
43.250362 26.047346 3.3081808
3.8001094 65.69546 3.8506234
34.58931 93.53792 0.09321109
81.24178 33.900154 3.1522288
87.818756 98.84623 4.237632
60.2227 29.319613 5.910326
27.956621 68.19325 6.6351657
79.66973 88.031 0.2039176
98.51883 99.367874 6.939887
23.068972 71.33701 4.6849723
71.60453 65.14988 1.2591032
53.836014 69.3345 1.8306873
31.120173 39.76419 3.4578688
64.94891 74.80482 4.59704
38.7087 11.542797 3.5586162
49.109726 56.075737 4.807813
17.449423 45.22454 2.521907
41.10638 71.35988 6.300186
16.157864 99.125336 0.6547088
47.96865 84.28225 3.939618
88.71187 91.76259 5.4221015
16.41683 33.187855 3.5508022
50.65097 28.418558 1.4794915
58.533283 53.109406 6.9382133
22.79255 92.01836 3.6777492
85.21326 75.40105 0.55026734
0.07824481 33.998215 6.6188097
87.92373 96.53154 6.354404
82.16974 34.818226 0.22854179
20.257504 92.6685 0.9256305
4.8658423 14.034627 2.8647687
35.604908 3.9414847 3.5914996
81.889404 51.961792 1.3257099
13.786209 53.619305 0.36364752
0.2616414 68.340904 4.2704725
99.41311 73.66543 3.783552
86.67921 9.331724 0.6815658
25.98962 4.3544326 4.1683006
58.50176 46.593796 3.1167886
7.727835 54.61664 3.4944723
61.99098 32.20628 0.8767973
68.74301 77.41795 1.1644149
36.979156 58.644325 5.904941
95.240135 45.547855 5.9780746
1.9588828 99.30159 4.675771
81.94838 71.74845 3.1121328
51.258556 85.08572 4.0301766
78.8995 55.361084 4.6441336
55.744587 42.993465 2.1760824
23.580557 97.55146 0.27431914
17.38282 51.475174 6.8122563
77.02536 68.20387 0.49276692
47.948856 83.73068 1.5502847
37.91721 10.188062 2.840086
59.997257 34.8737 3.8403378
83.82943 81.14776 6.527859
56.030544 36.42071 3.2214496
50.494385 32.190727 2.3543024
65.498436 34.061512 4.30575
5.0
20.0 0.0
69.0 100.0
100.0
50.0
570.35175
200
20.0 0.0
23.350462 1.476904
27.668644 1.029484
28.79301 1.5807517
27.894161 1.3043172
27.894161 1.3043174
27.974897 1.3046263
28.055632 1.3049356
28.4667 1.4819074
28.208277 1.5693121
28.216164 2.8612185
29.34053 3.412486
28.875906 3.0655723
27.977057 2.7891378
28.838993 4.064727
26.74998 8.339382
25.159256 11.66518
24.17205 14.57814
23.906338 19.47385
23.35054 22.17004
22.201746 25.235691
21.83054 28.101223
21.459333 30.966755
20.571558 35.65099
20.015766 38.34718
19.459972 41.04337
18.780407 44.95326
17.36223 47.228416
17.371347 44.871643
18.19863 45.80298
17.362226 47.22842
17.371344 44.871655
19.025917 46.734283
17.34761 45.451454
17.206932 45.882175
17.206938 45.88218
17.660667 45.884598
17.684393 45.3048
18.36958 46.25343
19.614452 45.444202
21.516994 47.535442
24.122606 51.654057
26.212414 55.926304
29.182655 58.319023
33.513527 59.20591
37.479774 61.81868
39.390793 63.375206
40.194397 63.432747
39.83516 63.47812
39.326385 63.288628
39.326385 63.288635
39.326405 63.288628
39.835217 63.478096
39.32645 63.288605
39.901897 63.33094
40.477356 63.373276
40.13033 63.522926
40.301373 63.41246
39.049953 63.30146
40.276424 63.409737
39.95436 63.562065
39.474525 63.4517
39.47022 63.599625
39.316174 63.70472
39.31618 63.70469
39.387695 63.508823
40.074703 63.28914
39.54666 63.379944
39.361248 63.67876
39.361217 63.67874
40.28652 63.523193
39.223522 63.348083
39.51489 63.26487
40.052822 63.35314
40.052803 63.35315
39.363857 63.395905
39.363876 63.395927
40.089813 63.621147
39.326103 63.263412
39.32613 63.26345
39.399483 63.95987
39.881104 63.75007
39.123207 63.49111
39.52269 63.384827
40.116882 63.51065
40.18923 63.509228
40.189236 63.50923
39.121853 63.40383
39.565582 63.785927
39.565598 63.78592
39.79572 63.469723
40.275204 63.4779
39.921204 63.611263
39.993557 63.609818
39.16006 63.29647
39.915344 63.676613
40.125137 63.623848
39.671577 63.7725
39.143314 63.384644
39.440044 63.68425
39.53679 63.75659
40.31775 63.36915
39.958836 63.73522
39.734085 63.795708
39.592472 63.791862
39.657143 63.585327
39.65713 63.58529
39.30156 63.673653
40.40303 63.44101
40.07042 63.31137
39.711502 63.677444
40.078186 63.525642
40.08525 63.506004
40.08528 63.50602
39.610382 63.274002
39.35724 63.76748
39.48052 63.68972
40.153244 63.55436
40.15324 63.554375
39.613148 63.58303
39.650497 63.581604
39.490414 63.355247
39.550182 63.854744
39.688435 63.50663
39.275715 63.532013
39.22324 63.28096
39.947536 63.59546
39.98489 63.594036
39.353863 63.91712
39.391228 63.915695
39.39122 63.915695
39.308144 63.590904
40.35508 63.39531
40.381355 63.392586
39.497814 63.79381
39.535152 63.79238
40.418682 63.391228
39.153355 63.275314
39.631073 63.82174
40.125526 63.613197
39.144085 63.346367
40.088284 63.42077
40.088272 63.42078
39.315826 63.908176
39.782665 63.734802
39.507633 63.61656
39.62984 63.75992
39.821945 63.30391
39.974823 63.27871
39.20436 63.50231
39.36586 63.516235
39.86379 63.3461
39.863766 63.346085
40.249462 63.446644
39.782608 63.62
39.78259 63.619976
39.647636 63.51139
40.21355 63.39677
39.93851 63.27854
39.63227 63.59711
39.419983 63.552208
40.02422 63.459938
40.024223 63.459923
39.71797 63.77851
41.345768 63.64097
39.929832 63.362633
39.340935 63.32077
40.15509 63.522293
39.936424 63.518013
39.34753 63.47615
39.347538 63.47615
39.347546 63.47615
39.347588 63.47616
39.12891 63.471878
39.90336 63.444878
39.21295 63.50364
40.22922 63.516182
40.04122 63.584717
39.417843 63.5859
39.928745 63.652237
39.25359 63.74639
40.038414 63.67991
40.94761 64.18759
41.9245 67.55138
42.90139 70.9151
43.971436 74.473404
46.553703 77.8019
48.673676 80.843445
48.843674 83.92832
49.91372 87.48663
51.9487 88.98578
52.004105 88.790436
54.834183 89.45207
56.52916 93.24489
56.52916 93.24489
56.52916 93.244896
57.92199 95.41311
60.752068 96.07473
65.404495 96.51297
69.0 100.0
