100.0 100.0
200
2.3688202 55.612213 3.255715
88.3985 34.59326 2.7306073
0.9953921 61.839455 6.5820365
17.097363 7.256163 2.7194443
97.60914 0.12207449 5.017459
30.137304 93.24991 0.98330104
26.708874 49.165962 3.681732
12.0933 12.082259 0.5258721
45.908436 30.30018 0.1617277
84.9403 7.6948056 0.72300184
85.99678 26.030275 3.5250053
78.33021 70.29091 0.17320004
67.194855 93.915695 5.8191566
33.38715 68.36224 4.5436773
3.336988 13.205006 2.3336098
66.47677 16.670795 0.09544996
85.80094 37.083828 1.1649818
55.182835 94.07744 6.8674
86.23671 62.460354 5.448913
17.036434 35.598625 2.0107245
85.56952 64.56896 2.6907623
55.810143 73.81657 6.412235
37.00039 43.84284 0.2815592
28.91336 3.5256557 0.5786972
49.637905 14.181575 3.4838176
27.432028 47.686623 5.381152
75.10435 91.92759 4.5572805
80.83044 89.6535 3.7367382
93.62304 32.733738 0.6803567
81.03209 85.38758 6.7557507
67.37067 97.24891 2.301713
75.9287 50.158794 3.0741599
11.4745245 83.38512 1.7384169
21.533785 29.034931 1.5693619
57.988014 23.373465 5.8747973
29.192423 1.2910541 1.4696537
5.234743 48.659813 4.2838855
11.9435425 28.072113 0.78546745
84.25527 25.641344 3.042239
72.67641 85.59417 3.085815
53.81587 94.96555 0.7289493
99.27586 68.1064 0.42418128
30.61005 42.427788 2.370998
29.101257 25.694254 3.0119038
18.532162 79.82382 6.62487
37.074677 7.0155745 1.3197845
18.947046 62.66702 4.8620143
28.670113 98.62722 5.275002
6.01425 16.89917 6.2831545
53.00703 23.143978 1.517146
58.59602 84.201 1.5310302
39.843224 76.63479 1.3319153
66.67101 19.17848 2.8397994
92.11355 99.02395 0.938536
99.29657 59.470604 1.8528622
67.88233 50.090385 1.3191482
65.58704 67.6289 0.9207041
90.5243 83.90114 3.8922386
86.52329 66.93265 6.4717026
16.797544 35.59463 4.4136977
98.57182 96.39307 5.932669
40.535034 4.629723 0.021001184
2.0420146 61.97006 1.1166753
40.650036 97.938 0.3591288
53.57455 97.05103 1.8092326
21.963427 18.845991 5.875351
0.3432049 59.64901 6.1550803
82.19198 29.214521 1.0833254
36.299843 44.88254 3.6052718
77.320274 22.977896 2.870926
24.845806 30.478125 4.963465
8.472714 2.8006647 1.9985503
71.199265 93.04662 0.49570084
42.018803 25.744648 3.5800874
17.501802 9.932524 2.2372587
23.170485 39.6185 2.9811692
93.05695 15.505889 5.594297
56.165497 63.627235 6.199214
19.684002 46.337692 3.3223681
4.0901647 76.277435 0.7059388
51.760536 27.663351 5.186815
19.315844 30.0204 0.4103524
5.296141 75.262665 5.606546
65.01978 12.5473 4.314552
63.067894 25.553457 1.8519213
64.40422 2.7224796 2.4585838
53.711636 35.673523 3.3148496
9.185442 78.6337 1.7647629
62.90295 5.9956684 2.9234924
6.1624193 98.286156 2.0369275
98.996086 6.1501746 0.71313727
53.06272 43.89862 6.3975697
76.98775 72.03858 6.4935203
35.098335 97.8846 6.904364
89.486176 57.703552 2.627839
19.672583 39.752968 4.6164117
37.131943 10.909992 6.8469257
72.21526 91.47988 1.1582465
36.036182 55.455715 4.3714576
81.54385 75.21843 2.2631478
60.833645 73.36053 2.804265
41.391197 0.58921164 6.7917376
45.47124 72.30013 1.0442431
28.79922 93.15312 1.5476997
40.7168 99.01642 5.8875594
17.813334 95.09625 3.844842
77.13766 64.859215 3.826714
95.80618 29.915087 1.8169633
43.85092 76.113785 5.7458105
57.259888 79.75733 1.8121282
78.063965 99.64485 0.23926903
60.22098 62.62044 3.1871598
15.919101 98.69961 2.6233647
23.851955 62.10238 3.412434
51.55769 15.427467 5.518791
54.18798 34.476868 1.0936874
64.16232 87.18316 6.3349185
32.253956 71.767845 1.7200503
91.9921 73.88022 3.7332115
41.78761 6.5394163 0.19333535
80.8137 1.5889055 0.7500551
76.10008 79.25157 0.5704018
57.781075 52.615456 4.1494756
98.354576 96.76339 3.17308
83.51869 20.284214 1.9778007
11.664346 82.117966 2.1066313
21.8105 54.627193 2.7048368
21.019878 18.301928 5.8434753
7.829731 45.571293 5.583449
86.797455 92.66626 6.0503764
61.868973 48.830585 2.3630993
73.22258 88.512886 6.216776
36.970512 92.78599 4.3371015
86.82901 73.505486 3.4371457
60.39184 64.10968 4.214223
64.15208 88.266205 1.9624822
40.530697 9.330834 1.27296
0.2092639 72.74958 1.0339566
52.360035 46.88945 6.5860467
14.232582 62.55974 4.8961825
96.81186 40.985264 1.5828804
41.950592 56.186 0.7872873
72.75274 71.40553 2.259888
33.166367 8.604313 5.769657
80.07558 62.434208 5.945242
69.56316 76.70513 5.469056
0.08106269 72.30295 1.3371594
18.481083 83.89046 3.197724
50.711853 55.991386 4.9346056
52.876762 62.06842 2.1865282
12.283758 79.02789 6.002274
74.45357 56.026154 6.764735
95.25698 22.17442 4.818301
81.44648 82.19496 4.7911468
40.467648 84.33849 2.6189423
27.133839 18.581326 1.21374
87.54344 36.026024 3.2380784
36.775246 29.153849 6.10681
70.46086 22.63192 6.4241195
82.59894 24.798765 4.7248936
14.997709 59.7334 3.4289274
79.30139 67.9486 4.6486726
95.019516 21.226843 3.8285556
63.60993 96.85729 3.0556638
57.045193 39.243816 3.9393878
77.5233 51.59565 2.420936
36.405716 4.1385794 4.6679854
36.312214 50.69156 3.2408657
11.703738 95.72907 5.5000916
75.12136 66.44888 3.9711647
13.321041 25.706354 2.987951
59.249634 67.98915 6.460682
89.10924 85.13821 0.21739691
68.92526 66.86267 6.097416
8.233575 1.9709135 2.292184
7.6978793 2.4712632 5.9829884
84.91942 78.87363 2.6399803
11.8244705 22.165476 3.1141005
28.644358 41.328846 4.984091
38.559048 82.50489 1.003886
16.176659 82.21069 3.2169306
39.572136 71.22297 4.9971557
81.98008 19.407442 2.7185662
34.894558 83.344864 2.0569484
51.309837 25.286995 1.0106494
32.05732 36.182713 4.8662977
24.520462 86.58907 6.933056
1.6604497 70.23109 3.0750146
89.94173 88.8525 1.2867472
22.263391 47.031933 6.3922553
91.03204 23.273386 5.209122
82.60181 79.30435 1.3842069
0.10564092 43.98343 2.3317952
3.3679497 18.475758 6.813652
14.813397 44.98357 6.7359424
66.269936 42.001534 3.9321828
65.31699 23.314196 4.8695426
6.4241667 48.106544 1.2383265
42.402298 74.312355 0.8030624
84.15801 95.66418 1.0234983
5.0
20.0 0.0
69.0 100.0
100.0
50.0
444.72363
200
20.0 0.0
23.48723 0.7289201
28.151415 2.235539
31.918617 3.5247626
36.56868 4.5508995
37.98526 6.260834
38.29377 6.5858455
38.29377 6.5858445
37.560226 6.0837293
37.568424 6.1694126
38.037514 6.4598475
38.037514 6.4598475
38.212532 6.4355936
37.984127 6.231192
37.984127 6.231192
37.984123 6.2311945
37.365807 6.054221
37.365788 6.0542197
37.365795 6.05422
37.55766 6.037089
37.54564 6.0726104
37.737503 6.0554776
37.757706 6.105641
37.455807 6.0474935
38.241894 6.558106
37.652584 6.095377
37.331364 5.977495
37.33137 5.9774923
37.331387 5.9774885
37.572712 5.8398447
38.261734 6.5695972
38.261745 6.569596
37.842026 6.209154
37.79076 6.1934175
37.744064 6.2337303
37.84862 6.1946735
37.887207 6.1706696
37.907406 6.22083
37.907406 6.2208285
37.735817 6.198354
37.940804 6.3080935
38.261757 6.490332
38.261757 6.4903336
38.019547 6.482485
37.907772 6.363681
38.169724 6.270877
40.76694 8.948392
43.36417 11.625905
46.986332 13.514493
48.088333 16.370586
49.852158 17.656242
52.42984 21.870173
52.917076 24.542166
52.917076 24.542166
54.01908 27.398254
53.763985 32.37407
55.16856 34.096287
53.546753 38.739983
53.546757 38.73998
54.033985 41.411976
54.52123 44.08399
55.145638 46.719917
55.770027 49.35586
56.394432 51.991806
57.354206 55.53527
58.31398 59.078735
59.58014 62.003826
59.58014 62.003826
62.995987 63.197765
66.153656 62.801064
70.85013 61.491814
74.265976 62.685745
76.89203 66.39397
75.89267 66.15941
75.89267 66.15941
76.92371 66.54441
78.089554 66.28406
78.1316 66.28369
76.397415 66.32558
78.007835 66.092155
76.59581 65.62393
78.55577 66.073
78.693565 68.08475
79.00007 66.66919
76.36111 66.58478
76.45401 66.542755
77.59019 66.09896
76.41192 66.54306
78.80031 66.82694
77.305504 66.335915
77.14933 66.19348
78.28552 65.74966
77.35583 65.850395
76.03818 66.47119
77.542694 66.191055
77.90114 66.20108
77.74496 66.05858
76.571754 66.05463
78.92708 66.914406
76.43775 67.06283
78.33056 67.1836
77.88387 67.172
77.11016 67.00674
78.16585 65.886826
78.84032 66.42363
78.08218 66.65177
76.996574 65.78909
76.99654 65.789085
78.84656 67.49874
77.572556 66.10325
77.12581 66.09163
77.97046 65.71023
77.53812 65.87179
77.53805 65.87181
78.34885 65.82594
77.71507 65.89203
76.32408 66.96583
77.62815 66.20245
78.38942 67.493904
76.318535 66.38358
76.25227 66.37391
77.29323 67.22416
78.14801 66.9079
76.71682 66.47459
78.64194 66.643585
76.93934 67.04837
78.864456 67.21738
80.20017 66.865135
80.154366 66.844925
77.644615 66.80763
77.64461 66.80764
78.76642 66.74999
76.43512 66.132286
77.938034 66.90354
78.21932 66.48063
78.219284 66.480644
78.219246 66.48063
76.95185 66.42185
77.76334 66.29175
78.04471 65.86882
77.41092 65.934944
77.41093 65.93495
78.69179 65.7746
78.06388 65.85933
77.69655 65.981674
76.50261 66.42524
76.13324 66.02768
77.067184 65.89207
77.47702 65.77365
76.89975 67.074104
76.89976 67.07408
76.85403 67.05393
78.36761 67.519325
80.3725 66.63693
78.591095 65.97417
77.77191 66.160446
78.92955 67.38329
75.4467 65.92342
77.48566 67.060265
76.16117 66.057846
76.16114 66.057846
78.20016 67.19466
75.96518 66.3807
78.247574 67.0721
78.24018 67.07026
77.71657 67.53989
77.66954 67.51309
77.10693 66.24637
76.86536 65.846504
76.449234 65.83079
77.37419 65.94172
75.991776 66.67846
75.991776 66.67846
76.401665 66.55999
78.662834 66.38273
78.65545 66.38094
78.239365 66.36523
80.28327 66.50801
80.28335 66.50798
78.041626 66.30853
77.17642 66.26409
77.923 67.02466
78.91574 66.64899
77.793564 66.47326
76.00355 65.79768
76.41622 65.68816
75.54618 65.83047
72.98066 69.55283
73.30695 73.476494
73.85314 76.3549
74.39935 79.23338
74.516624 84.21077
75.06282 87.08925
71.93077 90.9181
71.93077 90.918106
71.93077 90.918106
70.9543 92.99367
70.9543 92.99367
68.78238 97.32071
69.0 100.0
