100.0 100.0
200
25.882061 23.536562 4.4034233
15.935243 53.358402 0.18631025
33.83795 22.44592 6.2793274
36.301773 66.28565 2.1902068
31.870514 16.569197 1.0441911
55.079025 25.186485 4.4235277
38.897522 57.65857 6.994458
74.22976 97.385254 1.2558291
81.128105 24.839775 3.6163933
43.689526 33.00661 4.8973
82.40597 29.363178 0.34792656
42.19726 91.18545 1.4358352
58.342663 63.355213 3.8593714
77.40921 53.825813 3.516443
19.641396 52.316097 6.652588
79.763794 20.35374 6.2290163
95.399864 33.87007 2.7740204
81.81284 2.2598033 5.610422
49.28186 15.4490385 4.133946
2.6976466 56.3226 0.18893366
37.276627 7.648034 1.4547654
3.6212616 65.661865 0.31631348
32.97852 93.135185 4.57846
55.168198 0.21098429 0.04065414
91.79891 94.47114 6.3463345
89.386734 90.25794 2.78416
79.839584 1.9556998 6.2398252
77.393555 11.317468 6.963747
91.06813 5.5720882 6.9415317
58.17186 55.65934 0.80656725
16.830982 11.903949 2.7201164
97.93538 99.85874 2.431594
19.997221 81.62875 0.73537
13.16022 51.72576 5.9171886
41.523743 14.432142 3.144355
16.78635 15.423162 6.735824
34.77007 2.8904889 4.0254683
60.91349 39.64971 6.543635
51.086952 4.1230383 3.3605714
10.6028 22.847513 2.9140606
5.4400992 86.10663 3.8409765
69.69788 33.732388 1.4443337
54.115417 52.050396 1.8854421
3.9435267 7.5665693 3.904253
68.68791 59.543633 0.2879018
76.5297 61.85189 0.29754
41.17293 93.83529 0.21897094
66.87394 20.544498 0.5502864
69.663376 61.743847 2.0162966
96.18779 20.397087 1.9762919
95.65812 44.785213 0.13932872
33.36196 64.49114 0.5276308
8.123751 19.172035 1.395992
23.777908 94.092026 6.1584606
32.29638 23.359575 6.9079924
51.247746 22.466007 6.3064075
61.851723 18.782053 2.5873818
25.64449 16.882387 5.5496564
70.71795 70.09388 0.5408955
38.324158 4.151558 6.149962
20.78131 57.222534 6.72015
92.65832 16.941147 4.0926976
52.89061 84.35736 2.5867553
40.969604 13.96204 5.602998
14.887001 92.68541 2.256922
54.578983 54.997227 0.19537562
73.78171 22.251776 5.180507
25.471159 75.874535 3.4633434
73.79407 78.72242 0.68488526
57.229786 84.048805 2.7136984
1.3768449 56.184856 5.567448
51.44595 97.00805 0.37988883
98.16393 50.04211 2.5138257
43.326065 74.12049 5.3066382
30.883018 0.28919923 2.2099247
25.785559 62.82062 0.766204
55.19537 82.82254 4.1842976
83.67748 64.91686 1.8472726
2.5975795 19.789347 3.9590764
63.124996 74.582535 1.9704821
46.384895 76.293625 1.6283888
68.11851 97.94924 1.9912705
6.98887 8.5463705 5.3931293
24.678904 93.95859 3.6690366
25.91189 84.75836 4.554547
33.40215 97.22944 6.3148565
71.17092 9.495214 0.16318421
10.237631 47.989094 5.3395305
19.386429 19.226313 3.9270575
46.67851 62.776123 6.829087
51.27749 82.216034 6.2474785
66.41016 50.09691 4.7739687
99.0309 69.95706 6.9130306
73.34704 35.63352 6.2346597
80.567345 1.8932695 3.17409
79.71545 4.517466 5.778418
51.797318 24.379648 3.8112898
10.558488 26.606907 3.2212381
20.193552 23.87684 0.13642351
2.6252322 98.50629 0.11018521
40.166924 45.628994 2.1476166
65.50615 5.549267 1.0477624
10.918255 52.69648 6.1801314
77.05688 77.030815 3.9732535
50.981094 28.776434 1.4117812
58.706738 29.441805 6.8164496
70.07768 33.935776 3.297105
13.402425 13.312501 4.9441333
19.234764 49.323673 0.46917784
50.5662 11.179772 4.4146914
66.43011 88.855835 1.912603
26.897894 30.414825 6.4636245
26.275715 83.6625 2.852332
73.75759 60.463135 3.3281434
39.234688 95.09414 5.3144426
84.814514 52.140705 0.20159541
59.823734 84.60297 5.2267947
33.924824 92.38721 6.0977507
90.7982 66.44194 0.54551744
80.56013 99.32923 1.8936597
61.008743 76.2569 4.836884
6.351643 51.697117 3.4167938
12.528564 70.42921 5.9879265
2.6755197 71.4503 2.1381395
28.661684 90.188576 5.6273823
56.89868 96.50562 1.9453378
57.191174 30.79128 0.71201783
50.89738 23.363491 3.1220775
8.1385975 54.85834 1.6687666
33.378345 18.94904 0.20346361
63.972183 36.442307 5.8781204
95.8286 68.6138 6.0751147
23.357708 48.676136 3.1001263
81.78784 5.470084 2.1267233
80.21009 6.190173 2.3722122
91.340385 11.515752 3.204191
67.65063 69.029564 3.8629508
16.401527 10.4486885 5.40332
43.315746 97.46442 2.066973
90.0513 87.0634 6.9802737
20.718914 33.174732 0.3010021
59.596474 67.8579 3.8292305
33.715424 50.925507 2.8423972
82.15006 97.88772 4.4863796
90.021416 81.98857 1.2201151
63.67776 54.68693 4.022035
21.330435 48.13122 0.8193339
59.40528 90.7562 1.4152722
47.449196 61.02873 6.163775
86.624954 29.559513 3.724491
56.560585 61.86792 6.277084
64.53126 99.618164 1.5623254
43.155556 5.774209 5.5955863
36.108204 72.374504 3.04332
26.332317 33.242603 2.892667
33.64005 17.791376 1.8967061
36.95699 12.107728 0.97126853
98.844864 47.825035 0.6364217
3.0724971 51.871487 3.2829325
57.43162 67.36379 4.6303463
10.196123 1.2231199 1.6167258
43.17643 63.31051 6.5524497
69.49649 62.20487 1.2077489
60.07341 41.252483 1.0230085
93.3242 6.010852 5.1443224
28.94574 0.36716363 2.0007992
45.577766 37.173187 3.1376495
19.5545 1.0785105 6.862463
67.513435 32.296276 0.27908772
43.417908 36.210804 5.288486
12.672552 93.41944 4.465229
56.216404 82.243164 2.8064506
45.219868 97.92323 4.3257337
43.201366 91.04168 0.89478046
47.38712 23.656303 5.287096
4.350016 51.440964 2.7483535
52.986332 42.8254 2.68469
82.24128 91.21551 1.6970025
48.72982 20.427717 5.0712357
84.286194 82.63646 5.5176487
88.679825 45.785336 3.3726234
72.843376 27.374096 0.63444823
91.4214 24.303654 4.4002986
35.51515 18.034964 5.0111566
58.40589 6.3131003 6.174987
76.97715 76.86983 3.1654758
79.93451 56.349617 1.419794
71.6578 85.265945 4.999392
95.217735 66.889915 4.063039
91.45121 57.854225 1.1894356
6.0891795 60.409775 1.2747575
20.831429 15.298523 5.6071157
2.4536798 93.01525 1.7566476
36.8671 9.854153 5.2651
39.490738 29.161865 1.17063
38.243927 49.15106 5.837278
54.682743 37.00674 2.6712456
19.970037 90.48 0.94590926
91.10892 76.14563 4.3033752
75.99804 6.324735 4.517345
5.0
20.0 0.0
69.0 100.0
100.0
50.0
524.1206
200
20.0 0.0
18.562254 3.4399571
17.124508 6.8799143
17.725765 11.366456
17.725765 11.366456
16.886673 12.855772
16.819727 12.93085
16.704786 13.197513
16.660286 12.729289
16.781548 13.307076
16.78155 13.307081
16.781553 13.307081
16.727848 13.643335
16.720558 13.662192
16.422398 14.332581
16.422699 14.345474
16.422693 14.345474
20.271849 17.203577
22.686394 17.940195
26.668886 19.661337
30.980556 18.389544
33.395103 19.126162
33.395103 19.126162
36.00342 19.683517
38.664734 20.31846
43.395184 21.47012
46.003494 22.027487
48.664795 22.662426
51.32612 23.297367
51.355995 23.288313
51.90254 23.569483
52.3158 23.003016
52.47092 23.338976
51.205223 23.300137
51.173035 23.29089
51.090546 23.74577
52.401558 23.916725
50.909256 24.04176
52.29398 23.86033
52.290573 23.859028
52.28718 23.857723
52.01093 23.875008
52.533607 23.775421
51.10287 23.593084
51.102875 23.593084
52.62057 23.177595
52.620564 23.177591
51.64106 22.97388
50.748486 24.352007
52.431602 23.23072
52.193993 23.949068
51.310036 23.521189
52.35794 23.128624
51.013172 23.569582
52.382618 23.387442
51.910866 23.258696
51.43911 23.129953
52.586506 22.851517
51.87622 24.170708
51.510887 24.564688
51.65007 23.160614
51.294697 23.139694
51.92044 23.212585
51.715813 23.222828
51.013325 23.980095
51.642128 23.994055
51.687214 23.487635
52.404667 23.418747
52.271908 23.454685
52.40977 23.504265
51.175755 23.252842
52.266827 23.532665
52.120224 23.534489
51.987453 23.570423
51.304737 23.054031
50.789013 24.127733
51.853638 24.037289
52.0655 23.971848
51.368305 23.106375
51.384468 24.06025
51.11392 24.006563
52.583153 23.399036
52.58316 23.399029
52.436535 23.40085
51.39797 22.811436
51.633625 22.874372
51.363075 22.820688
52.05843 23.72065
51.237747 23.79119
50.967205 23.737505
52.283455 23.30182
51.758823 23.10597
52.64141 23.082483
52.244446 23.415148
51.11131 23.545635
52.309776 23.59731
52.449867 23.675251
51.15316 23.606487
51.58211 24.365103
51.578728 24.363808
51.32927 24.273468
52.143356 22.477741
51.094128 23.712593
52.2745 22.55526
51.7377 22.486578
51.95234 24.04026
52.385994 23.211548
52.38601 23.211555
51.36551 23.820547
51.676067 22.945595
50.86287 24.998262
50.734516 24.957848
52.23075 23.735613
50.934048 23.666847
52.0688 24.005405
50.9919 23.645584
51.065 23.560518
52.199757 23.89908
50.95242 24.248262
51.536217 23.223108
51.620586 24.097813
52.398624 22.989979
52.25203 22.991816
52.111412 22.984652
51.22803 23.908842
51.130173 23.935528
51.20327 23.850468
51.87817 23.813572
51.612022 23.782154
52.051674 23.837027
51.92362 24.338442
52.514225 23.13988
51.355022 22.893944
51.78575 22.842033
51.785755 22.842041
51.665215 22.847347
51.70173 22.84304
52.058437 22.822409
51.100555 23.253242
51.8632 22.714874
52.073334 22.047232
51.93602 22.834608
52.29272 22.813969
51.969486 22.874516
51.001995 24.302979
51.00202 24.302986
51.89061 24.271414
51.60739 23.852215
51.12272 23.714964
51.983715 23.330593
51.31662 22.935719
52.177612 22.551346
52.040302 23.33873
50.72987 24.859837
52.13701 23.659168
51.122295 23.358168
52.57829 23.535925
51.885666 23.475826
52.320236 23.31336
51.493435 23.117544
50.966553 23.758907
51.581215 23.075764
51.581207 23.075787
51.581192 23.075779
51.617737 23.071434
52.052307 22.908957
50.817772 24.431381
51.725258 23.516012
51.064217 23.613026
51.604095 24.344769
52.48313 24.570873
53.429783 27.042904
56.689396 30.55936
58.983364 35.026943
59.66981 38.584236
60.323574 41.01401
61.270214 43.48604
61.646748 46.09261
62.22996 51.082947
61.50072 54.210567
60.771484 57.338192
60.36396 61.07843
59.634724 64.206055
59.634724 64.206055
59.42792 66.89969
57.797104 71.041824
56.878304 74.4597
56.67151 77.153336
56.96991 81.81636
56.96991 81.81636
56.96991 81.81636
56.969902 81.81636
56.969902 81.81636
56.763115 84.509995
57.347107 87.2736
61.717644 87.5813
65.58866 90.10574
64.27543 94.944534
68.14717 97.526436
69.0 100.0
