100.0 100.0
200
53.997692 50.85682 6.4852858
93.3456 9.787806 1.396702
86.89239 45.297092 6.1303735
97.49076 55.822758 1.0588372
69.5079 72.54079 6.022899
20.854496 9.687678 5.3452983
85.11463 99.56869 0.9871583
32.820778 81.307106 2.8654828
13.785205 64.96816 1.9869987
31.097244 70.74849 6.0679073
26.82855 97.09897 4.8045254
88.59144 1.5415561 0.376374
59.658775 36.807823 1.3038839
51.08027 18.131184 2.6322103
86.74374 51.879425 3.7080748
33.358067 98.53127 0.2477872
99.07142 99.59716 5.99143
67.3526 98.50311 0.9391707
10.989173 7.2351184 4.6635303
13.564856 91.79043 6.116927
29.429712 32.690456 6.8402576
51.728344 91.03822 1.2837597
87.89336 12.5619335 3.4242852
34.83027 3.697652 5.9081254
26.264645 77.00709 5.2833586
36.67106 83.12338 0.26771778
82.70716 92.014336 0.24460754
58.48728 96.00175 4.306607
55.833416 8.75918 6.7889833
24.068146 99.18736 5.0734468
71.03106 41.338383 2.2791076
68.20766 98.266396 4.252266
69.510735 85.59434 5.2503486
81.525444 52.449528 5.9267426
86.58623 67.88458 2.6715775
9.667513 96.879105 4.3542914
18.06488 64.63336 3.407426
80.323845 22.42963 0.25193942
4.8192825 92.799545 5.234833
0.59446126 18.99891 1.5179604
5.393426 25.657005 6.89193
20.20454 30.770952 2.732905
93.64681 53.24654 2.3855007
55.834972 81.14545 5.179595
10.351044 38.596252 3.6236389
16.418564 1.1963019 6.617046
51.187 29.584497 4.31236
24.909658 71.21821 2.0647027
25.67222 65.60491 5.856823
10.299566 98.27348 0.9701233
96.36536 97.910614 4.8028646
20.70018 31.526867 1.5960369
44.05129 12.394338 4.548034
18.633564 33.536186 0.7433162
54.86118 76.49173 3.449685
27.705862 69.87206 4.089177
36.45729 79.44178 1.0245826
63.521877 37.451077 3.939889
3.5350637 87.94845 1.2177627
50.693764 60.06954 2.867775
93.139175 65.85487 5.3261285
70.30728 59.69699 1.5594109
24.567898 68.767204 6.3235083
26.47028 20.301626 0.9215715
22.315567 47.495785 5.484981
5.580937 54.321247 5.498221
98.38497 36.780476 3.7029748
5.0547023 8.817766 6.8084674
16.681177 57.804306 4.334587
10.758753 59.047756 2.0443852
32.63721 84.73388 5.8073325
14.318957 13.314277 5.086264
3.9281514 94.17643 0.8865771
58.239117 26.456594 4.8255057
97.18399 87.33837 6.2345886
1.4587628 81.59334 5.647268
0.9447618 28.774895 6.6065884
72.58571 3.9526966 0.053297404
74.05162 82.252205 1.5997761
22.719275 59.137356 1.244954
10.076447 89.99382 1.0253639
16.453861 3.5486252 2.1178465
37.62827 84.044525 0.76578087
21.055042 95.109215 2.1496499
75.31603 49.148266 4.5375586
53.35966 20.051554 0.17805362
32.06487 88.2329 4.9484205
23.75546 31.087845 0.9811246
67.92284 88.1905 3.2250373
62.718 8.455681 4.487193
8.66234 1.1601086 3.5076008
71.1114 52.92529 1.1497203
43.28624 48.70175 1.3686267
30.518755 66.27758 5.101163
45.386013 33.560585 1.317369
96.4881 20.333345 1.1318105
33.771492 69.10665 6.522339
6.3153853 63.45319 6.112389
11.018666 63.769306 5.238073
79.45887 9.809348 6.725848
17.376783 66.9972 4.6726837
48.943577 22.85145 6.1080813
41.57299 66.33119 5.3007936
1.1508814 39.94093 1.025945
24.745893 89.82618 5.914102
78.22174 23.702412 3.594417
35.674984 87.28926 6.0556703
15.570752 91.90352 2.7329085
28.014053 41.681705 5.0767145
85.292015 47.427834 6.2880826
91.71079 79.25598 3.0700986
14.276647 96.51292 3.548144
95.101776 42.734207 1.9470298
61.799545 73.78293 0.5365037
67.62526 54.92354 4.619174
86.41357 31.71449 6.2921157
10.038117 86.55589 0.74411935
94.66637 85.54127 2.474103
93.661 33.44158 6.15893
23.349436 74.09251 6.412603
70.207855 9.355688 0.73691547
49.26105 74.49447 6.5933743
48.837555 26.911667 1.5731752
51.165382 10.345269 2.1333816
63.733543 73.20777 2.7120233
44.589077 46.49869 5.148759
55.162918 88.51811 6.4381104
74.240616 46.687206 2.4038434
73.5712 79.24056 1.0909086
43.104767 38.02523 2.6138358
73.03097 13.767907 5.546941
36.511147 81.5669 6.3853154
59.0059 97.10875 6.0311165
37.573254 81.898445 0.37675712
23.840544 24.256474 6.7116857
10.504356 4.7041984 1.6193875
35.660328 28.712385 3.7746143
56.36874 30.006868 4.0369973
58.943737 19.949688 5.8340983
45.495007 81.29049 5.5144353
39.594093 93.32339 1.7893523
82.789734 38.018864 6.313155
85.72576 44.390896 4.475616
28.581495 79.81954 4.93398
91.68616 42.005524 6.1152134
16.58765 47.930103 0.39481664
9.085977 46.549305 6.6115637
52.83669 23.742966 6.62786
72.00656 92.39553 5.515872
48.454674 7.414474 6.982459
36.244637 19.344555 4.022245
10.090598 45.311607 6.995823
66.9394 60.680256 6.062463
11.791048 49.880676 1.6222998
39.573017 55.662125 4.338376
5.2017283 9.174643 0.2726854
39.19846 98.5408 6.157815
89.58992 70.18359 5.8252873
32.732086 24.943495 3.2465398
49.671265 65.67945 2.0623472
18.752985 69.22556 5.541344
77.7365 45.571552 6.8815618
91.519135 31.050375 6.7885637
60.15472 46.231945 3.1904483
18.867327 94.99921 6.800209
41.742954 23.52854 5.967344
78.43957 27.99824 1.2141862
80.28701 83.4379 4.886365
16.65865 4.4362016 2.4232976
99.83413 42.19551 3.7670844
99.63643 68.593575 3.0169022
43.420284 90.21599 0.21653515
17.63621 9.281311 0.5579284
87.09409 42.417957 3.2797039
2.6810687 5.8325405 6.786982
37.493774 91.3339 5.6730185
62.839474 40.48364 5.717391
30.887827 39.701 0.07690116
77.130005 47.795124 0.43240294
31.628159 51.31551 2.6520746
38.316315 10.077787 6.6087427
47.12561 51.380722 6.069915
31.224588 62.445232 2.367571
4.9349537 65.862175 3.8437657
90.5433 46.589714 3.6384332
49.853897 42.70485 2.808055
94.708046 30.298988 0.061589666
84.92681 80.55236 4.979805
71.895096 57.794262 6.1577706
71.68088 95.71159 4.670184
65.27952 62.00382 6.1234093
9.234908 30.873531 1.9657055
48.716927 11.857355 2.0459607
72.29904 34.39668 6.6645775
2.5341966 14.961372 6.022104
63.71432 58.608135 3.745605
16.881235 69.02229 5.2261915
49.80103 89.65123 4.2719245
90.454666 90.78741 1.8789612
48.530483 61.265373 4.732873
5.0
20.0 0.0
69.0 100.0
100.0
50.0
587.9397
200
20.0 0.0
17.493052 2.5105324
14.986103 5.0210648
10.690933 3.9160175
8.970848 4.510771
9.147465 4.435545
9.039162 4.421311
9.009301 4.45193
9.009307 4.45193
9.304201 4.3849554
9.275942 4.388288
9.275947 4.3882875
9.0052 4.1613874
9.312502 4.556649
9.312501 4.5566473
9.312501 4.5566483
9.284242 4.5599804
9.013496 4.33308
9.013497 4.3330803
9.088266 4.3190928
8.98017 4.181627
8.980171 4.1816263
8.980175 4.181628
8.980176 4.181628
8.980172 4.181628
8.980174 4.18163
8.524722 6.766041
8.06927 9.350456
7.8679543 14.272808
6.3921757 19.064707
5.9367237 21.649122
5.4812717 24.233534
6.440463 26.798248
7.3996563 29.362972
8.2946 31.803192
8.566156 35.826614
10.165209 38.761703
10.003591 41.079212
11.764262 41.696796
12.297119 46.676315
11.818972 48.420837
13.272475 50.213104
14.466463 55.053463
16.784025 58.587906
17.898443 61.45981
20.375574 65.21443
21.543098 68.36839
25.222115 69.7162
27.41971 70.08013
28.05763 70.13128
28.208498 70.09642
28.260946 70.10304
28.260946 70.10304
28.238974 70.10633
28.238966 70.10633
28.238949 70.10629
27.652168 70.307625
27.65219 70.307625
27.551285 70.3488
27.97928 70.68864
27.305231 69.2495
28.462543 70.25682
28.369507 70.39476
28.3695 70.3947
28.52615 70.402084
28.602535 70.43651
28.643368 70.51125
27.927477 70.429306
28.570282 70.45204
28.184671 70.25698
28.341318 70.264366
28.341328 70.264366
28.279835 70.24026
28.27081 70.25202
28.364668 70.12441
27.447075 70.06387
28.002504 70.342705
28.002491 70.34279
27.929237 70.034225
28.354128 70.19818
27.806131 70.09646
28.297134 70.09741
27.654669 70.12713
27.558544 69.338165
28.297264 70.0974
28.193539 70.2677
28.193542 70.26764
28.54137 70.51314
28.541374 70.51311
28.541367 70.51316
27.770699 69.72234
27.666985 69.89258
28.030241 70.42926
28.134068 70.25889
27.62694 70.22442
27.626947 70.2245
28.182377 70.50334
28.13364 70.67641
28.143719 70.6605
27.347393 69.21127
27.951702 70.16788
27.951717 70.167786
27.768177 70.28747
28.256641 70.37291
28.306202 70.53994
27.823578 69.96048
27.823576 69.9605
27.724867 69.854256
27.333757 69.83174
27.360819 69.83063
27.59084 69.97483
28.065428 70.54023
28.216755 70.643364
28.455212 70.74355
28.309532 70.64059
27.796532 69.563065
27.38046 69.83189
27.61396 70.330414
28.69829 70.57947
28.698284 70.57953
27.259773 69.287605
27.259785 69.287605
28.505146 70.44115
27.882853 70.44837
28.485506 70.708115
28.619167 70.66496
27.430958 69.89822
27.966087 70.12582
27.61596 70.42939
28.010124 70.39417
28.432274 70.53928
28.586851 70.54187
28.099936 70.62105
28.683914 70.54265
27.507496 70.031265
27.946823 69.91495
28.010685 69.91684
27.335104 69.57355
27.532755 69.520004
28.392393 70.17787
28.336454 70.16345
27.809053 70.17738
27.320974 70.03004
28.248993 70.315346
27.721603 70.32924
27.495983 70.25023
28.04728 70.099915
28.170841 70.337944
27.586645 70.23302
27.985577 70.255806
27.985573 70.25579
27.816597 70.57329
27.81659 70.57329
27.816593 70.573395
27.816593 70.57338
28.191025 70.10252
28.084309 70.06325
27.697832 69.45306
27.69783 69.45305
28.146515 70.69922
28.65085 70.49126
27.758255 70.33204
28.363447 70.539444
28.108034 70.59474
28.187359 70.56533
28.187359 70.56539
28.18736 70.56541
27.660599 70.15161
27.815626 70.306
27.821419 69.73642
28.470299 70.46304
28.214891 70.5183
27.958895 70.46076
28.56408 70.66816
27.319149 69.586464
27.360714 70.087585
27.547009 69.87654
27.262169 69.5099
27.959198 70.29186
27.959227 70.29179
28.954533 72.91131
28.915714 76.40757
30.844448 79.603714
33.33532 83.90497
34.562157 86.502106
34.562157 86.502106
36.86351 87.46982
36.86351 87.46982
41.577232 87.48143
46.17993 89.41685
50.78264 91.352264
50.78264 91.352264
53.083992 92.31998
55.38534 93.28768
57.68669 94.25539
57.68669 94.25539
59.794594 96.12916
64.3973 98.06455
66.698654 99.03226
69.0 100.0
