100.0 100.0
200
64.063255 26.603313 6.7890477
31.885124 33.015205 6.5345707
34.272583 34.218575 4.1975327
84.333755 70.59052 2.7164824
13.401335 93.741165 6.039583
9.585442 61.67456 4.414095
11.119209 43.573025 5.4285264
24.26464 94.295654 6.5246263
62.314182 1.6384137 4.7451224
5.9045906 57.737434 1.1015322
26.735962 75.364655 1.1749032
64.07237 89.055305 4.979128
69.70935 18.037842 5.744115
70.43881 45.546146 1.0189813
28.548876 7.5903525 6.4884334
52.294685 13.398059 2.2455735
96.15112 6.01158 5.8835316
88.17049 7.9661503 4.168549
27.984724 13.83608 6.079374
85.89117 75.97703 1.5958536
83.040504 72.839005 2.7727873
52.906445 17.641006 1.8112843
17.557287 16.470264 2.43235
12.037186 99.004845 4.429104
17.851196 96.51858 6.138426
57.13682 44.654655 3.0076492
81.875885 98.482544 1.6139143
33.48078 33.877766 6.103485
52.38763 60.154167 3.6644788
93.2328 82.87789 6.3762813
39.33991 21.970945 2.5138226
45.93685 27.17612 6.7827826
41.085735 81.12044 0.8592049
17.3235 27.411823 6.983431
30.245235 29.836779 3.128696
93.98395 15.950639 1.3843784
38.79585 82.99182 2.2228851
2.8279815 65.7549 5.4568653
44.071712 65.546616 6.420579
64.83412 60.1517 6.325539
93.95801 2.3295915 4.984202
11.168792 21.34667 5.3238773
99.697716 72.17548 0.2961494
19.99802 57.004684 1.2721556
77.18209 36.37907 3.8706841
92.93631 86.35743 0.2550656
51.566547 40.99131 4.777851
8.802407 65.12013 3.745124
4.6988597 73.80437 0.7437325
57.815357 23.264015 2.6086314
53.543816 26.794312 2.539484
14.424378 70.70769 3.809662
85.06273 58.755226 2.688357
47.11128 33.286495 1.1221286
93.50416 44.130386 3.6098905
73.278465 42.75893 4.3153315
17.614561 92.745926 5.0451293
0.23492916 88.955376 3.200954
89.985245 72.47592 5.30406
6.3747563 40.813847 3.2508478
45.194187 33.15989 1.4157691
83.11543 75.37299 0.36972284
50.477043 10.994172 1.8065783
81.50696 73.53009 0.78744555
6.210167 65.25873 2.38867
34.125168 95.45528 4.6513534
55.771385 37.517666 3.4338472
6.630786 93.85308 1.8953463
80.601074 58.656548 1.4065348
9.720207 69.06049 2.939733
41.993244 44.874115 6.4555187
46.559677 25.020803 5.9955688
98.27219 25.55965 6.140843
67.9468 13.290291 3.5588727
98.44732 24.479502 0.6193132
32.595352 7.8300953 4.7478514
52.967648 10.109607 5.0183496
24.143393 19.886572 1.8312292
91.736 49.53374 3.7447174
73.08528 77.706085 0.6469271
79.085846 15.800341 3.2501876
7.309888 20.936739 3.4902942
73.99513 47.012802 3.1184273
33.273045 21.83393 0.80395585
81.90024 61.765602 0.19688885
85.53092 18.572113 0.5005866
72.827736 90.6252 6.0169344
70.49731 38.37816 6.905953
89.885086 4.3039393 4.030986
47.6652 16.922565 0.3280082
63.131775 27.737337 6.719076
59.571846 59.092346 4.4799366
46.132145 9.078746 2.0665345
97.96477 45.83817 3.9243588
92.57322 61.046543 6.464021
11.516037 56.13697 4.924879
8.087695 38.20935 0.46136162
85.91 70.25997 3.8440719
52.77022 12.14627 4.2090335
8.1293125 89.92064 3.326048
80.33689 42.866375 4.1781096
8.960281 3.2116952 5.644396
83.1655 95.56591 5.888035
24.844233 56.26684 6.423788
85.85302 3.8650877 5.5449023
35.0771 27.177555 6.3809757
29.174946 15.938027 0.44872773
98.93395 96.21062 4.6911955
64.84198 97.18168 5.6819596
69.30392 91.7542 4.9008255
53.128452 56.535755 1.9256332
25.277136 16.536081 0.77948797
85.01665 33.81947 1.6686827
20.741756 65.434296 4.2589
79.148346 43.999043 3.5024087
82.23604 39.583042 4.441441
21.19233 87.24909 0.094134934
34.37631 95.85165 6.9009066
26.840868 95.92351 0.13325822
5.723978 57.44967 0.84530395
68.50409 28.915194 2.5556297
48.15334 66.84224 5.924755
28.171831 66.49289 6.174906
67.6221 43.085724 0.1756071
59.201145 45.42189 3.504098
31.805794 65.93898 6.370385
54.3396 84.19483 1.362811
70.451164 48.75947 2.8927925
47.904564 81.813576 2.3554454
94.37667 51.00098 6.9100447
68.793274 67.14891 6.724034
78.6633 30.359303 2.6283123
37.845654 46.392277 1.0342816
4.4039683 88.29966 4.7888775
86.73317 46.801266 6.921022
52.346664 13.092129 4.6416073
34.99656 99.24747 0.64584655
89.91272 61.654003 5.3726144
49.70206 44.887554 0.47279412
41.24054 27.514282 0.10410779
67.11618 26.810675 4.105003
36.84752 0.87809604 4.1219316
68.97215 8.146155 6.100433
41.15049 74.89165 1.3251743
54.658222 10.431744 2.62467
78.35918 31.515654 1.3615948
59.86356 35.369633 0.5308746
70.49744 20.56519 0.84593296
8.709163 23.054268 6.582638
6.4895635 57.37209 3.4298043
26.41897 37.931225 4.795893
12.398111 68.99194 0.12753096
91.76854 41.34625 3.563432
90.668335 29.887068 6.96536
9.79685 18.913311 5.8515563
14.377557 75.15169 2.2069445
73.26826 35.123863 5.194638
4.0089035 95.73283 2.456616
55.63741 63.720516 4.077688
72.28147 37.03397 5.12064
43.409485 89.04874 2.6642134
9.463158 58.88042 0.17907874
73.57254 29.485264 4.397979
56.863087 77.44142 0.36683747
95.72243 22.543766 5.6818724
28.337006 0.5914638 5.183442
57.080692 37.39938 0.7809037
15.746625 76.62265 1.0316682
20.914515 58.773678 6.814294
91.681984 99.603134 5.6614485
39.38211 12.1414 0.2718242
30.34981 9.555704 1.1120976
12.1458025 71.691086 3.0269537
97.4403 28.0542 3.3650205
45.89724 98.95324 3.390359
17.917484 59.580967 6.776179
77.07543 46.327927 1.366728
39.538086 57.217056 2.5394518
30.585789 71.36775 6.267831
8.0666065 46.58668 6.8841953
39.471405 88.18892 6.7466145
88.07926 52.76193 6.262141
97.89438 54.64414 1.7514018
72.362015 84.90139 0.7058746
22.117609 19.205185 6.9901204
84.40232 70.38248 6.0654883
76.98281 87.25356 0.45914406
41.077843 27.28337 0.8905505
3.3292387 32.86207 0.6668623
49.61597 3.0957913 5.130421
96.80292 32.222683 5.419104
79.80006 83.019615 2.938476
47.882435 27.90878 5.827121
83.74565 75.222664 3.2329946
82.666245 36.31628 2.091369
91.19292 38.77405 1.5701724
67.24906 58.274506 6.8115654
49.298256 99.92663 4.5310407
28.369114 76.27881 2.7718637
97.591354 73.84097 2.9625144
5.0
20.0 0.0
69.0 100.0
100.0
50.0
501.00504
200
20.0 0.0
24.139748 1.6560767
25.031282 2.9302695
29.175886 5.1600933
29.929804 8.582424
31.026745 8.678301
29.872456 8.908117
29.960285 9.994261
29.960287 9.994261
30.664476 9.999098
31.112394 10.273096
31.112398 10.273098
30.787085 9.879852
30.787079 9.87985
30.95679 9.875946
30.540134 8.848058
29.416412 9.040307
30.322369 10.0894
30.322376 10.089399
32.71436 10.792528
34.70744 9.41735
39.52756 10.554006
44.376953 10.124189
48.871067 11.285933
52.23696 11.214185
52.236946 11.214187
52.236946 11.214188
52.236916 11.214188
52.23693 11.214184
52.23693 11.214183
52.23693 11.214188
52.197746 11.198547
52.197063 11.186968
52.23621 11.202589
52.23619 11.202589
52.197002 11.186942
52.15782 11.171293
52.19704 11.186941
52.19704 11.186942
52.19704 11.186943
52.197033 11.186945
52.224392 11.277805
52.22441 11.277808
52.185226 11.262164
52.2291 11.4111395
52.2291 11.4111395
52.229076 11.4111395
52.229794 11.390781
52.229786 11.390781
52.229794 11.39078
52.158062 11.220579
52.16887 11.246344
52.219433 11.174401
52.219463 11.174399
52.219463 11.1744
52.21943 11.174392
52.180237 11.158745
52.180267 11.158752
52.236553 11.256577
52.205353 11.253862
52.205345 11.253859
52.205353 11.25386
52.205406 11.253864
52.20541 11.253861
52.24703 11.202581
52.246986 11.202581
52.23618 11.318173
52.21114 11.296895
52.211163 11.296891
51.32258 11.494474
52.24928 11.161362
52.21528 11.348019
52.21527 11.348021
51.38943 11.556866
52.233166 11.30933
52.233166 11.30931
52.233143 11.309315
52.23313 11.309312
52.233135 11.309317
53.20784 11.794255
52.336296 11.329361
52.212467 11.324264
52.212414 11.324259
52.212376 11.32425
52.212387 11.3242445
52.261063 11.260125
52.212437 11.324236
52.26111 11.260121
52.189655 11.236651
52.169365 11.234199
52.169334 11.234195
52.26918 11.191089
52.19782 11.16764
52.22566 11.179401
52.039104 11.763391
52.231754 11.341978
52.33164 11.298871
52.260178 11.275402
53.12284 11.464944
51.957153 11.337482
52.239895 11.272943
52.168415 11.249475
52.168407 11.249468
52.168392 11.249461
52.201527 11.311923
52.201523 11.311921
52.201504 11.311921
52.17176 11.209764
52.271614 11.166675
52.271645 11.166666
52.271656 11.166673
52.372128 11.643201
53.1024 12.347829
52.251545 11.317217
52.25155 11.317213
52.25162 11.317209
52.188377 11.281776
52.160557 11.195058
52.223812 11.23049
52.223785 11.2305
52.231743 11.248381
52.16848 11.212944
52.168526 11.2129345
52.168556 11.212929
51.263058 11.767496
51.911465 11.405477
52.186142 11.242287
52.237762 11.158624
52.19881 11.182643
52.198833 11.182638
52.201538 11.294183
52.19154 11.315861
52.217777 11.201979
52.210438 11.335214
52.210445 11.3352165
52.178856 11.226011
52.24075 11.361873
52.217384 11.178366
52.210068 11.311603
52.22628 11.284935
52.90145 11.284143
52.24852 11.243342
52.241173 11.376579
52.2488 11.216776
52.231087 11.398289
52.24877 11.216783
52.24879 11.216777
52.24876 11.216784
52.238785 11.238459
52.22872 11.260157
52.22878 11.260149
52.228767 11.260149
54.36741 12.539686
52.900993 12.178827
55.66619 13.448473
58.374554 17.647549
61.082916 21.846622
64.737595 24.996292
67.48018 27.767532
69.29909 30.086586
69.29905 30.086586
69.299126 30.086594
69.29904 30.08659
69.29907 30.08659
73.08263 32.85328
74.97742 34.79277
76.87221 36.73226
78.66676 40.978523
81.160416 43.692707
81.160416 43.692703
83.00844 45.676575
84.843376 48.151154
84.88503 50.757896
84.926704 53.36464
86.79283 57.794296
86.83448 60.40104
86.83447 60.40104
87.6019 64.95948
85.59119 69.53137
84.94872 72.79317
84.94869 72.79317
84.94869 72.79317
84.94869 72.79317
84.94874 72.79315
85.11071 72.85571
84.9663 72.277756
84.96629 72.277756
84.80437 72.215195
83.50675 72.76448
82.76382 76.02472
81.12284 80.407745
79.999504 82.660614
78.62458 84.82803
77.249626 86.99546
75.87469 89.16289
74.49976 91.33031
73.124825 93.49773
71.74987 95.66515
70.37494 97.83258
69.0 100.0
