100.0 100.0
100
88.11988 31.454018 5.4870124
5.7111936 29.071781 4.686247
70.32479 58.438824 3.9719403
70.85416 40.058907 2.5883403
88.57791 63.162056 4.4897857
59.352463 40.621258 2.7079372
94.34425 36.733227 0.5960031
58.662895 6.5736265 0.19681181
32.9467 1.6042621 4.141053
66.87358 93.639565 2.7474797
2.7862182 14.020881 2.0916922
34.522472 93.19787 5.3508005
89.6577 61.224003 1.7119468
53.50236 78.25707 5.075761
7.5981283 87.20558 1.6802698
15.399401 48.32264 6.6378455
20.782463 51.009712 4.8611946
85.75306 91.29106 5.9740257
69.27433 40.409203 1.6803752
93.408676 75.79786 4.415958
42.353546 60.640438 6.7036257
0.95283264 15.800123 3.360562
27.06888 6.4990664 2.035813
98.03973 58.38498 3.5953925
30.279867 68.97228 1.0251888
39.59739 30.77207 6.6672025
78.9744 9.550307 4.8954463
68.6133 29.75697 6.4326563
60.35774 96.60169 6.1482124
27.09373 70.33354 5.09395
71.34622 4.1093073 2.9034402
23.558361 5.747085 5.6568375
52.304455 2.1580696 4.103497
7.0709977 74.87025 1.7350373
8.55632 22.483196 3.7661123
87.18593 70.07451 0.42255765
19.87443 33.235233 6.0923214
68.305695 36.356335 6.363987
15.325751 75.7598 3.3844085
71.50842 19.723442 4.896827
94.42406 24.781946 6.460833
45.220917 49.836098 4.249086
90.63002 92.3394 1.8131238
87.96557 19.480288 4.1381717
18.064722 47.540688 4.5040035
71.45155 24.783634 1.2451745
6.477457 76.427505 0.29210612
44.71938 19.50269 6.9807105
48.155964 72.09523 3.7617757
7.706047 88.21805 1.464263
79.804344 15.9554405 3.9316385
96.159424 75.818085 2.0740042
14.042548 28.997173 0.16496092
10.952456 67.28283 1.0985687
1.0467882 2.5372224 1.4929589
3.9946098 26.146105 1.9977677
46.908756 46.66519 4.484514
2.1807241 93.1457 2.8778913
89.173004 71.37678 4.33248
81.51911 38.678608 6.4308977
99.51694 61.5549 0.28998575
61.777504 6.755395 6.2523146
26.58112 88.065384 5.5499454
29.437712 66.40728 0.93417275
26.599627 26.889324 0.7391596
36.04474 12.248683 2.6551437
75.978455 49.275555 4.8498015
23.770954 28.188263 1.7486866
68.298355 45.81775 1.4123491
15.012814 88.75597 0.21448576
83.30417 70.802414 5.572927
21.47499 15.106018 2.6262977
10.37832 85.67262 6.435701
41.374554 64.45808 2.530286
29.78726 50.82868 5.8421173
77.286285 53.42761 6.6185713
61.9151 68.34943 2.8756251
48.793884 7.0276356 2.7429645
42.14712 51.813095 2.1770692
79.11124 61.810116 0.7468764
9.745137 28.212732 1.8515674
97.73422 93.90316 0.10660375
8.749819 97.90873 0.23885046
82.83801 13.676848 4.8641605
89.520386 56.193104 6.7304416
68.28469 34.126606 2.8012013
15.687602 93.20553 4.3539476
45.45694 91.25522 6.8697133
48.613228 31.38567 5.8098774
7.729574 85.988434 1.3226181
36.41294 19.526777 5.0160055
0.6812347 46.56569 6.8389163
67.111404 51.88285 6.9489098
34.067516 41.309452 4.664048
92.84626 35.671898 3.8695095
90.097275 4.2662024 4.9330373
83.53432 63.303913 4.9968557
92.61551 13.514037 0.72818077
87.10541 17.3346 4.522252
3.1185153 79.241005 1.027775
5.0
20.0 0.0
69.0 100.0
100.0
50.0
322.11057
200
20.0 0.0
22.648674 2.1634862
25.64092 5.576758
25.64092 5.576758
25.791044 6.1638675
26.181252 7.352676
27.838232 6.140641
26.851622 6.3569202
27.336363 6.5673237
27.461323 5.700208
25.886084 7.043954
26.694654 7.4860325
26.996695 6.7449217
28.438463 7.0355067
30.984676 9.565594
33.563248 12.250988
36.109467 14.781075
38.12175 17.43743
38.418514 19.62266
38.87689 20.066893
39.714027 21.919004
39.714027 21.919004
38.675453 20.839497
38.675465 20.839497
39.119255 20.6007
39.956406 22.452814
39.956406 22.452818
41.036175 24.28408
41.03618 24.28408
42.85351 25.84005
45.90375 29.588976
45.903744 29.588978
45.931698 29.659634
49.049084 29.508598
53.97684 30.222431
58.64701 30.916363
63.168865 32.90447
67.99383 33.253952
69.625206 34.25061
69.62522 34.25061
69.01786 32.180603
69.13768 33.975956
69.137665 33.975986
69.137665 33.975964
69.014336 34.495045
69.82447 32.649796
68.55529 35.959442
70.91852 34.460293
70.91852 34.460293
70.94388 34.490807
67.24045 35.526993
67.293625 36.04287
67.86012 35.691475
69.03397 34.268093
69.03398 34.268135
69.03391 34.268116
70.113365 35.117954
67.99872 36.143223
67.998665 36.143223
69.08695 39.2805
69.086945 39.2805
69.08692 39.28051
70.17521 42.417793
71.911804 46.950172
73.00006 50.087456
73.874176 52.02024
73.87417 52.020218
73.25161 51.80658
73.406555 51.890163
73.406555 51.89017
73.824066 51.661137
78.01189 53.60621
81.75658 56.823906
85.889206 59.68112
88.00312 61.38412
88.203255 61.708073
88.122246 61.941532
88.28194 61.81368
88.28195 61.813694
88.28195 61.81368
88.28196 61.81369
88.282 61.813683
88.03616 61.649147
88.03624 61.649094
88.081215 61.459263
88.076164 61.568027
88.387924 62.262077
88.12219 61.68685
88.01182 61.562992
88.15748 61.561684
88.0826 61.64978
88.082535 61.649708
88.082596 61.649685
88.128525 61.76845
88.12846 61.768433
88.1285 61.768463
88.27419 61.767128
88.27414 61.767128
88.274185 61.767056
88.10543 61.744537
88.251045 61.74323
88.08227 61.720753
87.397835 61.733917
88.05968 61.762516
88.05967 61.762486
88.139046 61.745773
88.218376 61.729057
88.07821 61.716366
88.38937 62.199802
88.09665 61.7706
88.09659 61.77059
88.17589 61.75387
87.97945 61.328743
86.762 61.821167
88.14911 61.596527
88.017845 61.469204
88.017815 61.469227
88.017845 61.469193
88.12378 61.627373
88.22952 62.066765
88.12361 61.908592
88.12367 61.908543
88.12367 61.908535
87.9521 61.333084
88.17137 61.92528
88.00056 61.067734
88.110825 61.531223
88.26634 61.839855
88.27691 62.08356
88.171 61.92538
88.00018 61.067837
88.40347 62.201176
88.33165 62.20928
88.25441 62.20152
88.20413 61.81547
88.1751 61.706192
88.367065 62.147533
88.32823 61.93075
88.328224 61.930756
88.08566 61.861317
88.28821 61.82623
88.08673 61.67026
88.08671 61.670235
88.32794 61.930767
88.08539 61.861317
88.28793 61.826233
88.04557 61.756798
88.172874 61.694733
88.17288 61.694748
88.05079 61.592533
88.05067 61.592533
88.008026 61.570007
88.19665 61.786224
88.32934 61.998856
88.14538 61.381607
88.0745 61.684017
88.074486 61.68405
88.207146 61.896683
88.023186 61.279396
88.251976 62.14133
88.096405 61.582184
88.096466 61.582153
88.096466 61.58213
88.274185 61.971405
88.13449 61.72528
88.13449 61.725258
88.259766 61.946976
88.23698 62.023994
88.23699 62.024017
88.23697 62.024017
88.15787 62.027557
88.1579 62.027588
88.15796 62.027573
88.19334 61.981316
88.19347 61.98134
88.07066 61.77221
88.10155 61.642174
87.95159 61.291824
88.13352 61.98072
88.66292 61.04421
88.41495 62.343388
88.41491 62.3434
88.283585 61.90075
88.283615 61.90075
88.283615 61.90074
88.28362 61.900734
88.283585 61.900734
88.28356 61.900734
88.28355 61.90074
88.28354 61.900734
88.28355 61.900726
86.61364 66.51471
85.72109 71.34578
83.63795 75.82069
82.74544 80.651764
81.85292 85.482834
78.263016 88.83026
74.67309 92.177666
71.08316 95.5251
69.0 100.0
