100.0 100.0
100
97.02877 68.436646 4.8826704
52.59966 58.608967 4.8140073
97.87817 80.26944 4.9568653
6.264079 93.29797 0.9169781
16.806864 15.582551 4.322412
25.729685 81.692795 4.9014215
44.930676 71.9341 0.5702464
56.49584 38.103115 0.14453663
46.862244 71.53572 5.6715584
75.57961 31.499998 6.455805
89.79768 45.661205 2.2251794
83.73099 62.328957 6.7564454
54.603653 88.85111 6.505275
77.68742 94.08074 2.8393943
34.211098 6.570954 0.17738454
50.573433 26.840595 1.8120189
74.01173 84.69008 3.8803284
3.9574883 82.64274 3.9002876
64.13692 42.21647 2.9170735
70.94459 69.62758 6.911179
73.18751 44.192688 4.100307
74.87656 79.324745 0.4624442
40.90773 73.86293 3.2133808
4.1069965 22.084137 1.5965031
60.490143 60.818043 3.3877685
79.14573 40.71503 3.11498
42.298153 46.25482 1.7666017
20.751612 4.3893394 0.010070762
77.806305 55.564564 6.6308947
5.571729 24.184599 5.8224764
57.356125 12.248958 4.6685443
18.296057 67.34711 0.23254107
79.09551 98.8618 5.543723
9.189122 66.22448 6.9545727
28.72359 96.319435 6.123185
49.995018 41.415924 0.5951832
32.838234 21.609026 5.7074337
31.71604 13.523195 2.0205405
52.23606 82.917274 1.3077791
56.101704 38.919884 0.4549139
55.374783 72.79196 4.0658765
86.29019 73.350655 2.7095063
79.78702 52.877335 0.8244568
46.954754 13.826601 2.7633643
34.68728 53.199 1.2552586
41.968113 18.862917 2.936637
14.238181 66.40609 5.698062
26.202126 92.44511 4.3149285
1.8483776 22.48209 4.332382
81.19116 83.47145 4.027877
79.711006 27.82243 3.189631
19.2571 23.834202 1.9125433
10.869611 7.557542 0.907901
28.585737 3.271056 0.12913008
43.023365 69.83925 4.0166826
18.746983 69.21715 6.19614
90.83954 82.6503 0.7238186
67.347275 53.36176 5.479249
43.654713 39.21367 6.6796956
81.038246 55.82403 3.4054873
64.1844 13.074237 0.373946
13.596974 66.47892 6.5595527
85.20455 0.51891357 0.09522537
97.669365 43.083237 0.5302612
4.3278995 90.6748 1.1415648
52.553913 49.737225 6.9361877
85.32556 28.330229 5.314667
85.60192 69.16655 4.7850785
82.515854 73.19263 5.012492
9.952915 42.152008 2.0964487
49.991684 56.512238 1.7763547
53.908936 14.469469 5.050941
82.727974 56.232323 3.459598
69.69866 55.40671 0.8878006
76.332115 64.55613 4.88834
70.7962 86.543274 4.2777176
89.37271 97.02486 1.9352435
70.38058 68.647575 5.581003
15.208085 8.065345 2.1887817
68.52576 39.356518 1.0412452
46.381145 5.381 3.4528234
68.5995 78.79404 2.7692997
95.01624 24.818703 3.3774192
99.85116 4.070222 3.705244
99.73758 89.66338 6.6925154
55.46017 55.42117 4.5975485
75.60986 76.15537 2.9803555
27.341543 50.987873 3.4301033
46.84354 84.91338 4.6874475
75.461716 65.99304 5.3925796
41.679092 79.29851 6.7046046
30.467058 95.1644 6.590802
48.170128 29.504152 5.995942
40.037827 85.47507 4.983652
40.820198 9.2502365 2.8900504
88.433586 94.7078 0.773633
30.75233 75.54069 5.957529
32.338436 36.829464 5.5950255
12.948771 78.90261 1.1841552
73.52163 52.916107 6.190378
5.0
20.0 0.0
69.0 100.0
100.0
50.0
326.13065
200
20.0 0.0
19.730524 2.4444733
17.880316 4.8347816
16.0301 7.225091
16.0301 7.225091
16.0301 7.225091
16.0301 7.225093
14.179884 9.6154
15.980406 13.75429
14.380024 15.802168
14.380024 15.802169
14.260681 13.491474
12.660299 15.539352
8.847264 18.256336
5.166213 20.896536
3.9831905 21.751009
4.9708586 23.243698
3.850153 21.533007
3.3335876 21.831291
3.3335876 21.831291
3.3335867 21.831299
4.532045 21.739433
4.7229295 21.89682
5.4250617 21.715277
4.908497 22.013565
4.908497 22.013563
4.495877 22.76978
5.1540427 22.984135
3.5111156 22.71898
4.2701063 23.05036
4.9181576 23.170765
3.27523 22.905617
3.9178133 22.49707
4.57598 22.711445
4.9887285 25.058989
5.17929 28.13708
6.7807274 32.63045
8.3821745 37.123806
9.983613 41.617157
10.578057 44.04411
10.76862 47.122192
11.839676 51.972855
13.174522 56.815918
14.245578 61.66658
14.900257 64.95743
15.037058 65.46924
14.688957 65.31781
14.688957 65.31778
14.883635 65.310135
15.4175205 67.95865
15.554323 68.47046
14.320291 65.625885
14.572113 67.05707
14.572111 67.05706
15.019545 69.22074
15.246517 69.2048
15.019037 69.24051
14.586248 69.31368
14.579651 69.311584
13.345617 66.46703
14.962828 64.79875
14.962835 64.79869
14.5355215 65.35007
13.572755 67.893326
15.189963 66.225044
14.993466 65.89536
14.566149 66.44676
14.760828 66.4391
12.877859 67.33136
15.085682 66.92489
14.182457 68.45164
15.29571 68.11799
15.295706 68.117966
14.647383 68.35568
13.667261 66.96506
15.720814 67.58359
13.545278 68.978645
15.251323 69.12848
13.297195 71.03422
14.576792 70.04542
14.444674 70.02631
14.596399 69.987305
13.5347595 70.16463
14.347296 70.009895
14.913868 69.25117
13.055071 69.20346
14.715433 68.52038
14.715433 68.52038
14.715443 68.52044
13.290512 68.31455
14.825216 68.21107
13.208647 68.25477
12.820751 68.10578
12.685813 68.045975
14.447495 68.109055
15.352427 66.73663
14.632835 68.9522
12.920445 67.18255
15.038024 66.72488
13.402332 68.04207
13.402328 68.0421
14.721508 68.16502
14.795573 68.363464
15.022533 68.34752
15.022533 68.34751
15.123972 68.427986
14.353458 68.15781
13.119446 67.89545
15.237036 67.437744
15.644183 67.20971
13.682424 66.95257
15.955637 66.04328
14.489104 65.41258
14.640835 65.37359
15.152748 65.58904
15.152736 65.589005
13.461745 68.42137
13.326796 68.36169
13.4568 68.36432
14.075234 68.878204
12.819409 70.50883
14.340579 68.495445
12.999999 68.83419
13.486681 69.0899
14.196465 69.581154
15.814879 67.77916
14.580881 67.516785
15.13022 66.36869
15.130228 66.368675
15.0498085 64.837685
14.940113 65.76126
14.653891 66.04712
14.6538925 66.047104
15.396112 66.22487
14.162104 65.96245
15.863131 66.76747
15.230647 66.524216
14.988114 66.98902
15.625004 68.06344
14.632575 68.58336
12.805183 67.816895
12.805182 67.81688
15.188347 67.15336
13.360958 66.3869
14.833394 66.17303
14.331252 68.958046
15.238208 69.03836
12.776516 68.99053
15.159683 68.32705
13.349362 68.91215
14.566471 68.216225
14.707741 69.90732
12.944172 70.659676
12.821848 69.093445
14.038958 68.39756
14.038954 68.397675
14.038949 68.397675
15.474457 66.476395
13.63501 67.982445
13.635004 67.98232
15.376177 66.80517
15.376175 66.80514
14.515888 66.41993
14.965394 68.796364
14.965387 68.79643
14.721804 67.52749
13.861511 67.14217
14.889294 64.412155
15.892372 67.8257
15.892371 67.8257
15.794107 65.30469
15.635189 67.80902
15.635189 67.80902
14.158976 68.25403
13.690683 70.39638
15.204596 69.45517
15.634342 68.53288
17.696583 69.97416
22.289356 70.71429
26.882128 71.45439
29.078545 73.81085
31.333645 74.95899
33.530033 77.3153
35.73027 78.705246
37.926704 81.06154
40.20721 82.433
42.44757 83.813705
44.687935 85.19441
44.687935 85.19441
44.687935 85.19441
44.687935 85.19441
44.687935 85.19441
44.460167 86.78523
48.644913 88.59828
50.707138 90.03952
54.17021 91.458755
57.633324 92.87796
60.646385 95.058266
65.17409 97.02931
69.0 100.0
