100.0 100.0
100
62.231293 71.33007 5.2463536
47.760193 76.76131 4.8710346
77.9078 58.52292 6.173229
80.34875 38.874336 4.1564226
66.69483 24.600916 0.578423
53.858307 56.263157 5.399151
94.11505 68.8907 1.5257614
74.12622 25.484453 5.3616223
77.925255 81.929855 4.714383
54.843235 67.45007 5.1207724
12.12114 73.37671 4.8610024
34.50313 95.67051 2.290009
80.26706 9.948273 5.1168246
86.59156 41.75566 5.29748
34.81614 77.34885 6.9841366
61.666317 61.610313 5.9986715
60.7362 83.340645 2.2913976
95.533264 77.13456 1.7311361
52.006466 15.764755 4.597746
80.676575 65.72453 2.6765258
60.525105 8.753658 3.0292497
71.243225 63.801197 6.01867
43.040253 66.047844 0.4126816
90.74041 36.016014 2.782184
19.073538 93.50875 0.011697996
19.01108 37.73506 6.5545974
14.014761 49.86803 4.1154165
14.987688 98.96221 1.0732819
73.99051 80.85323 4.458269
86.50152 4.4370275 6.6880856
85.40676 93.63635 6.6745844
54.495316 58.99444 1.5280337
91.70376 78.48346 3.900384
48.199505 16.839722 6.374214
44.451748 86.938 5.1771274
59.77041 5.9325285 4.163654
1.3439546 56.80412 1.9118495
50.915955 56.884438 0.7215851
68.370834 48.760944 3.7001429
26.985865 98.448166 4.6482
63.04208 80.02714 2.717069
18.973316 19.125307 4.6917973
42.270172 4.5993195 6.9929028
60.340866 91.29021 6.613723
68.42204 98.14228 2.7873118
79.13656 28.497036 5.464738
29.398073 31.021849 4.6999345
50.098225 30.47471 4.018966
58.638504 0.84163296 1.5988959
72.07329 8.664508 6.4645557
21.384832 58.37454 4.876513
88.1809 99.28806 3.4169335
32.26498 50.188747 4.7047634
59.363796 91.88067 0.015090372
70.07273 36.039894 3.8989854
60.946575 70.908325 3.7722316
70.74346 3.678569 5.7183642
13.412668 22.123705 5.034019
31.795332 50.286686 4.9612813
47.60977 46.866234 3.5891845
39.917355 94.02975 1.0472472
8.1922455 16.216658 5.008886
33.229794 25.727375 4.973605
64.15681 93.859116 5.6763372
58.48002 53.73123 4.580261
46.5553 88.293625 4.855305
65.73213 74.84576 2.278121
25.864122 83.5281 6.3363247
51.466522 5.879417 0.6292741
13.949966 72.14931 4.7210193
73.89718 18.883818 1.4985412
19.25276 66.4085 4.1605268
49.322315 46.99174 4.372043
88.141716 93.865036 1.6553046
67.75342 72.581635 4.515659
5.5110865 80.07639 5.7818613
48.616287 26.273056 6.7210593
40.960766 4.4588075 4.5506477
51.812134 49.17227 3.8693185
81.81847 39.519302 1.8310819
80.28411 58.69967 3.8532817
51.94274 98.86256 3.3251016
7.213525 44.548656 2.3301475
60.280743 55.44801 6.2147446
61.93867 52.43423 6.742707
59.88791 85.13245 1.8447593
14.53446 91.37245 3.353125
85.2242 65.89963 2.5273917
8.456637 96.60685 2.6223521
83.029755 62.681984 0.18497886
25.79792 82.89594 5.1519737
41.721287 61.3324 0.5954193
51.822227 77.711 2.8107405
57.455578 95.36976 2.0481308
26.719402 14.554249 4.1413126
90.47449 98.02137 3.5726433
97.30151 43.53804 0.23230776
55.26673 12.239909 6.249593
68.8756 14.672853 0.04592895
57.55408 73.98597 4.742904
5.0
20.0 0.0
69.0 100.0
100.0
50.0
418.593
200
20.0 0.0
24.303785 1.2970238
28.60757 2.5940468
33.292023 4.1002502
37.20827 5.6156135
37.20827 5.6156135
38.031857 6.364903
38.03186 6.3649035
37.99225 4.265506
40.53205 5.635501
41.757984 6.1354284
39.852367 6.0912914
39.852364 6.0912914
41.025154 6.626522
42.941143 6.798668
43.54447 8.105543
48.366974 7.8797607
49.643703 12.458401
50.000668 12.309601
49.921856 12.276005
50.36308 12.329117
50.44776 15.198877
49.720352 14.676391
51.25968 14.091942
53.388744 15.992905
53.388737 15.992912
51.651752 14.880585
50.96649 14.773003
50.966484 14.773003
50.966484 14.773005
51.67681 16.616085
51.18978 16.32227
50.219913 19.953476
50.219917 19.95347
50.3046 22.82323
49.997257 26.594604
49.027386 30.225815
50.081364 34.188698
50.489414 38.75137
50.20178 43.15171
50.286465 46.021473
50.37116 48.891224
54.293884 51.913227
57.74996 55.365913
58.03754 56.842274
58.34615 57.695675
58.829556 57.92586
58.02216 57.0221
58.75697 57.649273
58.440617 56.61929
58.476265 56.7048
58.895683 57.338505
58.647453 57.289616
58.702866 56.64986
59.057205 56.973377
59.091152 57.06135
58.208313 57.81784
58.183197 57.062218
58.29131 57.34919
57.63566 57.529953
57.88339 57.435154
57.848682 57.420734
58.971226 57.973736
57.856754 57.074184
58.64761 57.2845
58.64759 57.284485
57.83439 57.48653
58.377182 56.615726
58.835526 57.407265
58.730232 57.434
57.94223 56.981895
58.98513 56.789696
58.971867 57.33087
58.007008 57.29758
58.099617 56.949444
57.728165 57.49974
58.50154 57.476532
57.936806 57.80223
59.115627 57.41535
57.956665 57.74962
58.5786 57.843224
57.583275 57.278057
57.58329 57.278046
58.826633 57.802498
58.916454 57.718616
57.92111 57.15346
58.365517 57.1496
58.092506 57.652245
58.30141 57.6082
57.930946 57.14994
58.139854 57.105896
57.86684 57.608566
58.13013 57.157497
59.104744 56.83526
58.242485 57.456234
58.686924 57.45233
57.983673 57.549816
59.065033 57.61234
57.49126 57.36924
58.41919 57.44681
58.664024 57.215805
58.812714 57.04717
59.054577 57.028
58.825184 57.75331
58.165516 57.850178
58.88735 56.99623
57.45244 57.45043
57.661346 57.40638
57.66133 57.406414
57.93545 57.526524
58.708702 57.54183
58.736237 56.71754
58.985054 57.232746
58.637825 57.01641
57.975075 57.313007
57.97505 57.312977
57.71305 57.665695
58.70469 56.67163
58.93431 56.618385
58.847847 56.62601
58.847855 56.625988
58.84782 56.62599
58.76133 56.6336
58.569588 56.63214
57.750626 57.4761
59.052708 57.198
57.88743 57.34004
58.18552 57.48209
58.185528 57.482124
58.42741 57.462948
58.340916 57.470566
58.582775 57.4514
58.314003 56.893974
58.312817 57.68237
59.006275 57.696808
58.00477 57.445755
59.175655 57.127052
58.21859 56.937664
58.620853 57.52051
58.615467 57.520214
58.816875 56.884632
58.995625 56.254425
59.01148 57.78737
58.007816 56.942192
58.912796 58.153553
58.912804 58.15356
57.502853 57.324715
58.876167 56.770046
58.1641 56.74028
58.164116 56.740284
58.57673 58.041016
58.920094 57.92296
58.920017 57.922974
58.090572 57.903183
58.090565 57.90318
58.090576 57.903152
58.844208 57.301945
58.844196 57.30197
58.844162 57.302002
59.121124 57.181183
59.121136 57.18118
59.191315 56.912853
59.191353 56.91291
59.151928 56.39253
57.88131 57.06885
58.86268 56.73998
58.633022 57.384087
58.62769 57.383823
58.791744 58.047142
58.79175 58.04715
58.815037 56.694843
57.81565 57.44171
57.81568 57.44174
58.167713 57.75927
58.088837 57.37792
58.516308 56.878883
58.664677 58.157383
58.84653 58.00275
58.210823 57.211147
58.21084 57.2111
59.16201 56.987907
57.812237 57.029186
58.205936 56.77512
56.88754 55.705257
57.687435 58.18094
58.192654 60.747726
57.5069 65.43155
58.157833 70.24273
58.157833 70.24273
58.15783 70.24274
59.07756 72.82588
59.58278 75.392685
62.184464 78.610695
62.73442 82.29966
63.284378 85.9886
64.12623 88.64952
64.63147 91.21629
65.136696 93.78307
68.49477 97.43323
69.0 100.0
