100.0 100.0
100
93.176056 20.716698 1.1658173
83.0727 72.76704 0.19608092
9.828635 5.4125204 2.9461255
23.452755 72.14175 0.026562475
83.95839 63.316 0.3541929
32.014286 59.567516 2.8749094
96.98412 25.034515 5.6768823
42.92769 0.6640541 1.01416
85.452 18.039082 1.3013159
56.644585 5.0218487 6.587205
46.75402 9.743557 4.164532
34.021385 44.52607 2.5625603
23.050144 59.35982 4.7929664
68.72557 70.1196 3.9073112
26.376585 13.458742 6.572426
88.92971 75.7569 2.4830956
98.06234 34.978867 5.428436
67.62556 54.948975 4.0994163
49.63832 38.19837 3.51624
95.88107 60.960987 2.2032695
97.67693 99.34589 0.12566705
4.7444596 62.87263 1.8120421
29.789827 63.852142 0.7257994
35.971756 10.491959 6.504606
72.884026 99.512184 1.1883415
14.629402 93.83688 2.231617
88.6207 13.509753 3.0040128
79.02837 32.236877 3.4278343
25.35492 64.622345 1.6289111
16.757448 15.290859 2.8978262
15.017098 64.65032 4.60628
47.305016 22.423494 6.1271443
17.460072 95.534096 6.991945
1.830747 72.37844 0.37302768
87.74647 55.07743 3.1331778
95.2041 0.67820305 0.66657907
89.6889 79.39674 5.8285284
70.29994 90.385574 0.060257096
24.329092 67.40202 0.7594872
83.35966 82.67723 4.712769
73.34573 85.235756 5.7983246
56.69312 49.93318 0.75436676
21.277334 56.602844 6.841238
3.023644 35.05499 6.9971743
48.185665 55.228657 2.5753782
86.37243 32.923965 0.6419977
45.96015 16.158932 1.8925375
86.76296 24.05922 0.20892824
7.537537 38.037403 4.901523
92.21436 97.61577 0.9198083
11.025331 45.08044 5.6143694
39.59818 63.711487 6.5005054
60.869152 63.234444 5.252731
56.760998 94.50803 6.5362487
89.96681 66.94577 1.1126492
4.312661 39.772102 0.1101805
82.87839 38.053196 6.2848377
98.92011 72.60921 4.66787
27.732147 42.570877 0.9526931
44.231056 75.59132 1.2480793
51.255295 43.763855 6.022468
84.80706 78.48528 1.8825153
44.539253 46.93005 4.0675197
19.133118 19.313175 6.5802097
1.7316332 17.357733 4.305811
61.778255 18.672981 0.8127033
6.516249 42.35838 3.3393912
77.536575 45.8861 6.5539284
98.90949 89.68023 1.3620832
67.76644 56.23982 1.9351436
22.737894 64.29062 2.4945855
68.58242 57.81687 2.8187654
92.39734 40.024483 0.21049708
6.306091 84.66846 0.42682445
47.442516 64.927475 1.6431309
55.49702 91.61379 4.941365
64.75591 93.6543 0.5204489
12.949985 77.78061 4.3228035
0.05015503 83.32027 1.7263162
89.72588 74.824165 4.0286613
52.706287 19.012625 3.2421606
27.396645 28.058088 3.4421513
69.33262 2.6835308 2.43894
55.549328 77.543304 0.24856499
75.5354 83.06627 6.9275327
35.54571 32.693115 3.961026
87.116554 10.990215 1.0199784
63.344505 11.21232 4.264716
62.970055 86.4916 1.9074363
82.801834 96.749626 0.6082751
68.02904 80.48709 1.0695868
57.773888 65.5234 6.426845
65.31753 73.20167 0.03172427
78.3868 67.45116 0.33011255
30.460632 19.052616 3.18285
11.506664 27.800634 6.029549
99.99014 90.11153 5.292062
17.777506 56.35309 2.8352199
8.451609 86.87378 6.3876743
72.645996 97.44709 0.87162524
5.0
20.0 0.0
69.0 100.0
100.0
50.0
326.13065
200
20.0 0.0
20.57622 3.4184384
20.559288 8.315075
20.542355 13.211712
16.336916 13.782831
18.778187 14.4690485
21.219456 15.155266
21.219456 15.155266
17.014019 15.726383
16.882189 16.713741
16.837183 16.914673
16.837187 16.914669
16.741125 17.564928
15.352493 19.211521
14.695441 22.823822
14.695441 22.823822
14.563615 23.81118
14.563615 23.81118
14.58442 24.010117
14.58442 24.010118
11.32908 27.263271
8.660954 30.988945
7.207547 33.949326
5.75414 36.909706
4.3007326 39.870083
4.3007326 39.870075
4.3007326 39.87008
4.3007317 39.870075
4.3007326 39.870075
4.3007326 39.870106
4.3007326 39.870102
4.322777 39.85853
4.344822 39.846962
4.344822 39.846962
4.371216 39.839867
4.371216 39.839886
4.393261 39.82834
4.393263 39.82835
4.3668594 39.835423
4.3668585 39.835423
4.3668594 39.835445
4.3668585 39.835438
4.3897047 39.824883
4.376342 39.833866
4.37634 39.83387
4.376342 39.833866
4.37634 39.833866
4.3462987 39.847904
4.3462977 39.847904
4.3462987 39.8479
4.3423204 39.85285
4.404557 39.81311
4.4005804 39.818047
4.402061 39.81897
4.3715777 39.81199
4.3715787 39.81198
4.37158 39.81201
4.315447 39.86882
4.315447 39.868805
4.328738 39.871124
4.3861675 39.828217
4.3861694 39.828236
4.3118763 39.87936
4.3006525 39.877186
4.3006525 39.877224
4.3006525 39.877243
4.3308134 39.852966
4.3527956 39.849533
4.4196787 39.786835
4.4122477 39.79094
4.3682365 39.820557
4.3682365 39.820545
4.3537216 39.856705
4.3537216 39.856674
4.3537216 39.856674
4.380275 39.797653
4.3348627 39.862244
4.3348627 39.862286
4.334859 39.862263
4.3236322 39.86016
4.3310614 39.856068
4.342284 39.85838
4.342284 39.858368
4.4048214 39.808655
4.3790855 39.84265
4.4026356 39.78784
4.4012375 39.788208
4.4012375 39.788227
4.353508 39.860516
4.3609385 39.856388
4.412478 39.790276
4.3812904 39.85132
4.3812923 39.85135
4.3700686 39.84916
4.3700686 39.84913
4.393836 39.803833
4.3255444 39.84105
4.3255444 39.84105
4.3255444 39.84107
4.3255453 39.841087
4.3938284 39.80392
4.3924284 39.804283
4.403654 39.80644
4.403654 39.80639
4.403654 39.806374
4.403654 39.806347
4.3924294 39.804176
4.375289 39.835667
4.3901434 39.8157
4.3901463 39.8157
4.3975754 39.811657
4.3975754 39.811638
4.3975754 39.81169
4.3975754 39.81165
4.4050045 39.807583
4.4049997 39.80759
4.336708 39.844826
6.0703154 40.747276
4.3993073 39.77845
4.3993073 39.778442
4.3993073 39.778473
4.3993073 39.77849
4.3993073 39.778473
4.343007 39.862545
4.343007 39.86254
4.3832884 39.822876
4.3191347 39.85971
4.3191347 39.859695
4.3191357 39.859715
4.356746 39.860256
4.3567467 39.860268
4.365572 39.855625
4.345145 39.86084
4.3246984 39.866596
4.3246984 39.8666
4.3623095 39.867134
4.3623095 39.86709
4.3623114 39.867065
4.3711357 39.86241
4.3711357 39.862404
4.352948 39.820717
4.352948 39.820763
4.3225393 39.857475
4.3225393 39.85751
4.3225393 39.857548
4.3359823 39.879364
4.3434134 39.875187
4.3798532 39.83466
4.31711 39.85751
4.31711 39.85753
4.3058844 39.855446
4.3058825 39.855453
4.3447046 39.863205
4.3367777 39.855145
4.3367777 39.85513
4.3554354 39.853058
4.3554354 39.853104
4.3250723 39.85966
6.1461945 42.6514
9.593518 45.564804
13.040844 48.478214
15.946608 52.324543
17.643501 54.566708
19.425373 58.54845
19.425388 58.548405
19.425383 58.548416
19.425375 58.548416
22.403925 62.04164
21.611633 62.45165
23.02314 62.85109
23.802563 62.06214
22.17955 61.969154
21.864714 63.377438
24.224989 63.56191
21.864712 63.377434
21.864727 63.37744
21.864708 63.37741
24.124626 63.67286
25.979292 65.38705
30.051998 64.00187
34.390003 66.172646
37.929806 68.35625
39.784477 70.070435
42.177967 72.725945
44.571457 75.38147
44.571457 75.38147
44.751587 76.70404
44.909428 81.72257
48.107822 83.52729
51.306217 85.33201
54.780075 88.881714
55.963425 89.30502
58.008858 90.89783
60.037422 92.87449
60.037422 92.87449
60.037422 92.87447
62.082848 94.46717
64.00733 96.421715
66.47537 98.02585
69.0 100.0
