100.0 100.0
100
56.20626 70.47265 2.2609158
23.332064 25.582794 0.37431255
82.42882 35.295708 4.7531567
50.63328 53.474236 1.7406024
61.726963 96.76893 6.730379
63.87624 23.652796 3.6557446
16.140953 9.6178055 1.1738757
64.13766 71.35454 5.477561
63.51816 87.45911 3.959931
33.77039 92.94183 5.839586
43.6793 66.47848 3.7588003
6.3506436 20.236118 0.6468264
10.521124 3.1064727 2.8590763
24.441418 58.213337 3.3716066
53.242035 44.957806 3.6938531
21.787985 54.50876 1.6527562
50.274956 26.592451 3.8182929
21.441648 68.854416 3.5449011
86.6668 33.286827 6.580998
64.72404 13.40184 4.6463904
71.69719 3.3261337 3.6581948
47.78059 65.10857 6.8732667
27.277075 42.3668 1.8930634
33.59912 96.19398 4.5694637
67.507034 50.32729 1.9201385
4.9849477 15.8499565 2.5307047
20.728434 89.24201 6.706606
83.89982 41.850674 3.4170685
1.8448948 64.1369 3.748591
64.42218 34.268616 6.616253
68.41803 60.66728 2.7263622
2.334983 14.29253 6.2825
33.58895 19.351196 3.430324
19.13035 27.015491 4.8401594
30.584005 72.53011 6.9301057
50.46273 3.4849443 4.7710633
93.58332 34.951538 5.230316
50.989815 25.340424 5.4920526
2.278114 86.13677 1.1486999
90.468506 17.958763 3.5340707
4.820882 98.61537 3.0587041
50.83266 82.62762 0.26858312
49.364063 12.079994 5.620227
28.746874 77.74803 2.605822
30.869492 52.461662 3.6049209
80.686424 62.278545 3.9970894
15.07253 24.544518 0.5397508
10.513015 50.42255 2.4417138
77.997375 96.59067 0.3501052
58.10324 42.850277 1.2988405
36.25721 34.83373 6.091197
7.3404007 28.333765 6.7119255
78.500496 33.72306 5.6109314
64.63821 56.670692 5.3615975
19.747442 35.619312 2.5717556
37.282932 23.14542 4.0502844
44.322334 79.89124 5.8492193
0.35582232 96.2163 2.8235455
83.31369 28.81601 1.3820081
37.851055 66.52607 0.7803602
98.79942 69.66757 3.6022947
82.49684 22.451971 1.161612
78.06192 81.09838 1.6896733
12.346713 13.708091 4.7196975
39.081104 91.77654 6.82734
95.505104 78.146774 3.2949774
71.18933 3.328692 5.017569
1.9616346 9.714195 5.218101
33.730515 76.0916 0.31539863
1.7618856 38.151035 4.492962
16.182842 36.617653 6.346371
55.162575 70.992805 4.727362
18.188395 62.191387 1.3018059
29.01107 42.454636 0.26489908
30.76728 33.347664 1.2523984
58.54767 42.14156 3.1787636
71.0998 59.586365 5.9923525
74.38011 79.95686 0.12307351
42.334133 71.34522 3.265471
23.896315 2.3146799 2.9027207
19.095173 56.934837 1.5292064
85.54721 38.627647 4.879001
37.65447 35.981472 0.88049275
4.1539273 75.86511 0.5442015
95.06509 92.57134 2.8565297
42.304344 4.6966763 5.1545444
92.42953 4.432865 4.290595
61.710526 56.15329 3.5810354
9.558044 99.260376 3.009868
2.987594 52.6906 6.7744956
54.51565 39.664547 2.9342883
68.432106 78.22743 3.4532702
22.9027 3.5697763 1.8709424
36.85171 16.27345 2.6338725
14.411807 14.064283 6.822138
37.385853 51.03918 1.6645327
10.451486 96.70307 6.303809
62.955418 49.60797 0.9944082
5.0798645 3.6026824 3.4911232
52.228947 16.875101 0.3655792
5.0
20.0 0.0
69.0 100.0
100.0
50.0
323.11557
200
20.0 0.0
19.070053 4.9067554
17.715923 8.287529
15.034912 9.90482
11.715976 11.557543
8.397039 13.210264
8.016134 13.739809
8.213814 13.391848
8.12704 13.543348
8.12704 13.543346
7.9241285 13.891049
7.9241295 13.891052
8.312396 13.615355
8.329381 13.181556
8.329381 13.181551
7.948475 13.711096
8.092155 13.570256
8.0921545 13.570257
8.092153 13.57026
7.7504377 13.83352
7.750436 13.833526
7.750437 13.8335285
7.750437 13.83353
5.448764 13.502871
7.920516 14.119507
7.920516 14.119509
8.536229 14.151195
8.53623 14.151196
11.007984 14.767832
14.196945 16.714296
19.003567 17.74858
22.636131 18.231684
27.025063 20.47533
30.657627 20.95843
33.41639 22.657753
35.026974 22.060755
37.78574 23.760078
40.831646 24.507662
45.59999 25.648087
48.07173 26.26472
50.718674 26.974209
53.01527 27.497986
53.01522 27.49799
55.662163 28.207474
59.88582 29.75262
64.59257 31.130642
68.81622 32.67579
73.36177 34.003456
78.06852 35.38147
82.29218 36.926613
82.465904 36.88807
81.469734 36.536015
82.19785 37.35227
82.88801 36.680927
83.578156 36.00959
83.02107 36.153854
83.09288 36.338974
81.50036 36.098476
82.8075 36.10188
81.96112 36.486115
81.25765 36.425022
83.10982 36.79799
83.067505 36.82513
82.8875 36.816383
83.465805 35.182507
83.89669 34.699047
83.716675 34.690292
82.947525 36.820217
81.28914 37.0327
82.936325 36.090786
82.936356 36.090805
82.93629 36.090797
81.27784 36.303295
81.384674 36.245914
81.81199 36.0332
82.81103 35.401943
83.36394 35.3944
83.58565 35.562202
82.457375 37.516346
82.45738 37.516357
83.64841 35.4468
82.46378 37.621468
83.19441 36.657364
81.20652 36.712578
82.37563 36.41547
81.524315 36.74958
81.781235 36.947124
81.781235 36.94714
82.48454 35.188427
83.75435 35.299164
83.35274 36.095303
83.352745 36.0953
81.44474 36.28936
82.8553 36.57215
83.44246 35.186943
82.50785 34.944992
82.64042 34.92845
82.35289 35.898956
83.08046 35.37946
82.36893 35.611485
81.71352 35.92268
83.67313 35.501514
82.74413 36.504757
82.70182 36.53192
81.4402 36.533356
81.18681 36.44558
83.69644 34.63096
83.83314 34.982246
82.83309 34.626472
83.47541 35.23566
83.47542 35.235676
83.79902 35.078415
83.30319 34.995857
83.268745 34.99809
82.78929 35.268173
82.32863 36.04301
83.91341 38.78212
84.07405 38.783607
84.07402 38.783638
82.89695 38.63447
83.145065 36.46665
81.618645 36.968075
84.92961 39.143085
82.923584 34.642445
81.70958 36.86077
82.195816 36.807755
82.70087 35.824192
85.13891 38.832607
85.13895 38.83263
83.46394 38.5656
82.69542 36.46587
83.182846 35.322426
83.57283 35.575737
83.572815 35.57572
83.572845 35.575737
84.06025 34.43231
81.843895 35.59863
82.58623 37.110775
83.07667 38.793602
81.71112 37.097775
82.08632 35.495346
82.086334 35.49533
83.2531 36.6127
82.31813 36.346016
83.592094 35.430904
82.69581 35.391537
82.26112 35.369553
81.86214 36.29422
83.07401 34.8672
81.85996 37.085526
82.66405 35.38074
83.53056 35.315556
83.53054 35.315525
81.66273 35.995678
83.108826 36.041084
82.8668 36.594402
82.02185 36.538895
82.02184 36.5389
81.711006 36.249657
83.217514 36.006886
83.21758 36.006893
81.7742 36.728867
81.87746 36.59322
81.54419 36.61084
81.45863 36.54006
82.376 35.654114
82.05784 35.726704
81.97226 35.65594
81.65412 35.72853
83.19772 35.497414
83.19766 35.497486
82.864365 35.515114
82.864334 35.51512
82.343216 37.75807
81.90806 39.410748
79.887596 42.22994
75.56234 44.41029
72.87017 48.58665
68.54495 50.76702
68.31917 54.507378
68.093376 58.247738
66.733864 60.578186
66.73387 60.578186
68.353195 59.086014
66.99371 61.41646
68.893135 62.482784
67.15597 66.90342
67.184456 69.818146
67.21297 72.73287
67.24147 75.6476
67.24147 75.6476
67.2415 75.64757
67.24149 75.647575
67.43692 78.35339
67.63231 81.05922
65.00656 85.24124
65.20196 87.94706
67.00335 92.62061
67.19867 95.32643
69.0 100.0
