100.0 100.0
100
46.032063 9.522786 1.5399252
74.35128 48.71955 5.432419
23.022144 1.6276418 3.6954916
16.068329 96.930084 3.1728992
91.83202 20.396059 6.1275873
71.426384 10.986567 5.783725
20.199673 67.98806 1.5042832
96.17274 89.020485 3.223705
46.096855 90.54839 0.47633106
63.86353 16.670317 6.6207004
92.36603 63.289925 6.7306056
7.3709784 36.58508 6.2502484
32.07081 1.0328655 1.5244353
19.974054 18.21151 1.9423381
40.469906 62.61775 2.4947283
17.03197 51.88535 5.9597306
34.339615 86.06387 0.1864747
61.791695 15.26743 5.7333484
79.76739 65.32182 4.255107
34.75453 86.106606 0.5580056
83.43781 5.9186883 5.1529393
41.367508 36.355656 2.8370373
15.445003 57.117477 5.828908
99.820564 51.544952 3.2505736
66.197845 27.769682 0.032179754
37.214157 71.42195 0.44280937
91.092735 97.07137 1.2907703
18.42456 64.41464 5.2186527
59.443447 11.1356535 5.8379617
46.617096 83.76104 5.4164596
40.864536 83.1244 0.017844414
93.40731 12.479928 5.058307
18.033735 82.45871 1.7255719
60.310318 80.33536 2.685106
50.450607 15.797524 6.9322796
53.0631 11.710557 5.037631
40.965206 62.93944 4.3255334
29.264185 28.953138 1.7105043
3.298079 70.98161 6.218851
68.75286 48.675564 3.7678454
74.917175 69.397285 5.2518907
90.65074 28.336065 6.554147
66.38745 40.557507 2.739802
68.20947 30.506231 3.3162653
52.728504 75.343796 2.2477152
54.989857 50.695694 2.2926495
70.22383 58.064514 0.5712071
40.31253 99.19478 0.18289894
79.28147 21.270004 2.7405434
25.792177 20.68177 2.298342
63.09823 51.723732 1.6009601
53.81429 17.361559 4.391631
51.870167 37.040203 5.2221193
22.910496 6.112767 6.701591
63.568844 85.018814 0.7790777
1.6682689 87.67072 6.6382413
91.5886 40.265556 3.1379502
93.20051 45.66527 3.8203132
99.10051 31.38727 6.2333794
36.73029 23.944569 5.6208158
92.596954 22.193241 3.8112183
39.83972 55.11449 4.428548
4.867155 74.7284 6.1602182
35.226196 1.001809 0.43644038
76.337425 61.40879 4.1616993
55.826557 51.979633 0.9681823
0.49358055 18.690939 1.7890164
16.400595 91.99819 0.047505934
80.163605 32.008377 1.5831715
6.301018 78.74698 2.5424168
41.505554 8.570162 6.184662
80.64119 5.8922267 5.040853
17.22562 0.67908466 5.672765
95.61758 73.69793 0.20086344
85.12837 62.07761 6.5927763
88.40839 43.79868 4.165612
33.387905 67.73187 2.5637512
31.736464 15.751811 0.39701238
50.871494 74.90868 2.1145043
75.8615 38.77269 4.836554
72.03493 69.79569 2.2910092
88.86154 83.40348 4.9099855
21.749231 51.53778 6.9004555
84.86154 27.722853 4.027641
84.69478 91.9113 2.9480507
92.17449 38.56679 4.142964
41.593575 30.835278 4.7240677
60.32411 38.058914 3.8070126
38.84939 25.797968 0.7989298
0.5318598 82.96848 5.787511
13.43519 45.195484 6.694838
90.80161 86.60494 0.4347825
14.237033 40.32035 1.0510073
15.593107 14.227291 4.9514003
92.47233 47.864 5.2291303
56.87534 15.659512 0.16670522
53.53753 38.70163 4.629569
98.72701 55.2219 1.1408154
90.46629 81.98268 5.9538198
83.94851 33.65835 1.0911883
5.0
20.0 0.0
69.0 100.0
100.0
50.0
421.60806
200
20.0 0.0
21.237696 0.65001106
20.871696 0.7985653
20.44946 0.063349485
22.745424 0.29413867
20.554007 0.542227
20.48328 1.899352
22.649971 1.7324032
25.487343 2.6556287
28.324722 3.5788522
31.162102 4.5020766
35.729095 6.5521245
39.948387 7.404726
44.51538 9.454773
47.214073 10.458972
47.214073 10.458972
47.214073 10.458972
51.87534 12.089926
56.245945 14.482828
56.299076 14.492762
57.044666 14.768517
56.913815 14.541622
56.31489 15.027956
56.706806 14.695396
56.582645 14.287163
56.6358 14.297094
56.942734 14.542786
56.995888 14.552717
56.176235 14.3571205
56.81064 14.43339
56.81168 14.433477
56.224472 14.84163
56.224457 14.841625
56.166233 14.842907
56.96705 14.486224
57.0202 14.496157
56.081837 14.797136
56.861008 14.549232
56.32193 14.2731085
57.17614 14.553947
56.5588 14.642274
56.525963 14.635551
56.74082 14.677662
57.180008 14.576645
56.13621 14.919364
56.38219 14.288587
56.573967 14.503502
56.641327 14.755291
56.59683 14.696243
56.59682 14.696243
56.67544 14.96294
56.41699 14.8686495
56.478592 14.929825
56.558193 14.8668785
56.977665 14.856842
56.79129 14.798792
56.791313 14.798784
56.766994 14.436098
57.069687 14.714693
56.913498 14.426369
57.100155 14.689292
57.00159 14.61976
56.17123 14.436487
56.978836 14.6185875
56.978836 14.618588
56.935745 14.757622
56.352077 14.654959
57.03496 14.7316885
56.99048 14.672641
56.19219 14.405854
56.87509 14.482585
56.350433 14.699384
56.30587 14.640337
56.624676 14.946025
56.84118 14.400942
56.230614 14.800983
56.487194 14.330303
56.82025 15.021149
56.82028 15.021149
56.97602 15.631802
56.782753 14.352663
57.01628 14.548737
56.263435 15.071943
57.02375 15.63494
56.156467 14.380175
56.718575 14.197467
56.43816 14.10161
56.466625 15.116701
56.963917 14.768568
56.32673 14.973078
56.4625 14.920606
56.35801 15.3324375
57.33487 15.745874
56.44938 15.331112
56.804573 14.698933
56.87067 14.733601
56.77613 14.69289
56.33979 15.247345
56.363655 14.648394
56.439487 15.314291
57.305534 15.926041
56.183163 14.242434
56.797047 15.583403
56.7513 15.00743
56.234955 14.290105
56.426376 15.090177
56.219944 14.380025
56.27348 14.546278
56.458115 14.641073
56.363567 14.600367
56.56583 15.239153
56.33729 15.149668
56.130844 14.439512
56.93508 14.769378
56.93686 14.621225
56.144905 14.638796
56.391525 14.4993725
57.104416 14.578785
57.10441 14.57879
56.510086 14.951006
56.96586 14.66319
56.11883 15.179592
56.57456 14.891777
56.25523 14.888138
57.339935 16.38615
57.327045 15.945629
56.908863 14.45217
56.171883 15.3241625
56.171925 15.324163
56.444527 14.87722
56.56734 14.693678
56.267826 15.069172
56.31915 14.334359
56.523727 14.499176
56.920265 14.910835
56.637314 14.384976
56.467464 14.019814
56.467495 14.019816
56.507652 14.160222
56.507687 14.16021
56.644943 14.282088
56.62348 14.46121
56.47493 14.680318
56.89586 15.704334
56.280155 14.874149
57.34302 15.8569565
56.49642 14.501204
56.917328 15.525221
56.236496 14.975731
56.315998 14.030371
56.76589 14.143982
56.44382 14.179283
56.205193 14.5696335
56.7076 14.894749
56.273422 13.995926
56.47597 14.088788
56.809048 14.819888
56.374878 13.92107
56.88109 14.907963
56.314392 13.845669
56.88109 14.907957
56.3144 13.845663
56.872444 14.321913
56.57294 15.233393
56.200096 15.61787
56.200066 15.61787
57.274025 16.089855
57.877106 18.697132
60.617935 20.078007
63.311874 24.014874
66.238556 28.006218
67.03511 30.716629
67.247925 33.44458
67.922134 38.329407
68.718704 41.039825
69.77544 45.86725
69.77544 45.86725
69.77543 45.86724
70.33627 48.34554
70.897125 50.82384
73.29645 53.568916
76.094765 57.307873
78.58343 61.617905
77.10247 64.711136
77.32174 64.78412
77.32178 64.78412
77.32179 64.78412
77.32176 64.78412
77.32176 64.78412
77.32176 64.78412
77.32173 64.78412
76.53615 67.37149
75.34226 70.31374
73.827446 74.202034
75.39838 78.81749
73.45299 82.93423
71.5076 87.05098
72.890785 91.76655
70.94539 95.883286
69.0 100.0
