100.0 100.0
100
31.102058 93.22845 4.7865443
53.894695 12.601814 0.3814047
37.125713 84.28066 0.30537218
35.489822 62.620937 6.697381
61.087734 66.89717 4.244086
85.07122 67.68275 6.3641376
6.6875057 12.411943 6.671386
96.33861 59.861595 3.429065
15.89729 7.4544225 3.0375686
12.85835 11.729419 6.9385266
16.825876 77.838776 3.9266279
1.8634853 44.095467 5.542325
28.650017 87.5005 5.033702
46.570744 57.077744 2.0721178
64.192894 8.739723 6.498928
91.56022 76.79869 3.663798
65.078186 56.65341 2.1490178
55.722343 31.304535 6.597602
84.30957 41.26466 2.5665288
58.49904 68.823105 5.3315983
77.16238 12.292636 0.9636928
6.3123503 98.17723 3.0781121
75.46186 71.1933 1.090989
19.209183 25.240171 5.814478
85.255615 28.43769 3.7780137
28.547606 29.771048 0.52649176
31.375975 61.31486 0.048530366
15.186219 43.02963 3.9424045
5.9689174 66.51729 5.425366
95.59822 6.9943266 5.5772214
75.92141 91.90679 6.5831976
63.394043 54.319454 3.2177346
70.48308 6.0302057 6.919742
14.183016 71.85945 3.911796
8.297348 68.065025 4.173595
28.9893 93.562546 6.151082
13.393443 84.72602 5.5541186
22.929716 84.63848 0.9272997
6.55289 45.72949 6.087139
22.958395 12.143158 4.8168983
7.7617555 57.553844 5.8522635
13.278861 24.23448 5.721
84.08159 59.706036 4.9356823
91.88109 55.634697 5.87206
55.3953 33.491085 2.237363
12.443456 71.69412 2.7388232
27.827372 70.72506 3.666047
45.214024 18.925192 1.5632576
41.97951 97.61307 6.0462136
4.607278 87.3748 3.8410137
88.206 49.02765 5.7687297
68.308334 94.036865 2.6682632
57.115936 75.68105 4.6705503
96.16785 63.280224 0.90329397
17.251778 47.329426 4.3960185
56.463284 71.99288 6.490391
24.450615 54.78318 2.9335997
37.69534 61.98792 2.3660798
72.762856 60.49136 0.8035514
60.189453 44.032883 6.338414
3.3839314 21.473522 4.0493417
50.192097 98.23691 0.72818357
3.4650037 81.30396 2.5014327
40.167557 80.80689 3.7753234
3.6264722 80.62346 4.6066327
40.769608 17.026102 4.8558836
39.61852 89.45908 6.485142
97.190414 68.5464 2.9735966
69.47783 13.170909 5.365847
32.598656 29.226131 0.03488971
44.437344 72.801056 2.253439
77.35421 84.235306 1.9527981
3.857115 81.8626 1.3505701
39.785355 80.53809 6.9637923
58.005142 55.090694 5.1792107
92.50041 51.299957 4.2436113
55.083557 67.30809 1.8129916
91.049866 2.7806013 0.79590887
70.59713 24.82121 0.4268409
18.12087 59.577213 2.5827427
32.2991 82.468475 3.4037786
2.8693533 83.1666 2.9455192
19.937773 41.650906 0.58131945
54.736317 47.27531 0.8230638
87.427414 23.494787 3.9934556
69.241135 41.488216 5.638404
76.6352 46.08387 1.6233857
12.8938875 41.242126 3.086049
49.187458 18.408806 4.483749
40.842056 49.08298 0.20008259
0.97937286 43.474766 2.832839
42.04325 40.227955 5.7977915
59.015606 14.920989 1.9782546
46.035244 81.55911 0.32357317
14.320879 23.858685 3.6884186
6.4267597 34.559032 0.16007309
30.717749 89.03546 3.419544
89.60307 48.53813 1.1678139
87.16259 20.631163 3.2449946
0.92852724 98.00951 6.6041546
5.0
20.0 0.0
69.0 100.0
100.0
50.0
385.42715
200
20.0 0.0
17.677906 2.7816188
15.836484 5.5771103
13.995062 8.372602
12.793474 13.207621
11.66493 15.638178
13.497046 18.55534
15.329158 21.472507
14.825164 22.497051
15.464878 22.470009
15.464876 22.470009
15.425505 24.172573
15.425505 24.172575
15.425503 24.172586
14.277317 23.518667
15.764906 24.10124
14.230078 24.040768
14.190699 25.743336
15.427095 24.657078
15.782312 24.800812
15.942553 24.436598
14.021925 24.44056
14.561514 24.002192
14.561516 24.002182
14.724127 23.77183
14.724127 23.771824
15.952799 22.97134
16.435526 25.386217
14.52103 24.478504
13.830391 24.670101
16.261885 24.823694
15.804003 23.342596
17.751 23.792423
17.751 23.792418
17.751003 23.792408
17.21995 23.788431
17.219948 23.788427
16.715952 24.81297
15.505878 25.18957
15.001871 26.214128
15.001871 26.214123
15.541458 25.775757
16.570362 25.829132
15.360289 26.20573
14.825917 28.743439
12.918869 33.260754
12.750728 38.221886
12.216356 40.759586
11.681984 43.29729
11.61969 43.969692
11.619689 43.96969
11.072565 46.746655
10.398003 49.40425
9.850877 52.181217
9.224932 54.939354
8.677811 57.71632
8.0100975 61.93138
7.566113 63.112724
7.018994 65.889694
6.39305 68.647835
5.8459225 71.424805
4.1713247 76.12244
3.840353 80.797134
4.0025377 81.14232
3.92102 80.69695
4.387894 81.18634
4.437383 81.22947
4.437385 81.22956
4.5995708 81.57477
4.231774 82.75883
4.2812634 82.801895
6.144079 83.98897
9.96419 84.537506
13.85 87.1355
18.565443 86.74167
23.280878 86.34783
27.960413 87.879166
30.57643 88.726974
33.187378 89.606384
33.187378 89.606384
33.187378 89.60635
33.175034 89.3266
33.19594 89.561676
33.195946 89.56169
33.138374 89.61989
33.138363 89.619835
33.154583 89.71009
33.154587 89.71005
33.27556 89.4005
33.275574 89.40052
33.192825 89.3784
33.170746 89.23103
33.170753 89.231
33.19819 89.28059
33.198204 89.28063
33.19819 89.2806
33.151146 89.634
33.256878 89.17215
33.176437 89.59145
33.21799 89.45514
33.165726 89.35036
33.165672 89.35033
33.17493 89.65355
33.169907 89.685104
33.265324 89.25064
33.190826 89.446785
33.22986 89.31946
33.229877 89.31947
33.229904 89.319435
33.229897 89.319435
33.229885 89.3194
33.17521 89.38885
33.25931 89.246124
33.25932 89.24612
33.25932 89.24618
33.220757 89.27253
33.166084 89.34196
33.179092 89.344955
33.17909 89.34498
33.179092 89.34502
33.159256 89.32779
33.152466 89.04146
33.20032 89.27025
33.325672 89.23847
33.20942 89.135765
33.16893 89.35438
33.1774 89.57972
33.17739 89.579704
33.205902 89.470116
33.205887 89.47015
33.205864 89.47016
33.20583 89.470184
33.20581 89.47015
33.177383 89.645744
33.177418 89.64573
33.17739 89.64578
33.177376 89.64581
33.17742 89.6458
33.17743 89.64575
33.193737 89.08081
33.2356 89.54705
33.20262 89.40378
33.197594 89.43539
33.19079 89.149086
33.24482 89.47875
33.2039 89.09907
33.16803 89.35482
33.24922 89.343575
33.24918 89.34356
33.242268 89.253426
33.24226 89.25347
33.242233 89.25337
33.242233 89.25336
33.193905 89.189575
33.19391 89.18964
33.193905 89.18961
33.173134 89.14761
33.173138 89.14763
33.1731 89.14761
33.147755 89.29729
33.228935 89.286026
33.310112 89.27474
33.310097 89.27469
33.310093 89.27468
33.31006 89.27471
33.228752 89.28614
33.228783 89.28611
33.228756 89.28612
33.22878 89.28612
33.22881 89.2861
33.22882 89.286064
33.225945 89.5158
33.22594 89.515816
33.17195 89.49982
33.171936 89.49985
33.265457 89.24368
33.26545 89.243675
33.265434 89.24369
33.265438 89.243645
33.23244 89.275185
33.205387 89.26717
33.346333 89.23309
33.34631 89.23318
33.319244 89.225266
33.319168 89.22533
33.17716 89.68062
33.17713 89.680466
33.17713 89.680466
33.177174 89.680595
32.16334 91.041725
34.69045 91.71499
38.88089 92.59686
43.500977 94.544464
46.325756 96.878876
50.516197 97.76075
54.19883 98.25008
59.107826 98.44055
61.56362 99.04392
66.47287 99.32677
69.0 100.0
