100.0 100.0
50
58.709137 84.31955 4.2097774
21.430588 1.0931362 2.6537893
42.226025 50.78189 2.9587345
4.326254 69.24543 0.9617406
73.40785 42.83944 4.1022644
69.36814 78.20199 2.9911506
62.926617 80.47894 1.4824038
64.2968 82.65633 5.1721816
96.6368 16.496479 0.5489899
10.143817 96.55278 2.354776
87.33868 54.77021 4.451785
42.70551 7.7365794 3.059163
39.029922 74.064735 2.8457437
14.619773 74.324104 1.9498562
58.69401 84.13642 0.9483565
77.35303 76.85423 4.2933745
49.529724 79.158875 5.056843
44.710964 99.03487 4.94069
1.7689768 64.32847 5.4842405
44.770382 47.050026 5.018481
93.364265 10.92501 5.1519184
27.618052 38.978786 6.6401052
80.54056 15.197428 4.437642
76.05543 0.4226077 2.3023374
29.915571 54.91455 3.7900505
77.25311 90.980156 4.3426294
71.18728 17.876755 4.981361
82.54756 48.27646 1.408134
17.811434 60.71498 1.1638713
45.705246 44.424755 0.8256042
30.861448 99.47201 2.7907145
18.980202 0.12444761 5.3201675
55.92443 15.920018 3.8307924
29.28948 83.08225 4.363157
55.57439 99.80124 4.4505367
62.10663 86.93001 3.9725716
29.823362 83.3718 1.0292513
45.155872 32.030205 4.88383
37.455833 28.485727 3.708075
38.69371 31.735588 1.971883
29.430738 54.779938 0.7464316
58.23629 78.02394 3.244506
45.511124 27.680855 1.9702232
45.16883 13.039166 6.624419
77.29748 68.37711 4.052512
51.556717 90.955475 0.91003543
6.634484 47.02706 3.9159052
9.6173935 56.575512 3.0788553
61.6309 37.0952 2.617993
35.42972 41.89826 1.116713
5.0
20.0 0.0
69.0 100.0
100.0
50.0
309.04523
200
20.0 0.0
20.875078 1.1074247
21.42717 0.9173603
21.541616 0.8706918
21.243732 0.24804187
21.243732 0.24804187
21.542755 0.23544252
21.1164 0.19219506
21.810795 0.32130468
19.816309 0.92225313
20.84881 0.80024314
21.65612 1.4409157
22.94957 0.8229065
21.568682 0.8407521
23.087393 1.1637316
23.830465 1.1778092
21.80689 2.0275064
20.76971 3.1297603
21.891052 2.0579658
22.575537 2.0631835
22.575537 2.0631833
22.81557 1.7314177
22.790953 1.612962
22.247183 2.7258132
19.940886 2.9813776
20.982721 2.304593
21.470457 2.5122986
20.636751 1.1783998
21.124487 1.3861046
21.423525 1.3735058
19.26004 1.7209573
22.19092 2.5866961
22.19092 2.5866961
21.748192 2.633577
19.584719 2.9810274
21.247992 2.2702508
21.735716 2.477953
21.309364 2.434705
21.309362 2.4347045
21.797094 2.6424093
21.354357 2.689291
22.514194 3.4248838
24.648773 7.9247227
26.78334 12.424568
29.803593 14.496916
31.938175 18.99675
34.072746 23.496586
35.260235 25.809708
37.31299 28.15126
38.62415 30.505032
39.052837 30.199112
39.052837 30.199112
40.364 32.552883
41.50042 35.036987
42.63684 37.521088
43.644684 39.930496
44.7595 42.557465
45.947014 44.87056
43.335716 48.8069
44.42111 51.19922
44.19153 51.80222
47.495674 54.651905
47.877815 57.85161
50.230064 62.28502
52.582325 66.71845
55.70665 70.59505
58.058903 75.028435
58.441048 78.22807
59.62852 80.54116
59.413475 84.20465
59.413464 84.20464
59.423496 84.19616
59.517166 84.45199
59.46498 84.06414
59.545517 84.37301
59.4518 84.11715
59.40032 84.25758
59.604916 84.086586
59.451763 84.11713
59.368313 84.05392
59.56364 84.3822
59.563618 84.38229
59.535984 84.038765
59.45676 83.990036
59.52673 84.419495
59.5135 84.47255
59.434563 84.05238
59.42136 84.105415
59.431374 84.09693
59.37986 84.23731
59.431316 84.0969
59.431324 84.096886
59.50098 83.965416
59.56995 84.276505
59.5699 84.276405
59.59332 83.96097
59.4538 83.997086
59.524876 84.27203
59.437702 84.228195
59.543877 84.12265
59.530663 84.17569
59.56835 84.28708
59.578327 84.27863
59.62572 84.304184
59.46847 84.39173
59.509514 84.49437
59.370445 84.186104
59.529972 84.21015
59.52995 84.21012
59.478397 84.35054
59.415398 84.04839
59.415398 84.0484
59.43107 84.05601
59.49596 83.94111
59.495953 83.941
59.465073 84.39892
59.451874 84.45194
59.43201 84.13092
59.396053 84.06394
59.421333 84.34513
59.58794 84.40073
59.587997 84.4006
59.56563 84.19934
59.52825 84.18485
59.63192 84.150826
59.631935 84.150696
59.44686 84.159004
59.59462 84.136314
59.55591 84.42456
59.386017 84.07215
59.386017 84.072075
59.39602 84.0636
59.370472 84.05036
59.447132 84.38714
59.44714 84.38719
59.50497 84.31887
59.60466 84.02607
59.419594 84.034424
59.59783 84.16226
59.514503 84.21726
60.70903 84.02233
59.500366 84.01082
59.579643 84.00915
59.388603 84.06355
59.524677 84.58656
59.524662 84.58659
59.52466 84.58668
59.341763 84.07864
59.48951 84.05599
59.489548 84.05598
59.491257 84.24003
59.49124 84.23998
59.526787 84.219444
59.526947 84.240616
59.52697 84.24061
59.526955 84.240616
59.59578 84.22929
59.595818 84.229324
59.595802 84.22935
59.562782 84.217735
59.474915 84.10836
59.55851 84.043045
59.627357 84.0318
59.53948 83.92247
59.53948 83.92241
59.59676 84.13197
60.53466 84.37162
59.44864 83.97909
59.502872 83.97592
59.502857 83.97589
59.44863 83.979034
59.545845 84.15587
59.33973 84.07962
59.553738 83.97912
59.535473 83.976974
59.53548 83.977
59.535492 83.977005
59.509975 84.09455
59.509956 84.09453
59.509956 84.09451
59.455746 84.09768
59.42272 84.08595
59.404457 84.083786
59.37143 84.07206
59.438026 84.099815
59.438034 84.09983
59.38382 84.102974
59.52729 84.58222
59.527294 84.5822
59.576813 84.38762
59.576782 84.387665
59.409443 84.08692
59.599415 84.24555
59.437946 84.213295
59.437943 84.2133
61.458405 86.86922
63.66181 89.80827
67.619415 92.85361
68.06705 97.65326
69.0 100.0
