100.0 100.0
50
36.297634 48.501305 1.1941233
30.610182 18.231062 1.4209913
36.81132 45.9232 5.392928
57.385433 97.23805 0.3281533
21.650703 93.63026 1.3357053
90.40207 18.763662 3.1088777
71.96198 13.827041 4.870063
76.02111 98.16978 3.9571579
18.060936 20.691093 5.816024
54.745937 58.034466 4.590386
47.516228 7.7858887 2.0225792
45.99329 26.411888 1.8173748
41.062546 82.394005 6.8380685
9.387068 12.8228245 3.8121653
84.68788 27.553165 5.5769296
57.227177 2.117653 3.3066876
40.21697 58.985268 4.565635
68.100845 63.99654 3.3467832
17.759817 26.933674 4.7496753
3.726694 9.15553 3.4271507
67.829185 67.328354 0.8059376
75.387314 40.79654 5.088604
21.060894 2.2477114 3.750923
39.310852 54.290794 2.41014
90.05325 94.33956 3.4181027
68.85354 11.45039 4.762673
70.832924 60.020935 4.2752123
42.164894 36.99026 2.185131
75.451454 77.50067 0.9016356
23.491917 34.602634 2.927399
3.9066103 61.173943 2.2068758
4.0115767 98.650215 1.9927449
34.682137 82.77829 6.50794
26.508627 44.67833 4.1611323
22.744846 98.990814 1.0156472
92.17905 26.220253 6.5899725
63.38484 35.131348 5.2525682
12.213251 28.530792 6.3837976
19.434513 86.513596 2.5119882
47.899727 15.379122 3.6606295
45.274246 38.64011 2.0198045
46.463436 30.128414 5.766832
44.66886 57.81557 1.3804888
45.292717 51.340317 4.91171
77.853874 6.3496103 6.1939073
66.8117 56.06312 3.6201904
10.483567 20.50261 1.4648304
96.08784 96.26851 0.9190422
26.31438 40.09889 0.8378427
57.446983 47.90888 2.6596026
5.0
20.0 0.0
69.0 100.0
100.0
50.0
252.2613
200
20.0 0.0
19.998922 0.0034208298
19.931137 0.21307826
20.158438 3.446059
19.80207 4.1044755
19.34231 5.315261
17.842558 9.851501
19.302843 14.2223
19.74469 18.014244
18.244942 22.550488
17.034615 24.504528
17.034609 24.504528
17.01061 24.95911
17.096342 25.218212
16.027891 25.324976
15.995512 24.082129
15.914404 24.663446
14.471321 24.222658
14.417591 24.241879
15.541407 23.812868
16.561293 24.170174
16.561295 24.170174
16.561295 24.170174
16.647026 24.429272
15.964285 24.837784
15.169701 24.35672
15.189522 23.527306
17.43058 26.00901
15.7948265 24.565468
15.979673 24.436096
17.549591 25.683386
16.578817 25.225876
14.518509 24.663094
14.479822 24.64344
16.77652 25.024786
16.343021 24.63874
15.672607 24.180214
14.066378 24.426308
15.636602 24.386002
15.046511 25.371109
15.223198 25.373924
14.869396 24.92772
17.055103 25.697365
15.771357 24.295498
14.413418 24.38676
15.948578 24.881062
15.948578 24.88105
15.515076 24.495003
15.515076 24.49501
15.515076 24.495003
14.538303 25.312963
15.935875 24.084457
14.229422 24.725975
15.171 24.682291
17.427963 24.997568
16.008007 24.490894
16.479383 24.506386
16.105219 24.789911
16.358343 24.52791
14.651888 25.169428
16.257277 25.835861
15.252756 23.449028
14.883478 23.422112
16.502134 25.083843
14.896103 23.692205
16.684502 24.35592
15.168819 23.804903
16.422974 24.899332
16.714903 24.96012
15.115929 25.332737
16.498466 24.480345
15.541323 24.21239
14.138241 24.734486
14.420084 24.599567
16.66006 24.735756
15.513687 24.29161
13.981056 24.486324
15.546804 24.374561
14.023022 24.094414
16.030455 23.91162
15.47473 24.461655
14.64916 24.526255
14.906754 24.504559
16.693836 24.113705
16.138111 24.663734
16.413128 24.982038
15.505524 24.895239
15.618217 25.945215
15.618217 25.945211
16.035406 26.068346
15.450985 24.503653
16.506273 24.199568
16.158327 24.116257
16.557762 24.17218
14.409746 24.799002
15.323677 23.108624
16.76684 26.006763
16.175652 24.462831
14.629248 25.26983
14.520102 25.241644
14.520096 25.241636
16.772472 24.698538
16.459173 24.235804
14.038483 24.869396
14.123968 24.777927
14.014807 24.749739
15.182138 25.579454
15.7598095 23.23731
15.759809 23.237303
14.322826 24.725166
14.32283 24.725168
15.571871 24.327879
15.904249 24.213995
16.313313 24.054037
14.665739 24.10667
16.595142 23.951015
15.341251 23.497028
16.141426 26.015862
16.51964 25.87433
17.00964 25.831394
14.944 25.385372
16.203686 25.60868
17.508678 25.140732
16.88035 24.933674
14.547916 24.44984
17.023228 24.616539
16.316397 24.732529
13.983963 24.248692
14.252619 24.21642
15.512299 24.439728
14.805475 24.555716
14.588226 25.039062
16.882927 24.88184
16.254602 24.67479
14.289999 24.482988
14.558649 24.450714
14.106014 24.461174
14.686335 24.450872
16.851887 24.267416
14.643341 23.984041
15.208178 23.758017
15.971481 24.335062
17.876776 25.716146
15.737785 25.503475
14.91428 24.810911
16.198853 24.518518
16.140131 24.540142
16.956648 24.479822
16.196823 24.03507
15.868761 25.851887
15.486935 25.737041
14.839115 25.508892
16.767504 26.126762
15.903704 25.64352
15.275373 25.43648
15.895727 23.827078
16.503256 26.214607
15.743429 25.769848
14.983603 25.325079
14.958849 25.304651
16.681004 25.541002
14.634022 24.725605
15.710024 24.221577
15.909395 26.056097
17.746824 25.394045
17.899153 29.87982
19.713867 32.021103
21.528584 34.162388
23.343298 36.303673
25.158012 38.444958
26.972729 40.586243
26.972729 40.586243
29.645313 42.52217
32.44134 46.66421
35.113926 48.600143
35.141735 48.741425
37.937786 52.88347
39.349697 55.025127
39.34968 55.02512
39.37749 55.166405
39.40527 55.307686
39.43304 55.448967
40.84496 57.590626
42.256886 59.732285
43.66881 61.873947
45.080723 64.01561
46.492645 66.15726
47.904564 68.29892
49.316483 70.44057
50.72842 72.58223
53.524467 76.72427
56.32051 80.86633
57.73243 83.007996
59.144352 85.14965
60.55629 87.291306
63.352333 91.433365
64.76424 93.57503
66.176155 95.71668
67.58807 97.85834
69.0 100.0
