100.0 100.0
50
75.59779 53.282265 5.592759
59.07523 11.2317095 5.628702
45.003624 29.73053 4.7037764
13.086105 43.48385 4.298378
44.483604 28.591255 0.048077695
4.0192704 26.869936 5.3314114
33.16175 36.635117 1.3657057
63.301525 50.84367 2.8053021
72.71986 69.01556 4.0653944
8.882112 42.204212 2.9486423
48.87942 72.658035 4.2337127
85.87315 5.591071 0.7889717
52.609768 91.24417 0.62953925
27.22042 5.508478 1.4354403
82.291725 24.369295 4.811022
85.0326 62.494392 6.2961287
51.615402 89.77104 6.1399093
5.1314125 24.333353 2.6377554
7.788146 80.56838 3.890675
64.32319 38.43974 6.011259
23.363192 6.655585 5.3275514
31.664932 44.215103 2.02878
80.43505 72.396286 0.90498173
46.658596 10.810268 2.9995644
2.4020028 31.8942 3.7165902
35.704456 1.4481323 1.7509073
39.898537 0.5051605 5.7197857
45.410576 90.18065 5.5264034
2.3154588 29.1052 0.74538803
12.026531 42.82665 1.6180681
31.534428 96.351395 3.1624324
29.52405 45.615543 2.763399
83.989555 67.2742 2.1806226
2.3793504 26.238173 4.697944
94.26203 19.744696 1.3981346
30.445581 0.7442312 3.8712432
59.004463 77.18097 0.8219986
91.874916 64.66634 1.9253007
61.528996 56.909157 5.538182
94.17251 25.191555 4.6216097
60.240784 49.180065 4.80913
76.325066 42.815376 2.979439
94.12947 17.910069 0.4042044
17.051678 91.07382 2.9137259
10.491822 23.538172 2.7233875
91.257286 4.8762155 5.176676
14.147714 69.870384 5.1552444
76.59956 4.3297086 5.611592
77.67055 89.04599 6.509998
82.68783 85.22852 3.1220527
5.0
20.0 0.0
69.0 100.0
100.0
50.0
321.10553
200
20.0 0.0
21.020546 1.9833715
20.519073 6.087017
20.519073 6.087017
20.521683 6.094554
21.19426 7.2045565
22.124264 9.099805
19.108622 8.343764
20.129166 10.327136
15.973549 12.967267
12.393099 16.329723
8.79727 19.777721
5.2168217 23.140179
3.832582 25.792377
2.4483428 28.444576
2.0321078 28.601484
2.5155015 28.51232
2.0749702 28.637665
1.7461653 29.029572
1.8545442 29.566822
2.4394474 29.180935
2.1280026 29.377499
2.7697883 29.517696
2.9341989 29.519894
2.7697911 29.517681
2.7697911 29.51769
1.9949408 29.47105
2.1985416 29.481403
2.7715263 28.582922
2.2945595 28.721113
2.410952 28.70097
2.6145554 28.711334
2.0755029 28.996319
2.0755038 28.996296
2.034636 28.98071
2.4446826 29.549406
2.0314848 28.964443
2.8003023 29.13793
2.964713 29.14013
2.1635985 28.64859
1.9570532 28.538845
2.4111142 28.532406
2.3379254 28.566816
2.6732442 29.295488
2.5684068 29.361986
2.1285722 29.153809
2.0285618 29.625132
2.02856 29.625134
2.3293145 29.397259
2.8029814 29.422419
2.8029811 29.422422
1.5867529 29.08816
1.5867529 29.088173
3.0346594 29.05825
2.9298227 29.12475
1.8350987 29.631973
1.8350987 29.631977
1.8350992 29.632
1.8350992 29.632011
1.8557549 29.624329
2.3413014 29.411863
2.7566752 29.143759
1.808548 28.878778
1.9493904 28.539
1.9493904 28.538996
2.788341 28.679533
2.4479375 28.580069
2.447938 28.580067
2.4479365 28.580067
2.0734787 29.290844
1.5998678 29.180147
2.219164 28.87158
2.8106475 29.020792
2.0134115 29.632132
2.6070423 29.30516
1.8902273 29.657787
1.9230461 29.380268
1.8634934 29.140493
1.7904062 29.090654
2.3099537 28.650774
1.5931377 29.003386
2.2692997 29.306204
1.8247039 29.53234
1.824703 29.532341
2.1541421 29.461176
1.9651268 29.482775
2.8523877 29.278101
2.1776512 28.85932
1.9886384 28.880936
2.623783 28.76197
2.2566404 28.471668
2.2566404 28.47166
2.1317306 29.202486
2.9681265 29.41125
1.6940086 29.270548
2.7554939 29.543947
2.3883524 29.253656
3.0234976 29.134684
2.7783031 29.126566
1.7693272 28.793232
2.1979666 29.2156
2.1674309 28.44999
2.16743 28.449986
2.5751963 29.173107
2.476036 29.216404
2.476038 29.216396
2.476039 29.216408
2.2870245 29.238003
2.376943 29.220402
3.0389843 29.086136
2.0733128 28.84676
1.619874 28.907318
1.6198745 28.90732
2.0315218 28.937496
2.6935625 28.80324
1.8857923 29.442907
1.8651347 29.450592
2.0639489 29.34789
2.063947 29.347883
4.162446 28.756147
2.4590733 29.359844
2.4590733 29.359856
2.718451 29.438152
1.6426008 29.163694
1.701184 29.137949
2.6464956 29.066387
2.6464958 29.066387
2.7700982 29.069014
2.8382983 29.095331
1.7008471 28.737244
2.850543 29.229155
2.2630582 29.352367
2.2630582 29.352356
2.7371716 29.113596
2.6892657 29.217604
2.1046958 28.934874
2.6413603 29.321627
0.9266658 29.490263
2.325852 29.39537
1.8920407 29.264696
2.7757258 29.085781
2.582831 29.035452
2.842206 29.11375
2.649311 29.063421
2.7109108 29.052044
2.1936293 29.21126
0.6485858 29.044502
2.1928825 29.527676
1.7489328 29.236135
1.8105335 29.224745
2.41191 28.901396
2.9991846 29.153679
2.555235 28.86214
2.3716388 28.912996
2.178743 28.862688
2.178743 28.862709
2.7660174 29.114992
2.1814475 28.832253
2.2432275 28.81709
2.3914304 29.678997
2.3914304 29.678984
2.8599324 29.513752
1.5160527 30.184628
3.3711529 30.68517
4.967066 33.51652
8.384779 36.438698
9.830097 41.09704
11.501305 43.01489
11.501305 43.01489
11.501305 43.014885
11.501305 43.01488
11.501305 43.014893
13.2144985 43.609528
14.841242 45.826218
16.383703 49.239174
18.692717 50.88346
22.077116 53.39594
26.098656 55.573486
27.114437 59.700436
30.682747 60.795616
34.251053 61.890755
35.922264 63.80861
37.549004 66.025375
39.85804 67.66963
43.42635 68.76478
45.735374 70.40907
47.40659 72.32691
47.406578 72.32692
48.855434 75.73927
50.30075 80.39762
51.843197 83.81059
51.843197 83.8106
53.469936 86.02737
55.14114 87.94523
56.81235 89.86306
60.46608 91.60639
62.09281 93.82316
63.71956 96.039925
67.373276 97.78325
69.0 100.0
