100.0 100.0
50
80.63793 86.726715 6.2664704
74.37211 89.95934 6.3360496
47.11079 90.27178 2.211557
89.16099 50.989136 6.4096956
96.09448 4.1481476 1.5384711
98.04568 39.22938 3.9729443
59.727863 64.202965 5.4300885
27.085653 22.137802 0.93790126
97.95269 24.986298 3.6329126
33.116222 31.854353 6.008644
0.2944008 22.551558 5.931124
88.89876 72.580376 2.5838082
38.65693 41.114838 5.367943
66.31883 54.283875 4.3386006
20.591122 31.813618 4.257753
4.1949873 70.33471 5.3291683
47.368336 35.630928 0.36042875
43.352394 33.40551 4.0450125
92.43327 10.734005 1.3896296
4.8115535 64.460785 2.935682
80.84519 22.76267 6.2552953
10.821219 83.79469 0.9233027
48.750275 87.565735 3.6659539
73.01292 65.24006 0.35747033
5.6782765 51.095455 3.8322928
23.499971 13.346283 4.1713586
57.89161 97.02014 6.9057846
23.341627 26.069607 1.7905886
52.912724 90.5492 4.241643
54.683018 31.229176 3.4146364
80.65679 67.19265 3.6217866
40.66558 50.128925 1.9809867
93.33717 71.42908 0.5997585
51.65356 51.161392 3.7649531
19.757803 49.958866 6.539827
98.30301 74.13951 1.2109711
41.548992 44.47702 2.7336626
72.708176 86.64003 1.3799282
74.189705 18.959347 3.6778307
57.685963 52.35222 4.7129908
2.4908104 60.870213 4.7332296
55.79696 18.831059 1.3132197
32.342495 3.1621704 6.7773705
25.998718 6.8430886 1.9357873
18.445265 65.82459 5.5298715
63.740166 26.696526 1.9605744
86.05613 90.64594 4.960674
60.84761 68.99593 2.3821661
8.433798 58.97216 5.235445
45.414246 45.744682 4.3291245
5.0
20.0 0.0
69.0 100.0
100.0
50.0
250.75377
200
20.0 0.0
23.165266 3.6054566
25.84068 4.9776945
25.916317 5.116008
26.13351 5.42007
26.417122 5.9779224
26.867157 6.427246
26.909239 6.571429
27.38772 6.205164
26.814222 6.1135273
27.138947 6.6551533
27.138948 6.655147
27.302204 5.572524
27.302208 5.5725236
26.53822 6.3691945
27.531303 6.4979906
27.093609 7.193563
26.52811 5.9962096
26.683376 6.019304
27.678371 5.929018
26.156445 5.871937
27.183449 6.5073986
26.837566 7.047756
26.615276 11.883295
25.71166 14.497412
25.022715 17.113997
24.1191 19.728125
22.983782 24.423395
22.171057 27.151283
21.115858 29.7492
20.21223 32.363323
18.65673 34.45762
18.606308 34.493355
18.11392 39.40281
17.62152 44.312298
16.717905 46.926395
15.162401 49.0207
14.139074 51.45821
11.005297 54.747158
6.1666927 54.652863
5.230343 58.14981
4.293993 61.64676
4.370886 61.716003
4.5939555 61.66231
5.532212 61.817753
4.9918275 62.18174
5.2148976 62.127995
5.912392 61.859364
5.2691355 61.83343
4.2261906 61.99374
6.3125796 62.192196
5.263663 62.30311
6.227961 62.223194
5.806763 62.239346
5.071334 62.379192
4.6711593 62.332447
6.688181 62.338005
5.7270637 62.014534
5.918942 61.924694
4.6615257 62.49708
5.7196474 62.372673
5.2177925 62.32145
4.4101415 62.270668
4.500222 62.185493
6.1953597 62.86776
5.567921 62.027817
6.34125 61.97873
4.290456 62.07715
6.737113 62.357506
6.1543846 61.96129
6.3957806 62.54934
6.395781 62.54933
6.357502 62.994682
4.456622 62.28778
5.981855 62.183334
6.514195 62.181374
4.347035 62.04744
5.757167 61.791912
5.7571673 61.791916
5.7571664 61.79193
6.138236 61.95993
5.842934 63.45112
5.9091616 62.32802
6.3608656 62.085785
6.0389233 63.58216
5.947603 63.570496
6.334964 63.04845
5.062457 62.522198
5.514162 62.27996
6.0513096 62.22635
6.1413918 62.14119
5.133312 61.72433
5.838269 63.14889
5.5211573 62.79059
6.18718 62.047104
4.8080764 62.61763
4.4955463 62.413307
4.9275427 62.29241
5.5029135 62.552193
6.0619555 62.026947
5.2272787 63.045227
5.317361 62.960052
5.3173532 62.960068
4.831522 62.098785
5.977995 62.07337
6.104694 61.921074
5.539024 61.999756
5.5400085 62.827103
6.621635 62.625824
4.5590854 62.392876
6.1494007 62.12065
6.231543 62.427444
6.2315445 62.427444
5.3599186 63.079956
5.470727 62.655563
5.063825 61.837418
6.535923 62.35106
5.7031097 62.986633
4.8312507 62.205994
5.422307 62.129715
5.78419 61.7565
6.251482 63.329926
5.392952 62.418503
5.8736305 63.224297
5.6079297 63.359444
4.7817497 61.993584
6.474992 62.159348
5.6627665 62.0628
5.118829 62.111076
5.610181 61.995995
5.972373 63.189697
5.6195307 61.865112
5.552306 63.236153
6.1563945 63.59073
5.526588 62.45468
5.0870504 62.46469
6.8325567 62.419342
6.8325586 62.41932
6.3525505 62.308083
6.513056 62.31525
4.823162 62.722923
6.209589 62.215534
5.526486 62.324608
6.652906 62.26504
4.989538 62.373447
4.714434 61.808315
5.2707925 62.19405
4.5876865 62.30314
4.58769 62.303146
6.3820267 62.11226
4.7420263 62.681087
6.5747085 62.153236
5.0528336 62.57048
5.5984197 63.11318
5.978246 62.044815
5.2578197 62.278458
5.370093 62.154118
4.6384807 62.452156
6.0740814 62.809612
6.1152525 62.827778
5.1430736 62.852554
5.1839876 62.324688
5.1839967 62.32469
6.288959 62.33757
4.173285 61.993206
4.173285 61.993202
5.983303 62.82421
4.3987465 62.30287
4.888426 62.785725
5.000704 62.66136
5.000704 62.66137
4.339448 62.168774
5.420187 61.76982
10.104343 60.225204
12.71516 61.19639
16.205647 62.97065
18.816462 63.941887
21.926083 67.63986
26.350647 69.83343
29.460285 73.5314
33.142162 75.59239
36.824017 77.65335
39.93366 81.3513
43.04328 85.04924
46.152954 88.747284
48.76378 89.718506
48.76379 89.7185
48.7638 89.71849
48.76381 89.71849
48.76381 89.71849
48.93613 89.72885
48.936127 89.72885
48.9361 89.72883
48.93607 89.72881
48.902473 90.35033
53.62847 92.05649
56.16385 92.91998
60.195847 95.78036
64.227844 98.64073
69.0 100.0
