100.0 100.0
50
20.737057 88.90293 5.4293604
22.612928 28.749943 0.8948453
90.47555 2.2552927 0.5690152
18.323685 50.440647 6.3243213
26.182188 86.158424 6.6214304
66.72278 14.88622 6.985727
45.025505 42.161194 3.0765
43.341267 48.66114 0.31045178
47.31448 61.522484 3.6234152
98.66228 39.20374 5.712803
44.900085 14.652102 1.130561
24.983593 66.87238 3.9529722
62.47502 73.704254 4.23758
32.983147 76.42764 6.7753673
27.851995 3.7360144 0.8062312
14.83145 51.529366 3.5526037
34.054688 3.5496852 1.5440528
46.53575 45.015953 0.594651
83.819496 48.93252 0.7454926
43.656273 53.037292 5.0787206
98.00916 86.86334 4.1131
34.856216 0.6747135 3.426651
92.25358 18.120155 6.742086
1.2668021 65.65934 3.1277335
60.59292 26.180117 6.567775
57.671394 14.300653 1.592496
64.85543 80.774895 5.701725
65.43289 81.631874 6.447567
31.855492 58.144802 3.8681445
61.96688 23.532547 4.351238
89.99631 22.437803 6.280987
16.435247 88.89802 3.2846859
99.2887 40.01751 4.7472773
31.802092 0.843975 4.463325
11.684641 9.718972 5.4007616
22.575405 99.348595 6.8193407
13.579597 53.20333 3.3677688
42.274628 29.428843 5.786223
37.190186 47.35047 4.777513
12.737849 70.179504 5.2850666
56.92286 39.96277 6.002474
37.2384 82.40106 6.7724867
88.64679 65.481636 2.4233618
48.650673 70.29686 2.243527
27.255136 15.029139 5.031436
64.524635 22.450373 2.7990775
51.33735 2.5087965 5.305494
12.24651 79.6263 4.0823936
63.086548 60.503407 0.8366996
27.162746 56.732746 5.2168183
5.0
20.0 0.0
69.0 100.0
100.0
50.0
336.1809
200
20.0 0.0
24.380472 0.5279577
28.996058 1.7498453
33.376534 2.2778032
33.2866 2.2974756
34.71006 2.5120323
33.192047 2.758988
34.07744 2.7878797
34.71459 2.612848
32.844578 2.8055668
32.92721 2.7354684
34.93001 2.5391693
34.52646 2.7658675
33.195133 2.8275254
35.149223 2.9945803
35.149216 2.9945803
35.164955 2.9950573
33.01417 3.431059
33.014183 3.431058
34.778427 3.546857
34.54045 3.581306
33.762756 3.8991818
33.96837 3.9509144
35.246536 3.469545
35.246536 3.469544
36.356613 3.4391441
39.705894 4.7290154
43.931343 6.9811077
48.15679 9.233194
52.38224 11.485285
56.60769 13.737371
58.678814 15.508604
59.305355 20.34192
62.737846 20.341415
63.222584 20.86587
62.96512 20.354952
63.300423 20.220118
63.785164 20.744572
64.31214 20.925821
64.312126 20.925827
64.21012 20.928017
64.312126 20.93725
64.42513 21.01188
63.24627 20.664175
64.67111 21.038622
62.880722 20.451563
62.903122 20.467793
63.540154 20.497677
62.66162 20.51909
63.96685 20.745403
64.44037 20.96667
64.443634 20.885143
64.45865 20.91649
64.45862 20.916506
62.775215 20.302925
65.02392 21.544117
63.340508 20.930542
65.06893 21.614456
63.691628 20.723602
63.69165 20.723598
63.69523 21.071121
63.062668 20.308744
63.062668 20.308752
63.582275 20.899439
63.58223 20.705235
64.09164 20.846823
63.562866 20.757782
62.92003 20.665226
63.30259 20.382936
63.043274 20.577318
62.95865 20.534082
63.960655 20.68914
63.617043 20.661785
63.295082 20.763998
63.29506 20.764006
63.81704 20.492546
63.02568 20.730396
63.198753 20.35269
64.0047 20.890806
63.920044 20.84758
64.42945 20.98918
64.42948 20.989187
64.42943 20.989182
63.483 20.81323
63.263832 20.583519
62.640175 20.47912
64.52011 21.224777
64.52011 21.224777
65.24867 21.671
64.861755 21.559345
64.616615 21.518454
64.2143 21.279163
64.21428 21.279144
64.65701 21.083946
64.50024 21.01423
63.74164 21.075851
63.39953 20.93262
63.25551 20.326767
65.222916 21.534958
63.25544 20.326797
63.244965 20.474998
65.21234 21.683191
63.4849 20.289482
63.14634 20.862366
65.046585 21.396805
64.34956 21.400265
64.87256 21.445621
64.25909 20.747572
63.888252 20.758162
64.277985 21.236668
64.29505 20.841879
64.18999 20.701838
63.564613 20.913982
63.581673 20.519188
63.57824 20.842487
64.48014 21.047642
64.05896 21.066614
63.730705 20.630615
63.730675 20.63063
63.146515 20.422348
63.14653 20.422245
62.94777 20.497894
63.25676 20.787956
62.92852 20.35196
63.299355 20.34135
63.566467 20.348042
63.431404 20.973476
64.12078 20.749598
63.050354 20.119139
62.999435 20.691608
64.06979 21.322058
63.68882 20.467636
63.622963 20.448097
63.572037 21.020569
63.19104 20.166145
63.14012 20.738613
63.145782 20.652912
63.55339 20.78027
63.82167 20.868132
64.25354 21.149887
63.867737 20.571896
62.98999 20.717455
63.209824 20.395428
64.19203 21.182013
64.090706 21.258545
64.0907 21.25854
64.03123 20.671398
64.055534 20.904552
64.05553 20.90455
64.0313 20.671297
64.03132 20.671297
64.03131 20.671291
64.516594 21.38406
64.5166 21.384052
64.14657 20.958475
64.122375 20.725218
65.15588 21.544355
63.470367 20.730768
63.470337 20.730768
63.54371 20.582891
64.33863 20.809582
63.76818 21.04998
63.299965 20.46694
64.08237 20.70546
64.08236 20.705349
64.082344 20.70535
65.11583 21.52449
65.11583 21.524487
65.115845 21.524494
64.40417 20.84172
63.87536 21.110365
63.706795 23.719585
61.087517 27.27805
61.7576 30.777584
59.214767 34.822727
59.04619 37.43196
58.930344 40.052956
58.904205 42.642094
58.735634 45.251297
60.48485 49.50257
62.23408 53.75382
63.17114 58.679943
63.14501 61.269066
65.03614 65.90512
64.061104 70.81241
63.08609 75.71973
63.08609 75.71973
63.08609 75.71973
63.08609 75.71973
63.086082 75.71973
63.086067 75.71973
62.741234 76.45909
63.294617 77.70131
63.294632 77.70131
63.463425 80.253845
66.00224 84.215576
66.13124 87.33908
66.81364 91.704796
69.255554 95.56618
69.0 100.0
