100.0 100.0
50
53.31957 60.740658 6.292797
73.95335 95.207954 3.0273876
57.75752 82.8639 3.2704473
92.38815 60.8947 1.9061383
39.19149 28.173994 5.990191
99.02021 58.23135 1.5334982
74.510635 66.57487 5.2522125
4.753965 68.7021 4.9552116
16.757092 13.876118 6.8166094
43.24777 29.07443 4.3523746
29.598095 71.85738 4.3322124
41.338924 12.060051 4.9059916
67.2275 36.79725 1.9031162
42.298595 26.421146 1.4047858
88.88141 99.08094 4.580006
34.54531 88.67963 4.7005973
6.1044364 30.559395 6.230724
5.671701 76.66848 2.4111829
23.129484 8.9460335 2.1611881
88.88036 98.79523 6.6317863
23.045326 87.96353 0.14461173
96.057396 24.685514 0.996787
9.761364 10.142324 2.7801757
67.955505 11.324801 1.5595287
24.645987 30.797045 1.4854846
43.815605 30.031992 2.669623
4.478834 20.552513 5.212155
54.384426 55.742294 5.618419
38.94614 59.038574 3.2667453
45.651707 66.18101 1.8712618
49.658535 94.56885 5.061366
16.853779 32.126385 2.8001885
23.438747 89.66158 2.221682
50.843227 87.93596 5.2922764
72.95653 6.5264096 3.0895936
49.900787 4.3793206 0.7316917
63.820625 23.380396 3.2016635
72.505844 54.673286 3.767812
69.21469 18.901278 2.9174523
17.868998 69.00013 0.29041955
32.77686 61.251133 6.4972873
24.6648 37.07002 6.3203173
11.9177475 11.793105 1.3236939
64.98448 95.064705 2.4117074
14.629141 40.000366 6.492991
38.557354 16.894201 2.6215358
38.992767 93.03389 4.731872
94.43356 82.36785 1.0023692
27.597532 64.10081 2.3559215
0.07494467 84.31836 2.2076883
5.0
20.0 0.0
69.0 100.0
100.0
50.0
336.1809
200
20.0 0.0
17.173424 3.470489
15.041092 7.713434
12.214518 11.183919
12.214518 11.183919
12.214518 11.183923
12.211685 10.94756
12.210283 10.963766
12.118204 11.333573
12.118204 11.333573
12.118204 11.333571
11.810648 11.773645
11.5868635 12.875605
14.298676 14.315809
16.71333 15.851825
19.128006 17.38784
21.804668 18.373777
25.376617 21.551464
30.237255 22.598597
33.809204 25.776283
38.669834 26.823418
43.062943 27.520977
43.062927 27.520977
43.002834 27.535524
42.78159 27.619772
42.86122 27.641636
42.861202 27.641644
42.861263 27.64165
42.634777 27.638016
42.883812 27.605827
42.883793 27.605831
42.71358 27.691341
43.008125 27.608675
42.948807 27.605988
42.822826 27.620472
42.82284 27.620466
42.82282 27.620462
42.82282 27.620451
42.590496 27.708977
42.822784 27.62044
42.947292 27.604342
44.37831 27.46065
42.977924 27.636732
42.977894 27.636747
42.602676 27.73613
42.69177 27.756691
42.691784 27.756695
42.69179 27.756695
42.691746 27.756702
42.92403 27.668184
42.924 27.668184
42.443188 27.772324
42.893044 27.69363
42.688316 27.625225
42.688286 27.62522
42.73574 27.739588
42.688286 27.62523
42.656948 27.662682
42.65698 27.662678
42.656963 27.662666
42.65699 27.662674
42.949596 27.629929
42.84722 27.636091
42.8472 27.6361
42.79077 27.711952
42.847218 27.636097
42.790813 27.711948
42.589615 27.78607
42.80812 27.719475
42.80812 27.719452
42.739418 27.645264
42.61269 27.68921
42.8174 27.695107
42.708374 27.623793
42.708393 27.623808
42.7084 27.62383
42.534626 27.799904
42.53463 27.799934
42.555096 27.716064
42.674465 27.685755
42.674446 27.685747
42.674458 27.685759
42.681217 27.654123
42.681175 27.654148
42.864555 27.591137
42.90428 27.657158
42.90427 27.657152
42.49119 27.72941
42.50267 27.75933
42.502666 27.759325
42.49232 27.75584
42.936 27.537027
42.936024 27.537066
43.09235 27.505867
43.09234 27.505882
43.043453 27.609911
42.933445 27.640814
42.933434 27.640797
42.84524 27.645039
42.865734 27.561178
42.86576 27.561186
42.892086 27.648516
42.89211 27.648516
42.589832 27.747774
42.589878 27.747778
42.872337 27.60378
42.795364 27.571182
42.795353 27.57119
42.80683 27.601097
42.903725 27.65384
42.678505 27.672754
42.37955 27.8201
42.729004 27.69303
42.728985 27.693039
42.80966 27.580938
42.9066 27.633669
42.950085 27.640009
42.95007 27.640018
42.865753 27.675713
42.758503 27.698092
42.415005 27.781273
42.415 27.781271
42.645943 27.759409
42.536724 27.748121
42.526405 27.744621
42.387794 27.795221
42.517784 27.722937
42.748646 27.701065
43.014587 27.494116
43.014584 27.494118
43.01456 27.49411
42.780857 27.686562
42.673557 27.708931
42.758224 27.748259
42.758213 27.748259
42.99789 27.529741
42.75819 27.748255
42.758167 27.748266
42.57673 27.727272
42.576736 27.72728
42.662304 27.63686
43.065933 27.475994
43.06595 27.475998
42.82626 27.694519
42.64483 27.673521
43.188713 27.480806
42.641594 27.725096
42.54114 27.738213
42.541134 27.738207
42.454533 27.760109
43.151478 27.457586
42.91099 27.527422
42.910984 27.52741
42.91102 27.527426
42.91102 27.527424
43.044456 27.602928
42.941017 27.56646
42.940926 27.566467
42.940933 27.56647
43.193893 27.476744
42.67176 27.648895
42.67171 27.648895
42.671703 27.648914
42.990818 27.568426
42.734566 27.689148
42.872723 27.67702
42.39655 27.797346
42.39651 27.797375
42.853775 27.704746
42.821213 27.667217
42.959366 27.655079
42.795395 27.597477
43.904533 29.874802
45.53713 34.52035
46.1716 39.29786
46.348587 43.828564
49.458176 47.563553
50.589115 51.767048
53.654106 55.561882
55.996338 58.24958
55.996338 58.24958
55.996338 58.24958
55.772003 58.27015
55.54767 58.290718
55.547676 58.290718
56.2912 60.911354
56.2912 60.911354
56.964687 63.687157
55.670364 67.39408
58.059223 71.01844
55.941704 75.520325
58.525608 79.73181
57.333374 80.727325
58.442516 83.00469
59.335083 85.44911
62.503815 89.30855
65.67255 93.167984
64.58953 94.00349
65.482086 96.44792
69.0 100.0
