100.0 100.0
50
94.84829 19.701317 6.9370193
58.02609 14.634412 2.803677
76.43413 61.36542 1.177378
53.5839 48.76615 3.5621274
20.490253 77.106384 5.632625
43.63997 59.79488 6.866263
21.656643 47.088936 3.2987251
40.356564 34.887825 5.6658244
3.0841937 52.361794 4.7340865
73.00449 92.296104 2.3853748
23.019917 79.24134 2.7605727
54.36506 74.11874 2.4250555
92.23965 13.3630905 6.867525
45.413746 69.39713 3.730353
39.505795 13.815529 4.383947
13.500537 95.06049 4.1446476
30.640512 24.558588 0.15461425
90.13653 17.940317 3.7062593
42.9913 33.279633 4.975702
61.79693 42.45727 6.3155093
77.51411 74.984665 4.7086263
47.262653 6.66242 6.1032
58.917953 70.51458 1.386817
41.705128 47.85232 5.6229124
88.69669 7.218911 0.75457567
8.4261265 29.850826 1.560467
69.36298 78.44257 2.351571
48.8299 95.432686 2.6802905
48.1139 72.06554 2.5326445
24.7881 22.019918 3.4728591
78.259026 94.39421 4.569242
55.82251 33.01462 0.4560455
69.71972 82.46879 0.6982983
64.93335 23.473701 3.4993334
10.681238 46.346268 4.729051
39.130966 70.33163 2.0887706
30.292671 46.531075 4.7072406
27.330944 63.3928 6.605523
88.34866 58.101852 4.1547604
54.961388 82.9649 6.637365
6.187384 49.656654 4.157871
94.28928 83.012665 3.5920613
76.74336 75.50557 5.6422405
70.50647 49.110516 2.4360702
14.228663 84.70348 2.9505825
23.218836 4.6984224 3.4809914
2.4638565 80.63324 0.39411277
70.04726 71.32003 1.5356046
42.53477 41.699284 6.557587
95.83928 7.2517095 2.5944712
5.0
20.0 0.0
69.0 100.0
100.0
50.0
260.80402
200
20.0 0.0
20.604301 2.4367406
20.637917 2.4822125
20.637917 2.4822123
22.562834 3.5717926
23.552902 4.334924
25.02185 6.558402
24.066113 3.8608599
24.443546 4.7000093
24.573088 7.505139
24.269003 11.785888
25.281797 16.26112
26.884153 20.89372
29.8479 24.634653
33.32093 26.438307
37.461113 28.45327
38.705727 33.272392
40.10604 35.65414
41.17 37.302387
41.468742 37.34248
42.409157 37.83944
41.614845 35.482903
41.614845 35.48289
42.370186 35.517796
42.370186 35.517788
41.843334 35.34456
42.702045 35.65388
44.70262 36.551083
43.328224 37.88428
41.845997 37.3655
41.84599 37.365486
40.124683 36.53701
41.680115 36.875484
39.80448 36.612175
40.681816 36.723053
42.23975 36.4093
43.838104 35.6446
42.176044 36.344177
42.31447 36.458572
43.912792 35.693855
43.695736 35.62805
45.25113 35.966526
45.406784 36.051174
43.441555 35.32113
43.53257 37.15274
42.858818 35.9851
41.24314 35.79023
40.777836 36.847538
42.70736 36.21817
41.085262 35.9737
42.26562 35.526085
43.62597 35.833122
43.716995 37.66473
43.8554 37.779106
42.23332 37.53464
42.91946 37.054134
41.33804 36.935555
40.770676 36.572906
40.770668 36.572906
40.218258 36.521072
40.919704 36.727215
44.428905 37.096478
43.925755 35.91057
45.33338 35.94253
45.449844 35.983383
43.314816 35.879482
44.66864 36.957626
42.96645 36.731537
43.122078 36.816204
43.122093 36.81619
43.260513 36.93058
44.17306 36.99182
42.14061 37.921604
42.140617 37.921597
42.175507 37.915527
44.179497 37.96479
43.736855 36.987312
41.773155 35.548435
39.826744 36.02226
41.031384 35.627678
42.356705 35.69035
40.53431 35.987732
40.534313 35.98774
40.689945 36.072376
41.55938 35.67155
39.620903 35.98411
41.823097 35.283436
43.712563 37.43287
42.2759 37.583
42.516197 37.54035
42.265686 35.35011
42.06424 35.299747
41.787563 35.283188
42.910336 35.23802
42.426296 37.093918
41.149403 37.17218
42.292538 36.363415
42.2925 36.36342
41.899883 36.35024
43.255627 36.026485
42.645863 35.910545
43.88999 35.51603
43.889977 35.51603
42.478313 36.454906
40.388348 36.362045
42.219772 35.9939
42.219776 35.993908
42.219772 35.993908
40.683586 36.308323
42.50775 36.35422
42.507732 36.354218
42.74773 38.04307
42.980812 38.041027
42.980816 38.04101
42.841885 35.82703
43.375725 35.317936
42.20371 35.175137
41.463615 35.567516
42.81941 35.243717
43.22851 35.814342
40.84214 36.614834
42.19577 35.257156
42.195755 35.257137
42.195797 35.257153
42.19581 35.25717
44.415085 36.289074
43.12589 36.72738
41.220768 36.660522
40.6203 36.540398
41.249153 35.97614
40.64872 35.856026
40.265125 37.241493
40.866516 37.203682
42.410385 37.307274
43.99085 37.138424
43.09179 36.96787
41.307003 36.598713
40.7282 36.60222
41.700214 36.90309
43.280697 36.734238
43.10566 36.704887
44.18485 36.585915
44.323227 36.700344
42.761158 35.586807
41.07645 35.819267
42.514374 35.92492
44.48741 35.81856
44.355053 35.4629
42.464725 35.623886
42.705048 35.58121
44.013046 35.496548
42.710903 35.187225
42.710907 35.187233
42.634403 35.166004
42.634415 35.166004
42.627956 37.417763
43.365776 36.698673
42.063652 36.389404
40.76156 36.080124
41.84075 35.961143
41.235165 35.63664
42.18205 35.80557
42.9968 38.16803
43.138428 35.836777
42.9652 35.426247
42.9652 35.426254
44.088 35.38112
44.55917 37.948315
43.27156 37.207764
42.489113 36.095478
42.489113 36.095478
42.489113 36.09548
41.212242 36.1737
42.325493 35.83291
42.325474 35.832905
40.584377 37.083996
40.004738 39.968666
40.977318 44.63958
42.071793 48.23333
43.733017 52.96565
44.466053 56.14032
45.56052 59.734062
46.65499 63.327805
46.07535 66.212494
46.075344 66.212494
48.23778 70.506744
48.237793 70.506744
48.23778 70.50675
48.713085 70.90261
52.636642 72.870735
53.470276 76.003105
54.919586 78.1977
56.21402 80.3298
57.597317 82.4587
58.980583 84.5876
60.36387 86.71648
61.056084 90.385544
62.505386 92.58012
66.19006 95.902405
69.0 100.0
