100.0 100.0
50
58.907852 95.024666 4.2636127
79.67835 88.23111 4.804289
35.11718 18.804564 2.7196603
89.779335 73.62725 4.489026
9.307433 46.66371 1.2555149
8.456492 10.844445 4.156637
79.15965 63.20483 3.1746573
68.27363 33.60247 1.4864824
45.603676 67.50726 0.2730598
7.6187935 72.05974 3.5394452
66.27807 99.77145 0.46439207
81.06255 76.42198 3.1627734
76.3438 4.352961 5.020763
55.502068 97.74707 4.347326
20.345354 69.64913 5.8615966
31.854864 75.5045 6.0403395
46.889866 8.186752 2.205125
35.028168 81.38865 4.370317
5.101279 77.583084 5.2763495
60.449017 93.00865 0.3560288
76.54261 78.34159 3.9417121
86.551125 85.59593 4.7720838
99.96867 87.42287 3.4590113
7.797519 90.18985 3.1134727
75.26161 35.09803 6.5652275
50.464466 32.829044 0.0840596
32.855442 37.963512 1.5592947
46.88228 85.0278 4.073115
67.20856 70.7337 0.2180991
37.391212 84.945946 3.357934
25.753918 44.834446 2.922207
74.47337 83.03224 6.8407416
35.250885 88.216644 3.8220403
20.347057 19.395662 0.46140486
37.120472 50.507156 3.465062
36.51782 27.24183 1.1301843
98.351295 83.90371 2.7450647
6.108895 58.327698 2.5568578
86.91413 71.49218 1.9989661
21.227568 18.273247 2.7744763
53.037712 65.81074 3.4457293
76.71864 44.14369 4.9885297
65.1218 39.00238 4.1294007
98.935814 61.980606 3.9439201
73.01565 32.651802 4.779832
40.892326 1.8573511 0.11785524
94.06978 53.79343 2.6056538
46.323967 94.86588 6.3041406
81.33515 28.868238 6.3058567
31.326435 74.36032 6.4142604
5.0
20.0 0.0
69.0 100.0
100.0
50.0
245.22614
200
20.0 0.0
21.27045 4.3729815
20.386356 9.124388
20.560225 12.756337
20.734095 16.388283
20.282022 19.766712
20.282026 19.766716
20.253937 19.826384
20.686865 19.114908
20.522558 19.402452
20.253939 19.82638
20.25394 19.82638
20.689474 19.147224
20.689466 19.147226
20.661373 19.206886
20.661373 19.20688
20.10718 19.104097
20.123102 19.171553
20.139029 19.239014
20.164516 19.147036
20.164518 19.147038
19.986315 19.678387
19.986313 19.67839
21.90165 20.535439
22.26007 23.538069
22.482464 27.13342
22.840885 30.136063
23.199305 33.138687
23.421698 36.734055
23.780119 39.736687
24.138546 42.739323
24.62419 43.701466
26.412384 47.566303
26.518986 43.507877
26.518984 43.507877
27.491093 42.50376
27.49109 42.50376
27.382717 46.733177
27.38271 46.733185
27.382717 46.7332
27.382736 46.733192
28.32416 50.861496
30.826948 55.08055
30.96412 58.60594
30.130064 63.189804
30.25976 68.03633
31.228424 70.711685
31.407127 73.5258
34.04673 77.56697
35.075684 77.39811
32.540253 78.46375
33.298553 79.18262
32.232864 80.08359
32.352753 80.18602
32.43215 80.39196
32.500877 78.092384
32.54564 78.20159
33.916977 79.45526
33.985706 77.15567
34.02742 77.22247
35.849792 77.27855
33.819717 78.82582
31.789642 80.37311
31.245811 79.42346
30.92958 79.993225
30.89782 80.39056
33.015358 79.55862
34.837727 79.61473
33.259422 77.981964
35.171623 78.676216
35.171623 78.676254
32.96424 78.30929
34.296074 78.32248
34.773754 77.67149
32.34511 77.95807
32.965157 78.02969
33.33212 80.20042
32.469376 79.498695
32.469368 79.498604
32.469334 79.49858
32.103897 80.282234
32.073547 80.25436
32.913273 79.28346
32.91326 79.28354
33.70771 78.07347
34.818203 77.99333
34.89393 78.0042
33.639652 77.46519
33.81709 78.38764
32.291145 80.23002
34.35188 79.394615
35.787598 77.77828
33.88389 78.03398
33.92559 78.10078
34.815765 78.96076
33.257603 78.61231
33.26362 78.6372
33.06199 78.57509
34.8395 78.00582
34.44237 78.04306
36.148354 77.60919
34.366623 78.367424
31.334557 80.48598
33.11205 79.91673
33.67837 79.97216
32.138435 78.61179
33.49082 78.61285
35.08211 78.873055
35.082092 78.87306
34.22924 78.90264
33.307705 78.25322
32.45485 78.282845
33.074623 78.48647
32.869244 78.53575
32.869217 78.53577
34.22158 78.5368
34.221584 78.53681
34.22153 78.536835
35.92684 78.59418
34.795677 78.69309
33.786934 79.16116
32.86541 78.511765
35.25545 78.40707
35.225105 78.379166
35.22512 78.37917
33.233265 78.67223
33.73187 79.14405
33.11694 79.434715
33.041084 79.435104
32.63996 79.422615
32.911194 79.41384
32.016052 79.5758
32.763092 80.53705
34.299675 79.82083
34.417496 78.717064
33.495953 78.06763
33.42737 77.858444
33.282772 80.19915
32.280674 80.08787
31.505405 80.209404
34.610165 77.61675
34.3633 78.132774
33.96209 78.12037
34.927692 77.38791
34.1524 77.50945
34.15239 77.509476
34.07124 78.30724
34.077225 78.332184
33.28035 78.54034
32.308624 79.86366
33.420906 79.0058
33.471832 77.96002
33.471832 77.95999
34.27443 78.11382
33.598763 77.88064
35.616524 78.92674
33.261936 77.40281
32.53747 78.09275
34.556805 78.96111
32.731888 78.28264
34.83162 79.675064
33.64583 77.51013
33.70092 77.60903
33.700916 77.609055
35.49006 77.88708
35.545113 77.98591
35.81636 77.977196
35.158455 77.628555
33.863083 77.31828
33.355225 79.950386
33.04881 77.59813
32.574677 80.402374
32.71747 79.274506
33.46463 79.16576
33.464626 79.165764
33.422478 78.49196
33.422432 78.49202
32.34244 79.76455
32.496468 78.04236
32.06129 79.41621
31.451065 80.58753
31.346138 79.689156
32.087246 79.71456
32.230045 78.58672
34.629986 79.70544
34.130203 84.68777
36.4602 85.834206
38.7902 86.98065
43.558723 86.93805
45.57908 88.62124
45.579082 88.62124
48.03964 90.06281
51.932632 93.17508
54.760094 94.47562
57.1334 95.39633
57.120094 95.29735
59.52005 96.41605
61.906677 97.43578
64.306595 98.55452
69.0 100.0
