100.0 100.0
50
57.42379 87.325905 6.6266346
92.94908 89.25071 0.32451567
70.36722 70.39452 5.8109446
62.03262 55.248356 5.122448
31.667953 23.407068 0.1627553
47.344955 39.805172 4.9687448
64.80946 81.46383 3.8723636
46.92599 2.8073857 6.597782
31.178371 23.819532 1.6677899
96.19711 96.395386 3.952949
48.52807 21.443848 6.0547853
91.89643 40.31429 4.196256
77.56566 8.341735 1.3877895
72.40656 33.15585 0.6846651
93.37121 11.229206 3.4121394
43.856087 40.60614 0.8744491
88.93174 74.09949 4.916537
12.75117 63.550816 5.8838778
71.12245 95.60763 4.10644
63.775085 82.13451 3.4162393
2.2442226 76.491905 6.7630253
48.27608 63.293068 3.2190616
33.38264 97.91489 0.18762541
46.5062 86.82416 1.6728463
16.184736 89.26789 2.8255022
49.527096 55.158436 4.8271675
19.801676 8.574351 0.3937354
97.97496 22.81356 2.9067874
72.467384 2.3070478 3.385398
44.393085 71.297874 2.8530154
26.182674 61.083054 1.1703347
40.229084 56.693226 4.7842407
51.257687 8.276429 0.615549
77.47707 49.239033 4.733488
53.04502 68.22844 3.2919443
42.826427 86.14104 5.890886
14.346929 46.43463 0.37013364
66.31669 35.74115 4.4335356
21.750507 87.92507 6.6030965
43.967155 27.605305 6.011583
72.60995 48.336704 6.9825754
65.127335 47.462738 4.2855353
96.17099 5.550371 5.1592174
57.137188 18.1683 6.362143
14.15698 58.22228 0.814456
30.890888 8.917258 5.577986
30.838524 23.424107 1.3177571
82.08446 90.77685 2.680367
87.59681 31.12574 0.57335716
35.79356 51.025253 0.9363357
5.0
20.0 0.0
69.0 100.0
100.0
50.0
241.20604
200
20.0 0.0
23.072021 2.1805425
26.854538 5.0804744
26.854538 5.0804744
27.644579 7.8341503
29.407825 7.298502
27.847904 6.9368877
31.926622 7.874567
33.31073 7.971882
33.310726 7.971883
33.310722 7.971884
32.22654 8.141029
33.61065 8.238346
34.09592 13.026356
38.00027 15.50309
40.29378 19.074451
44.412773 21.724432
44.905556 21.998148
42.535458 22.035645
44.023476 22.966763
44.33161 24.123209
43.499207 23.135298
43.4992 23.135296
43.721725 23.461864
45.73961 22.465334
45.739613 22.46534
44.37717 24.745281
44.37717 24.745281
46.638447 24.569683
44.77327 24.521057
44.55337 24.562515
46.692245 24.691246
46.857674 25.129576
46.857674 25.12959
47.568012 25.570303
47.568012 25.570303
45.40142 24.360281
46.10498 22.46576
46.337585 25.066017
43.927902 23.832594
43.63964 25.001207
44.79251 24.081991
44.792522 24.081987
44.13634 25.277542
44.301765 25.715864
44.301765 25.715876
44.794548 25.989586
45.287323 26.26329
45.509857 26.589859
46.305515 30.644577
45.389122 35.3957
44.472733 40.146828
44.27329 40.57107
44.27329 40.571064
44.322876 41.23553
47.647995 43.795338
47.448975 48.74062
47.641525 51.353683
49.236465 53.80464
49.429012 56.417713
50.296486 58.958122
50.48903 61.57119
51.39602 63.480682
53.336693 65.04852
54.722057 67.5481
55.70663 70.15378
56.94201 74.514694
57.740005 79.41339
61.079857 82.453964
61.894463 82.68016
62.06172 82.796814
61.839096 82.734985
61.934444 82.72956
61.947475 83.4038
62.53796 83.412224
62.88352 84.054726
62.978878 84.04928
61.749794 83.66827
62.34028 83.67668
62.11766 83.61483
62.85365 83.948875
63.291985 84.55182
62.062897 84.17081
62.91743 83.904755
61.688347 83.52375
61.68834 83.52374
62.54287 83.2577
62.604073 83.23404
62.14644 83.01547
63.550453 85.09731
62.684986 84.13291
61.137066 81.89687
62.37224 83.66364
62.372246 83.66365
62.12587 84.238815
62.293137 84.35543
63.23226 84.31203
61.67076 82.436584
62.90464 83.83276
61.779564 83.7507
62.76232 84.737404
61.868965 83.94252
62.150936 83.36408
61.25759 82.5692
62.41801 84.36783
62.431046 84.36402
62.431076 84.36402
61.54894 82.42301
61.548935 82.42302
61.277298 83.02658
61.902393 83.81802
61.934544 83.91328
61.934532 83.913216
61.87111 83.91857
61.871117 83.91861
61.884132 83.914825
61.414085 82.27245
61.454918 82.40961
61.391495 82.41491
62.850563 83.98677
62.226723 83.44142
62.22007 83.353645
61.804096 83.00358
61.76314 83.0583
62.84599 83.54608
62.8547 83.58791
62.970898 84.51786
61.348747 82.71888
61.303886 82.66445
62.596413 83.38254
62.596428 83.38249
61.37948 83.09935
61.938095 83.30413
62.957413 84.85346
62.85318 83.593575
61.26674 82.44815
63.30515 84.77755
61.718708 83.63213
61.211296 82.388596
62.842278 83.69594
61.390953 83.20537
63.325584 84.63762
61.435223 82.63818
62.998966 84.36751
61.874763 83.21182
62.18203 83.10812
61.135098 82.43408
63.069736 83.86634
61.746536 82.9272
61.654724 82.391716
61.14907 82.26454
61.458214 82.3814
61.28794 82.24938
62.132744 83.62736
61.776917 83.72662
62.2533 83.5798
63.005836 84.485565
62.605232 84.30194
61.169983 82.7433
61.95218 82.71598
61.899635 83.24094
62.07743 83.81742
61.42286 82.55567
61.370296 83.080635
63.079273 84.368
62.10349 83.89545
62.40294 83.80343
61.640152 82.77095
63.1565 84.38954
62.423164 84.213745
62.8295 83.98673
62.737713 83.45118
62.485218 83.87896
62.48519 83.87907
62.48519 83.87894
62.472458 83.356926
62.00923 83.62938
61.88878 83.541084
61.394287 83.22818
62.22068 83.145195
61.691086 83.066826
62.066185 84.00561
62.46633 84.299126
61.720066 82.34097
62.3286 84.17001
61.582333 82.21186
61.534107 83.0028
61.268394 82.46461
61.44519 82.43268
61.35905 82.24773
61.31084 83.03865
63.011936 84.27673
62.726246 83.51147
63.253418 84.21718
63.965805 86.88515
66.147736 89.80806
68.32966 92.730965
68.32966 92.730965
68.5531 95.15398
69.0 100.0
