100.0 100.0
50
74.56897 44.055843 1.7089814
37.67298 98.24842 6.280412
96.40204 74.674774 5.645348
32.817062 33.26342 3.1229494
48.34361 44.596268 5.5924172
2.7078907 24.749317 6.4894805
45.072323 22.33362 5.873347
85.70222 47.702274 6.228788
8.98615 10.736506 6.66767
36.592487 2.4514964 4.2782984
30.2798 32.89716 6.8862433
75.878044 30.520863 3.701288
41.931812 0.93753237 6.9246473
42.007652 49.415276 1.3674756
73.11654 4.312078 5.2514825
52.02348 22.236029 1.7311825
53.74175 8.20673 2.1251318
30.167572 97.78077 6.7830253
67.837395 29.794424 6.134565
36.842804 2.0031338 3.1292717
62.313587 3.9172108 3.4711516
43.2647 15.473613 3.0628474
70.57751 36.061466 6.2410793
56.221077 80.30641 6.151439
47.810516 20.097256 5.4920716
49.792507 11.201309 5.950138
85.34576 10.047992 3.2144456
93.55129 4.8086643 6.49682
7.5928097 60.696693 5.1540637
15.019171 45.779594 2.9157488
37.56466 39.932 2.7782583
67.923386 86.06308 3.389942
62.156197 4.2557454 4.69102
14.024762 63.586784 4.8844476
4.529717 17.009727 4.296104
39.244064 34.391308 3.3280568
10.8493595 71.46686 4.4444017
1.9544458 17.2768 0.9917142
12.872101 96.86848 3.1714768
27.504065 25.89757 5.484848
70.08429 17.133173 0.19912244
5.8691506 92.96078 0.35426953
10.21814 72.404945 0.09569398
62.347416 45.030838 5.767664
54.884537 93.99325 2.9971778
66.75821 90.70645 5.9382696
90.052635 73.85207 1.4328387
25.548418 94.30317 0.06197335
0.094926715 47.258705 5.099732
41.70999 3.1081295 3.096358
5.0
20.0 0.0
69.0 100.0
100.0
50.0
343.7186
200
20.0 0.0
24.581047 1.9948839
28.285477 2.2733643
32.915848 2.4301038
36.04866 2.6320531
39.75309 2.9105334
39.763542 2.910009
39.76355 2.910008
38.86918 2.672153
39.522957 2.860809
39.3191 1.667172
39.769997 1.3709352
38.75299 2.5887222
38.992813 2.4321394
39.217575 3.6247275
39.608444 3.3636909
38.955845 3.1123085
39.618904 3.3631654
38.892166 2.9696577
39.942066 1.9570503
39.71661 2.7299404
39.77664 2.6947412
38.64103 3.435472
39.33706 3.219562
38.96358 3.1730194
39.37832 3.1439772
38.916122 3.104492
39.312073 1.5146883
39.182117 3.1613123
39.59038 1.5426385
39.458683 3.454137
38.889206 3.2118301
38.899696 3.2113056
39.341125 3.1081083
39.595886 3.0468373
38.86489 2.7018914
39.862938 2.7974606
39.39692 2.670392
39.26985 2.9120564
39.280296 2.9115305
39.639206 2.9069588
39.477547 2.7782562
39.0569 2.9229405
38.69489 3.1286588
39.842506 2.1656423
39.677658 2.232019
38.961727 1.7946973
38.932827 1.8042607
39.247574 1.970572
39.457283 2.332226
39.223103 2.5391953
39.62219 2.5779016
39.860733 1.9978096
39.89569 1.8230264
39.26107 3.3930845
39.84411 2.7067091
39.335274 3.2046812
39.07021 3.313945
39.070217 3.3139453
39.30036 3.6227825
38.901527 3.367116
39.621647 2.6523411
39.658817 1.9562654
39.939484 1.6574326
39.928757 1.6811771
39.286175 3.1824913
39.183197 3.6259007
39.789284 2.7023578
38.67426 3.371891
38.674244 3.3718917
38.844166 3.005082
38.847836 3.30778
39.295074 3.4486973
38.814606 3.3100667
39.257854 1.3957405
39.12378 3.0499504
38.996765 2.6035554
38.95648 2.6922534
39.043007 2.749894
39.08811 2.7819438
39.509426 2.3660455
39.83102 2.7384315
39.35187 2.7305818
39.16597 2.646379
38.97865 1.7560654
39.705246 2.3200788
39.25949 2.115553
39.603565 2.485011
39.690834 2.4446342
38.997566 1.750179
38.737637 2.675873
38.737637 2.6758728
39.581318 2.7090857
39.626446 2.741139
39.626472 2.7411401
38.70314 2.725276
39.719955 2.6261954
38.795647 2.8844302
38.88217 2.9420705
39.72585 2.975284
38.802517 2.9594204
39.637688 1.828857
39.292374 2.5345783
39.026676 2.326925
39.838577 1.9384711
39.357418 2.7142715
39.558437 1.4380877
38.967953 2.1274986
39.851803 2.5271678
39.370632 3.3029675
39.4981 2.8937402
39.916508 2.29737
39.91653 2.297369
39.334984 2.1542206
39.705692 1.4450312
39.75614 1.527802
39.16489 3.8974862
39.81313 2.0094361
38.696136 3.8045
39.0495 3.8292413
38.753616 2.9838243
39.62089 1.5608621
39.10528 2.6342602
39.267006 3.1744547
39.394493 2.765227
39.80158 1.9700868
38.80756 2.0919523
39.718918 1.9375873
39.27812 1.3446183
39.55939 3.276566
39.696957 2.8543715
39.444878 2.6756399
38.821888 3.1340516
39.198963 3.91912
39.387688 2.7683756
38.99234 2.55453
39.88074 2.2744954
38.967537 2.1500602
39.74688 1.9917717
39.013943 2.3306398
39.72074 1.9163852
38.686646 3.430522
39.775845 1.8294253
39.8634 1.8667514
38.782967 3.0980816
39.364372 2.6830733
39.803 1.6608689
39.319954 2.816828
39.2988 3.2782657
39.160187 3.3533795
39.73399 2.7669501
39.546986 2.8467345
39.506992 2.8880105
39.924416 2.4650745
38.902966 2.1651328
39.125366 2.0454614
39.49581 2.039538
39.024372 3.8602285
38.852974 4.265355
39.119637 2.5878954
39.55217 2.4878411
41.385506 6.3441434
44.030037 10.426452
45.688828 15.119728
45.113693 17.02177
44.47956 17.956055
45.460014 16.922237
44.479553 17.956062
44.479553 17.956062
44.479553 17.95607
44.857475 20.47956
45.58172 22.903519
46.30597 25.327469
48.244682 29.658451
48.79811 34.387638
48.609962 39.26913
49.739037 42.328754
49.97306 45.2696
50.207077 48.210445
49.073143 48.97318
50.66986 49.456936
52.608566 53.787907
52.420418 58.66941
51.094475 63.3155
53.033188 67.646484
55.877445 71.01383
57.816154 75.344826
60.067154 79.09948
61.79989 81.930336
65.24069 85.304924
65.27661 85.34486
65.92108 87.814
65.92108 87.813965
65.92108 87.81396
65.921074 87.813995
65.92107 87.813995
65.92107 87.81398
66.565575 90.28311
67.78279 95.141556
69.0 100.0
