50
94.84829123102212 19.701317014680825 6.9370194537799375
58.0260871045739 14.634411633795757 2.803677058170357
76.43412823691517 61.365421760004665 1.1773780263446927
53.58390201387277 48.76615206102155 3.5621272723698003
20.490252705905466 77.10638672456821 5.632625317675839
43.63996928378623 59.79487927049334 6.866262965815643
21.65664310541381 47.088934546924825 3.298725145547908
40.356564577140915 34.88782460512962 5.66582426679842
3.084193790845677 52.361791798916734 4.734086454197706
73.0044937743949 92.29610131645686 2.3853747181021947
23.01991688771829 79.24134349533395 2.7605727045250794
54.36506059271057 74.11873848066398 2.42505538479516
92.23964565866919 13.363090743500672 6.867525223099943
45.4137466250038 69.39713573882315 3.7303532315978387
39.505794630430486 13.815528886599388 4.383946820621899
13.50053731857998 95.06049656676186 4.144647449536419
30.640513054488384 24.55858870371226 0.15461424797179213
90.13652482250441 17.940317295110912 3.7062593625952474
42.9912988976962 33.27963281688864 4.975701631133876
61.79692708176464 42.45727257973182 6.31550946602999
77.51410325628488 74.98466666046272 4.708626144640248
47.26265425030746 6.6624199105076 6.103200170030741
58.91795324076736 70.514576286418 1.3868169525248297
41.705128207734035 47.85232117208811 5.6229123552135825
88.69668983591939 7.218911104507589 0.7545756485638306
8.42612645533059 29.850825569034228 1.560467061683799
69.36298448731502 78.44257677233668 2.351571197891621
48.82989806514351 95.43268599560182 2.680290557269624
48.113899150959845 72.06553365983739 2.532644578727355
24.788099899416963 22.019917851683555 3.472859248049131
78.25902243835952 94.39421215661397 4.5692421866657
55.82251110875942 33.01462346144998 0.4560455133832946
69.71972116180741 82.46878768279022 0.6982982751412923
64.93335329227554 23.473702339188534 3.4993334017512496
10.681238594826647 46.34626838668252 4.729050985054383
39.13096606560246 70.33162953791548 2.0887706323810504
30.292671005935464 46.53107361601128 4.707240653102291
27.330944354584535 63.3928003107118 6.605523185828202
88.34866649849192 58.101850550318964 4.154760440174938
54.96138587945232 82.96489364841948 6.63736469232713
6.187384322922813 49.65665536100308 4.157870999087441
94.28928014082271 83.0126623345183 3.5920613757748825
76.74336285794755 75.5055729694068 5.6422406985152485
70.50646767174635 49.11051478153314 2.4360703129806187
14.228663284809617 84.70348530569713 2.950582453925774
23.218835913799364 4.698422379172742 3.48099132678239
2.4638563497353876 80.63323626324542 0.39411276698525355
70.04725811030887 71.3200338920478 1.5356046255937936
42.53477055502595 41.699285265546656 6.557587219155732
95.83927942842924 7.251709661269303 2.5944711195036994
20.0 0.0
69.0 100.0