50
53.31957001282586 60.74065885362472 6.292797023638126
73.95334315165984 95.20795694348853 3.02738766375031
57.75751911883387 82.86389681240667 3.2704472663248034
92.38815595327779 60.894698893042204 1.9061382987779818
39.191489626217475 28.17399428479182 5.990191078049121
99.02021055405194 58.23134942292184 1.533498155997831
74.51063338073969 66.57486962400698 5.252212403893946
4.7539648141078645 68.7021058109847 4.955211406445091
16.757091160755735 13.876117293297721 6.816609260085716
43.24776722319697 29.07443119907995 4.3523744154125605
29.59809526889461 71.85738172841948 4.332212487930458
41.33892595007052 12.060051304045233 4.90599132008988
67.22749820879915 36.797248792158236 1.9031162202040692
42.29859691697827 26.421147136120673 1.4047856968057089
88.88141063781944 99.08094054008518 4.580006038180234
34.54530930314299 88.67962667846678 4.700597231140707
6.104436591518903 30.559394845366718 6.230723751054919
5.671701045847523 76.668481134013 2.411182846023094
23.12948341615188 8.946033900870024 2.1611881458194326
88.88036009779432 98.79522749260092 6.631786357354569
23.045326228827168 87.963532309365 0.14461173596988286
96.05739859533341 24.68551526629695 0.9967870326316134
9.761363857101456 10.142324175306412 2.7801756548233736
67.9555089640133 11.32480162716134 1.5595286583341514
24.645987341369665 30.797044182284516 1.4854846126943362
43.8156056136147 30.031991248393716 2.66962297613066
4.478834185671914 20.552512784584017 5.212155065662856
54.3844261966697 55.742292855821795 5.618419006576693
38.94614098942865 59.03857387170661 3.2667454150429442
45.65170521392302 66.1810064179341 1.8712617876441235
49.65853486291556 94.5688489424331 5.061366193818863
16.853778148049265 32.126385050275424 2.8001885880498234
23.438747831500592 89.66158217798653 2.2216821676828626
50.84322863059383 87.93595756714467 5.292276147851734
72.9565300173008 6.52640948994555 3.08959365895826
49.90078677049931 4.379320522581639 0.7316917442176787
63.8206239741655 23.38039612697068 3.2016634847534036
72.5058420635202 54.67328653676951 3.767812054711959
69.21468872268709 18.90127755427838 2.9174522897268598
17.868998325223217 69.00013235967742 0.29041956311878525
32.77685998748209 61.25113125499806 6.497287118291249
24.664801037081734 37.070020577666604 6.3203175039347945
11.917747258019132 11.793104876400076 1.3236938692294267
64.98448142431621 95.0647019612601 2.4117073665929305
14.629140870088337 40.00036748864869 6.492990785354399
38.55735540724446 16.89420218478073 2.6215358937879856
38.99276841346783 93.03388815351606 4.731871930370904
94.43356656990144 82.36785154391953 1.002369132984755
27.597532100420583 64.1008096087508 2.35592154219353
0.07494466681696421 84.318356415588 2.207688288486894
20.0 0.0
69.0 100.0