50
80.63792880927647 86.72671217818785 6.26647055321247
74.37210827627516 89.95934393782423 6.336049666471701
47.11078907016704 90.27178067377919 2.2115570114982988
89.16098624972658 50.98913522136472 6.40969580112894
96.0944794091263 4.148147462498159 1.5384711487537088
98.04567899004005 39.22938009528153 3.972944219584189
59.72786192964894 64.20296597121843 5.430088737893502
27.08565317179785 22.137802324208074 0.9379012565355143
97.95269272867263 24.986297008797578 3.632912742526268
33.116220941971534 31.854352213125818 6.008643938474846
0.2944008202886439 22.55155734843712 5.931124059637913
88.8987607947081 72.5803738164563 2.583808147625792
38.656930052024784 41.11483905999592 5.367942926120627
66.31882978664986 54.283875854234495 4.338600702062035
20.591122384578227 31.813617870827763 4.257752876883466
4.194987298308099 70.33471011969081 5.3291682571115135
47.368336625275425 35.63092682005741 0.36042875357807447
43.352394495581635 33.40550906698606 4.045012525680057
92.43327253972338 10.73400467864841 1.3896296220777784
4.8115533172426845 64.46078456317831 2.9356821724244138
80.84518817889848 22.762670158403488 6.2552954012856805
10.82121897174622 83.79469274857358 0.9233027173913866
48.750275407290864 87.56573405165994 3.6659539085675483
73.01291284959811 65.24005567567072 0.35747033386779914
5.6782763226303565 51.095456881600484 3.832292875773212
23.49997163692986 13.346283390818181 4.171358352345839
57.89160834643289 97.02014026669535 6.90578461382418
23.341627208047058 26.069606686604544 1.7905886227503043
52.91272448463734 90.54919826176403 4.241643082382802
54.68301747443066 31.229175396029348 3.4146363437789793
80.65679520781825 67.19265185060108 3.6217864832606343
40.665581741077595 50.128923488193585 1.980986679114179
93.33717152878422 71.42907437387275 0.5997585019904313
51.653558915877 51.16139325099532 3.764953183253842
19.7578029639951 49.95886692529656 6.5398270360449615
98.30301253704995 74.13951473080034 1.2109711183823115
41.548992837556895 44.477018814659154 2.7336627179632957
72.7081772559973 86.64002965193161 1.3799281756940704
74.18970778180335 18.959346731167763 3.6778307878027143
57.6859615153489 52.35221861554767 4.7129907016651185
2.4908103983526897 60.8702143571338 4.733229640260717
55.79695859901518 18.831058898567758 1.3132196353262904
32.34249583553953 3.1621703503396814 6.777370669237821
25.998718488220597 6.843088633709397 1.9357873388131521
18.445265018485625 65.82458988685453 5.529871322678943
63.740163890204286 26.69652497403715 1.9605743941792806
86.05613035162823 90.6459391793174 4.960673892908377
60.847610304378186 68.9959355670687 2.3821661057680386
8.433798184368964 58.97216223718921 5.235445229232095
45.41424555363524 45.7446825342068 4.329124431420065
20.0 0.0
69.0 100.0