50
20.737057632641196 88.90293353875452 5.429360328473551
22.612928621563597 28.749943473631344 0.8948453109481743
90.47554691104754 2.2552925560805344 0.5690151820744095
18.323685385288105 50.44064899306484 6.32432128968789
26.18218800162277 86.15842525266261 6.6214305259545325
66.7227772963459 14.886220110445258 6.985726854023693
45.02550555453329 42.16119548906093 3.076499951565424
43.34126668271309 48.66113875817086 0.31045178208354696
47.31448066137326 61.522483330177394 3.6234151932597043
98.66228057908572 39.20373745680371 5.712802943388336
44.9000838746741 14.652102277675095 1.1305609422285845
24.983592781285925 66.87238521084255 3.952972116334313
62.475021098328924 73.70425303631647 4.237579986738815
32.98314759174336 76.42764585989346 6.775367430849722
27.851996269248122 3.7360143627742586 0.8062311709305623
14.831450464836365 51.529363674555995 3.5526036517253345
34.05468698846518 3.549685324797451 1.5440528086982468
46.535750168564114 45.015953180970264 0.5946509562276739
83.81949251540559 48.93252153000842 0.7454925750592527
43.656271818388205 53.03729091178482 5.078720784437431
98.00916032358248 86.86334584179687 4.1131001568884535
34.85621580350568 0.6747134907409027 3.426650887241117
92.25357923142323 18.12015501776742 6.7420860178993465
1.266802065997604 65.65933754266827 3.1277334896090285
60.59291652121869 26.180116468335726 6.567774780172127
57.67139541875985 14.300653130639907 1.5924959870977857
64.85543157890851 80.77489605005847 5.701725222840704
65.43289463094963 81.63187183356835 6.44756714032385
31.855491287849933 58.144802461991105 3.86814455258454
61.96688019146271 23.532547239686558 4.351237652645248
89.99630916887199 22.437802414293465 6.280986800707111
16.43524728930902 88.8980185475963 3.284685882183713
99.2886971411775 40.017510971979995 4.747277121090905
31.802091732833613 0.8439749990100035 4.463325090043136
11.684640947856664 9.71897264179228 5.400761518021414
22.575404878501196 99.34859251853929 6.819340908091948
13.579597645296921 53.203330931611895 3.367768855007287
42.27462821815098 29.42884316995194 5.786222699943406
37.19018610284948 47.35047011766843 4.777512825421206
12.737848947926935 70.17950147978458 5.28506645862358
56.92285975300076 39.962767840203504 6.00247400524041
37.23840003201647 82.40105884895368 6.772486647770761
88.64679121419672 65.48163414669582 2.423361849564448
48.65067196852291 70.29686060281824 2.2435268411268496
27.255137125781673 15.029138627718403 5.031436007565858
64.5246388299446 22.45037338418118 2.799077465374084
51.33734755127646 2.5087965197951574 5.3054939787037885
12.246509235816456 79.62629660144025 4.082393504590572
63.086548057363196 60.50340709078944 0.8366996308111236
27.162746221819212 56.73274435920378 5.216818356616386
20.0 0.0
69.0 100.0