50
36.2976348221668 48.50130633670097 1.1941232697130764
30.610182252042208 18.231061688501626 1.4209912551096282
36.81132237375292 45.92319755764652 5.392927963474177
57.38543318345406 97.23805387625363 0.32815329997108367
21.650704232568334 93.63025431636281 1.3357052584511229
90.40206559768282 18.763661499280456 3.108877741439038
71.9619796303629 13.827040587781173 4.870062882037748
76.02110970098835 98.16977502481662 3.9571578300574974
18.060935359089076 20.691092870530007 5.816023848966679
54.74593827702581 58.034465868657904 4.59038587076376
47.51622752683363 7.785888520364584 2.0225792217517764
45.99328872494118 26.411888114708972 1.817374796156383
41.06254593600918 82.39400828168459 6.838068283409385
9.387067544135622 12.822824609558305 3.812165207733589
84.68787905089508 27.553164865434134 5.576929376271474
57.22717533103493 2.1176529613813777 3.3066876445426887
40.216968661863284 58.98526902170851 4.565635144456165
68.10084417776491 63.99653986087165 3.346783134062539
17.759817511975502 26.93367343525924 4.749675398929881
3.726694218613102 9.155530247862242 3.427150785163685
67.82918199987301 67.32835356044649 0.8059375931239878
75.38731021235982 40.796537759726824 5.08860417205053
21.06089387606292 2.2477113629564043 3.7509228294165986
39.310853176522414 54.29079600964492 2.410140125454701
90.05324938931787 94.33955955134057 3.418102744863655
68.85353755335056 11.450389471856063 4.762673110764079
70.83292572301552 60.02093376669697 4.275212310684196
42.16489550495666 36.99026227857849 2.185131029747596
75.45145373168707 77.50067336916327 0.9016355654205892
23.491916126117918 34.602632858134236 2.9273988481357978
3.906610302281517 61.1739428064763 2.2068757013710334
4.011576808573947 98.65021390375142 1.9927449424703174
34.68213512460366 82.77829342428312 6.507940032879658
26.508626670132823 44.678329687181034 4.161132210730188
22.744845967867647 98.99081131014474 1.0156472228155984
92.17905037458391 26.220252485491393 6.589972302720151
63.38483783522494 35.13134735289697 5.252568049098566
12.213251456439487 28.53079283251142 6.383797480208934
19.434513585256653 86.51359897475446 2.5119881325016893
47.89972687327473 15.379122071303316 3.6606294392663226
45.274246612303145 38.6401090797382 2.0198044324959294
46.46343569785384 30.128415020303077 5.766831684510878
44.66886260787602 57.81557121101144 1.3804887640713024
45.292717203378345 51.340317738349 4.911709752348845
77.85387235965962 6.349610168943964 6.193907171223267
66.81169970863998 56.06312078399158 3.6201904686197914
10.483567506405336 20.502609625526855 1.464830362978185
96.087833786817 96.26851046032743 0.9190422375346198
26.314380665877795 40.09888726563982 0.8378426876978904
57.446985199800594 47.90887916043915 2.659602667870439
20.0 0.0
69.0 100.0