50
75.59779557266987 53.28226585142067 5.592758990935701
59.07522828051738 11.231709683685608 5.628702245521205
45.00362533147256 29.730530695942498 4.703776253112249
13.08610508617792 43.483847031524135 4.298377977234249
44.4836034465041 28.591255233877366 0.0480776947453484
4.0192705993725175 26.86993614071841 5.331411586706102
33.161751903761875 36.63511715782644 1.3657057738038514
63.30152702013276 50.843671132012396 2.8053021204486726
72.71985982761672 69.01555881416542 4.065394532653331
8.882111611655766 42.204211264854095 2.948642231672181
48.87942267440022 72.65803888275683 4.233712620331254
85.87315722870257 5.5910709491707005 0.7889716952427448
52.60976708821454 91.2441700747026 0.6295392289616735
27.220421470802776 5.5084779444537 1.4354402778866029
82.29172447959225 24.36929595902871 4.811021975126435
85.03259904403593 62.494393333781154 6.29612855699202
51.61540214501515 89.77104403052716 6.1399092204896295
5.131412651921291 24.33335266121254 2.6377555066718132
7.788145976187862 80.56838453424832 3.8906750352027144
64.3231889104824 38.43974107353407 6.011259130682975
23.36319175157791 6.655584828892442 5.327551467545862
31.66493283124529 44.21510251598332 2.028780058114937
80.43504749409918 72.39628471641613 0.9049817133264035
46.65859645133049 10.810268111451533 2.9995643330336783
2.4020028838909244 31.89420029192997 3.716590239820015
35.70445789307559 1.4481322608073541 1.750907264958971
39.89853802795914 0.5051605398001097 5.719785876777349
45.41057777092921 90.18065024689199 5.526403649979935
2.3154588288751516 29.105200594561683 0.7453880228189933
12.026531479205417 42.82664975476383 1.6180681517526474
31.53442746683786 96.351392915526 3.162432404713933
29.524050533434472 45.615542665394244 2.763398973026873
83.98955799785386 67.27419886000038 2.1806225399522736
2.379350417604439 26.238171939357144 4.697944336922033
94.26202995725863 19.744695365166788 1.3981345359580142
30.445580784008087 0.7442312060210843 3.871243141316955
59.00446221049799 77.18096887919725 0.8219985841262476
91.87491935983401 64.66634189080965 1.9253007137286349
61.52899689465169 56.90915683975306 5.538181837001383
94.17250890009154 25.191555534863923 4.621609725505813
60.24078446415021 49.18006562100395 4.80913014889395
76.3250632060274 42.815377482138686 2.979438999703595
94.12947104147003 17.91006867307741 0.40420440113848555
17.05167752960568 91.07381851622267 2.9137257368402203
10.491821782624191 23.538172609223647 2.723387591522354
91.25728675007313 4.876215311906607 5.176675701014587
14.14771371411239 69.87038759227033 5.155244323246468
76.59956546717893 4.329708596901184 5.611591641747626
77.67054468545821 89.04599055404965 6.509997923950099
82.68782998764996 85.228526371706 3.1220527539867717
20.0 0.0
69.0 100.0