50
74.56896748119016 44.05584360328274 1.7089813419288857
37.67298147029741 98.2484170494225 6.280412225856107
96.40204034921302 74.67477286660683 5.6453482779988
32.81706110241103 33.26341911609531 3.122949291966111
48.34360954766491 44.596266556345924 5.592417088297782
2.707890736388221 24.74931731499412 6.489480383942834
45.072321985934884 22.333620380792613 5.873346783187542
85.70221359662557 47.70227431298863 6.2287880705409115
8.986150249645574 10.736506587270023 6.667669904453749
36.592487240622866 2.4514963281285844 4.278298192545118
30.27980051700171 32.897158142806234 6.886243124162622
75.8780422921145 30.520862084105154 3.7012880070051497
41.93181118464016 0.9375323759985515 6.924647493985628
42.007651742724235 49.415275099835185 1.3674756370350019
73.11653682869235 4.312077840583096 5.251482266423702
52.02348058937423 22.236029612574594 1.7311825142051802
53.74174969140279 8.206730004174345 2.125131784390072
30.16757154760167 97.78077235701909 6.783025053979161
67.83739262645278 29.79442359209883 6.134564726309285
36.84280205492067 2.0031337837385164 3.1292716773158267
62.313588872935505 3.9172107655684476 3.471151679282492
43.264701642404276 15.473612794270299 3.062847261048037
70.57750637444832 36.06146686151787 6.24107930563739
56.22107669248077 80.3064126557957 6.151439132538826
47.81051538837706 20.097255141270328 5.492071822582477
49.79250555156328 11.201309083855534 5.950138257531913
85.34575432551127 10.04799146804141 3.2144455382038295
93.55128915580778 4.808664242958364 6.496820126140392
7.5928094390887155 60.696693659961504 5.154063566233109
15.019170519568377 45.77959539376871 2.9157489295508383
37.56465854330703 39.93199757045219 2.77825829155294
67.92338424535659 86.0630795243876 3.3899419512964273
62.1561967728064 4.255745614745924 4.691019902436603
14.02476215209148 63.586784030822535 4.884447555636372
4.529716805523007 17.009728309396984 4.29610399853606
39.24406348532309 34.3913069153888 3.3280567491076
10.849359242303777 71.46685869740452 4.444401841553004
1.95444589811111 17.27680032501725 0.9917141545813751
12.872100833748307 96.86847921980934 3.171476900929447
27.504064131182755 25.897570496285013 5.484848229913901
70.08429060568388 17.13317238250965 0.1991224488808958
5.8691508408130835 92.96077925096857 0.35426953694813723
10.218139537191709 72.40494449068349 0.09569398025823861
62.347415286925326 45.03083705033363 5.767663949214602
54.884535060161966 93.99325105138333 2.9971777331003784
66.75820650566564 90.7064531582256 5.938269670344022
90.05263718167865 73.8520763559053 1.4328386627708924
25.548417420855337 94.30316744685396 0.06197334924522191
0.09492671423054955 47.25870468991582 5.09973180705877
41.70999031352486 3.108129600005745 3.0963580706551506
20.0 0.0
69.0 100.0