50
58.9078511911601 95.02466425814175 4.263612769806932
79.67835354144998 88.23111314010492 4.804288782594273
35.11718089821017 18.804563197212484 2.719660388787559
89.77933131146703 73.62724968822471 4.489026273800432
9.307433235111715 46.663710909673625 1.2555148264853817
8.456492575506847 10.844445680558483 4.1566371745947475
79.1596496170885 63.204829791126954 3.174657367899355
68.27362871133069 33.60246870762152 1.4864824208704532
45.60367553589909 67.50726486450952 0.273059773346751
7.618793723676363 72.0597351641506 3.539445107230372
66.2780689656081 99.77144995980734 0.46439205223823343
81.0625519257485 76.42198541815507 3.1627733756251692
76.34380153930684 4.352960954518458 5.020762888762592
55.50206582404802 97.74707399542453 4.347325566729413
20.345353773280493 69.64913488071323 5.861596611895527
31.85486371275566 75.50450369064406 6.040339688876014
46.889866541243855 8.18675194973434 2.2051251977782416
35.02816916808444 81.38864603767877 4.3703167930432665
5.1012788882039075 77.58308059441761 5.276349737032123
60.44901473867544 93.00865016952929 0.3560288073507908
76.54261167217719 78.34159341697301 3.941712252207801
86.55112379117655 85.59593115912547 4.77208362082075
99.96867205295474 87.42286385864298 3.4590112646392877
7.797519377217596 90.18984682425766 3.113472613659461
75.26161264812117 35.09802835724556 6.565227651630485
50.46446624148198 32.82904566877878 0.08405960700455306
32.855442578732244 37.96351285585314 1.559294660903984
46.88227981474205 85.02779848858371 4.073114709936739
67.20856030629463 70.73370328963583 0.21809909929355464
37.391214212356495 84.94594650406731 3.3579339752786646
25.753917892738414 44.83444557712291 2.922207124837964
74.47337323427274 83.03224006539104 6.840741464862163
35.25088421294673 88.2166410880825 3.822040360138472
20.347056468937254 19.395662443371613 0.4614048474023197
37.12047311969201 50.50715589432348 3.4650619319272544
36.517816824582226 27.241830586336935 1.1301843319254394
98.35129481517569 83.90371066962436 2.745064843999331
6.108894914332112 58.327697141269674 2.556857738068203
86.9141326095996 71.49218053082362 1.9989661071469251
21.227567111371133 18.273247718311193 2.774476387767479
53.037713696827524 65.81073896665761 3.4457292244053224
76.71863955834054 44.14368876604662 4.988529561503548
65.1218019294666 39.00238100326593 4.129400951414196
98.93581690691443 61.98060497136164 3.943920200989141
73.01564993145722 32.65180297771441 4.779831863168794
40.89232471384958 1.8573510330389835 0.11785523990066227
94.06977660772628 53.79343113580285 2.605653802309732
46.323965236644355 94.865883372257 6.3041405969196695
81.33515090255692 28.86823818334532 6.305856812028423
31.326435487776518 74.36032100184067 6.4142605504261345
20.0 0.0
69.0 100.0