50
58.70913833030194 84.31954939462626 4.209777567515754
21.430587940882837 1.0931362114422831 2.653789175919082
42.226025946832586 50.78189015154458 2.958734401552291
4.326254045675798 69.24542982459957 0.9617406394023574
73.40785383718114 42.83943755511033 4.102264445903377
69.36814350326817 78.20198614940348 2.9911506734503037
62.926615191636394 80.47894274674961 1.4824037339727503
64.29679649259502 82.65632666460556 5.172181597433601
96.63680066476516 16.496478695072256 0.5489898947609301
10.14381706330185 96.55278288601984 2.354776019201614
87.33867695742006 54.77021087858082 4.451785062472506
42.70551040739873 7.736579379816085 3.0591631220437856
39.02992400341442 74.0647352020501 2.8457436815233557
14.619772729992352 74.32410510156589 1.9498561933484733
58.69401168630434 84.13642095868146 0.9483565320007109
77.35302810433917 76.85423146176053 4.293374591422165
49.52972577865794 79.15887680501028 5.056842805188798
44.7109652952904 99.03486364019624 4.940690112676796
1.7689767581191096 64.32846690483808 5.4842404758637215
44.77038060469277 47.05002679816722 5.018480922781039
93.36426784326524 10.925009372459773 5.1519185546212904
27.618051072029008 38.97878495018811 6.640105258996918
80.54055934771367 15.197427531897212 4.437641960171967
76.05542392833166 0.4226077014171288 2.302337455142082
29.915570580418905 54.91455224704723 3.790050602239514
77.25311092646318 90.98015596467066 4.3426295047498416
71.18728024366746 17.876755022051285 4.981361103820083
82.54756419053473 48.27645953340162 1.4081340288941981
17.811434616563407 60.71497937666114 1.1638712462972354
45.70524660580137 44.424756030157056 0.8256041949977755
30.861448352443816 99.47201037827612 2.7907146023034257
18.980201778354793 0.12444760338865801 5.3201673864342744
55.924432417147656 15.920017817560876 3.8307923312375514
29.28947942707308 83.08225403629861 4.363156920631559
55.574389361433774 99.80123608935386 4.450536532357914
62.10662741621477 86.93000709004468 3.972571497999202
29.82336147107072 83.37179989590759 1.0292513177432048
45.15587195428568 32.030205444543554 4.8838299003963375
37.45583155622259 28.485727713053375 3.708075111976818
38.69371172008483 31.735587516012615 1.971883035929093
29.430737987848428 54.779938775440996 0.7464316178260871
58.23628819129241 78.02393762294956 3.2445059557698217
45.511123507095704 27.680854028771783 1.970223185981207
45.168831776682175 13.039166188668833 6.624419406735843
77.2974752998706 68.37711343936031 4.052512013398762
51.556715070879484 90.95547377943278 0.9100354433943162
6.634483639065261 47.02705984593637 3.9159052344722083
9.617393235394578 56.575510133747684 3.0788552356609253
61.6309013278403 37.095198984818325 2.6179932083483424
35.42972033728317 41.8982573244267 1.1167130222897583
20.0 0.0
69.0 100.0