50
57.42378973542135 87.32590668693948 6.626634471031276
92.94907912475924 89.25070826962424 0.324515682572327
70.36721771244763 70.39452424788868 5.810944730723915
62.03262039535137 55.24835585031134 5.122447783176996
31.66795276718706 23.407067951397572 0.1627552982649384
47.344957143471596 39.80517249251791 4.968744586307073
64.80946333457115 81.46382723102053 3.872363622782601
46.92599070296573 2.8073856591019974 6.597782287398406
31.17837155560444 23.819531822995835 1.6677899208621023
96.19711250167275 96.39538891806828 3.9529489972949627
48.528069625033886 21.443847074848147 6.0547850191129555
91.89642799023446 40.314290995684566 4.1962560959078
77.56565611061762 8.341734795818372 1.3877895389748953
72.40656326726776 33.15584820606095 0.6846650790109281
93.3712090021332 11.229206195053427 3.4121394276739663
43.856087082328784 40.606138296387066 0.8744490972336141
88.93173673455341 74.09948829366004 4.9165368026189284
12.75117010012936 63.550814473638816 5.8838776669466615
71.12245159257509 95.60762679482569 4.106440158577865
63.77508366373049 82.13450500145115 3.4162392304577756
2.244222626682211 76.4919046459449 6.763025155210774
48.27608249588151 63.29306920334814 3.219061493884244
33.382639108039115 97.91488962520326 0.18762540678734219
46.5061994475977 86.82415400113837 1.6728462712451009
16.184736598198892 89.2678898118845 2.8255022719333844
49.52709760089734 55.158437376998876 4.827167660287343
19.80167603421876 8.574351435159127 0.3937354154552324
97.97496116233106 22.813560074307517 2.9067873352946574
72.46738350349433 2.307047788054165 3.3853978929978443
44.39308496121277 71.29787094610575 2.85301541877493
26.182673758440068 61.08305322910278 1.17033466395092
40.22908581491924 56.69322568614216 4.784240866551326
51.25768489648308 8.276429571995456 0.6155490081276929
77.47707704329109 49.23903326184404 4.733488264146032
53.04501934014462 68.22844134770646 3.2919441937121334
42.8264256330812 86.14103728371386 5.890885860145268
14.346928186673395 46.43462985344535 0.3701336283244223
66.31669125762843 35.7411485870385 4.433535798504589
21.750507499286098 87.92507365913451 6.603096608718316
43.967156062437404 27.605305650446926 6.011583004711847
72.60994474595043 48.33670370511826 6.9825756387352875
65.12733592933394 47.46273749383638 4.285535184507108
96.17099197063332 5.5503712947170705 5.1592171659594195
57.137189616446626 18.168300550922492 6.362143228794115
14.156979937966383 58.22227834409331 0.814455965075693
30.890887613489472 8.917258673868279 5.577985996019876
30.83852454737745 23.42410626079573 1.3177571559788928
82.08446002907881 90.77684956592624 2.6803668812729766
87.59680668960985 31.125739777927503 0.5733571921303112
35.79356140543667 51.025254155729385 0.936335677877844
20.0 0.0
69.0 100.0