200
19.53713740118557 84.29469087987538 1.2813232468611915
69.29132318869844 99.18634083063469 2.34388013556668
82.1113536126865 69.3364588591175 1.0809250638224601
68.16807682335933 48.37981572385355 4.417347697584727
56.76712209229156 69.30984947391303 6.715967175112182
72.24782764740095 25.13619081899624 2.2495301089995734
47.26368422398799 52.79949196217425 3.2850590183253656
95.47218590048604 56.354614001446905 5.901588682721208
36.11995981508707 26.846010479223203 5.6782696588313915
86.13830707947245 35.15862278642844 2.390229495676987
58.384663753234626 88.03341221729731 4.110270208688988
86.74644266313254 28.665796498693982 0.6192028988921081
88.20168103064398 93.61354189282805 3.4907988816193902
37.996064479605906 62.357267950399844 1.9115819864123367
51.91831318370797 73.46003723984279 2.0136934964569444
8.0872473738036 17.30319134764955 0.1277694866718686
92.88413078749565 28.33023596260491 3.449092080847567
28.749290271052775 99.5098322776769 3.3377285848034903
16.45222665528075 32.95691721443667 6.120052039183549
0.9292627593174482 56.424377282845825 3.5503801128711387
78.63530673337658 10.297288540570499 5.187308320596384
62.42033420558305 72.61005337038038 5.9843372163331034
33.27959545410488 4.33068250138063 0.3325886934625336
18.04533694318472 43.51637671629992 5.339714610311009
76.04268485090735 3.0067959875374863 2.8701210848630145
19.075575588719214 91.44839683240392 5.631352727482418
60.49562914666731 75.18694309671734 4.12670960648973
15.578943164773326 83.37641430388263 3.9683389041260533
76.479213638902 52.501321582808636 6.815528152199599
23.67392353023418 67.23165985264582 5.076018401051728
56.99682615120507 37.25599313509224 6.8597717761584285
43.874541014945635 97.18953767529634 4.92616038555322
36.18468959212546 8.647599831281662 2.11859204691329
4.879174946027327 73.89836195703711 2.7116324419320987
88.25612763625134 87.94172226790555 0.18743853915658493
10.234534095138008 50.65851194057175 2.6208994122177227
40.45597671422154 84.67729323208327 2.752439205951828
39.69835026300375 15.481661164318615 1.769556437645773
11.609540908133573 71.92457017042484 6.053220332968819
23.732768957322836 97.60960497708955 4.651356243739542
67.15116340222902 45.050584200136306 3.5179913085708217
99.14585492361527 72.26957804263205 5.693219626832354
57.35506916717761 9.463589241882268 4.300128931111435
12.085236749209479 59.64827433908571 3.836052409904961
21.074052116036604 65.25410022895576 0.7863550501749225
59.62613079948526 84.79420563290374 4.983456095475256
10.96808442885909 65.70633407495563 0.09433653807737719
50.62837061097977 42.30357814640528 2.164512907080322
35.79076246928568 79.72217198300403 3.8066575757365015
50.19275194637865 16.79361589809327 6.042795114944805
32.55460527129641 39.88013516106278 6.41851567041152
21.321775915807827 35.10221052413424 0.031161944148682008
34.079738343288476 57.91678807559488 4.157111277749717
9.550190356078627 14.194261917007207 3.158738954089295
0.5618947946176497 93.95921940043428 0.02092629606819374
96.59120588814132 81.21588671804432 4.201790838297271
78.0857461757191 8.292028085926715 1.8085754877639229
5.589361844385767 35.085352812487976 0.9871824167919571
50.15160108651001 31.987120226183073 5.544729952541078
60.803046900614625 80.68347210477643 1.6422013441459473
14.658825778167843 10.556549357776126 6.998828335115122
15.316318747235774 70.34311529766113 4.239645669558607
6.312174598150952 38.09400718444204 5.52548552911166
86.33557858101591 56.816492415985884 0.75344217880117
65.64751893039951 16.314317340805523 1.3237746779781019
62.374966875284414 97.52083631718304 2.832728960916382
63.1829924262379 31.748218375881798 2.463979682886175
43.03501532086181 43.738828905810166 4.556671521699524
64.68459563131265 19.868775217630205 4.921118378869587
0.562457208159907 23.374521830800838 2.444099962801632
82.51159691937306 19.487779571794853 6.952759479283671
96.3441418537744 65.21447050350483 0.7548529437565162
92.37108562658702 18.10674042256086 1.5254740258691668
28.076070468658724 56.73394604804111 5.233460538573131
11.137445757657872 85.3115510992657 4.569875771449824
4.424669086816544 19.997764733578624 4.373107833520706
76.61449393293586 45.9013144852877 2.3249580470726747
95.95223427100234 53.66046718194382 2.754506400708206
84.7509200873317 23.79448925154207 3.9299553267234275
82.09582874189341 63.05590881869557 5.30261426094643
79.10904693868352 89.18194363348988 2.65208787196713
61.704168067290766 68.02753881495919 4.70821072026021
55.416027208765016 82.50410115097567 2.393960020131411
27.64389177765486 51.711301817685325 3.705589768021451
60.724719871400474 16.586540502073664 4.4410503889785105
8.43005187879664 61.90426559013525 0.9002751900561649
56.860862168618894 77.31539398311894 2.743652094821054
45.361055793318556 38.22031573687052 5.995384815384575
35.5782997470602 9.635468722252142 5.314437015002973
85.24719054779239 44.76917544371225 2.3758716149207375
73.863688705842 65.08247830676984 4.899279769894025
34.71644720505844 79.62413934525786 0.3034258690380439
16.240132351833985 46.42852045154576 6.001351401536165
80.36115551688626 6.498773431449324 1.3505370537470973
77.11731273629746 19.862613917512515 5.039366455015999
13.09389332228319 9.096328806706046 4.754189143050175
70.34639693220451 5.5702294338445855 3.301983887154625
67.15721380522116 87.89719275617571 6.953108440386346
43.30373035451311 74.49214366173787 0.32539313235789324
20.125835093315356 15.080917521333907 6.964193587562371
82.56629198398129 60.06052811380227 2.9085375277972485
57.61250491639783 41.90878157079239 3.4888313584783663
59.208935512230504 48.97582821552514 2.66289630169723
90.46359150442093 26.515368114057953 3.387929524866059
90.65956015842104 60.259571565563135 0.3666386155802671
85.98253667157357 39.499797174609135 1.5403247023200146
84.14900045433534 61.517080223481415 0.3809781616190011
79.8325983392246 26.50589578912329 2.0825718139674194
45.2611206120521 85.33833552699069 3.2535422718489615
93.97889504700413 34.93918869045468 1.7011217278753215
25.74844281697521 36.4351338702724 2.4869788223588505
37.98679618621771 22.2509797793456 5.237271774004979
11.070627925931863 61.279293900865525 5.088657985242071
25.59398645602955 85.04802145006846 6.609361302266863
91.8364452476415 78.98803169410807 3.870257879655018
79.58673216090929 48.46505994744623 3.1979116741217695
21.595573825681264 40.99116476003212 1.547891778663653
26.863659355506222 44.13434805831354 6.57431264861541
39.42229861861547 51.7523489448479 5.872463333853502
86.54698424174879 20.351966255577512 5.4536980500636885
15.302760583670457 5.273577316155089 1.5863872236798202
44.41331992142861 38.262799407499664 5.900356949369936
81.03572280713973 63.65981342050285 6.410742515191192
35.32416667299782 56.5206496082959 6.080249145722721
82.54588645660711 47.614876218212814 0.08542078552134647
5.784420668410665 32.21901809864088 2.7745120079924583
65.21833384845179 68.71854906558876 1.0001135231668015
21.319093141249656 61.46900224793747 3.8504029278838985
9.543512658331876 30.36058993100218 5.520069787697076
14.665844481357839 55.77707797835821 6.6353935734239595
38.31794678568881 19.466832383087105 6.752329176141764
7.745863504958791 74.12032416407469 4.7274703912788825
44.83436476922115 59.96091508041763 3.9270513571871217
93.09173725298179 54.4376370350507 2.4526038726660544
42.54673444465927 62.13738443693367 1.6773173559872276
95.25501505142655 22.75728603620617 4.79784141765576
34.40392249686388 42.43060669985345 6.559678175180282
57.94989313838642 89.71579978478773 3.5629950655146017
4.237226875472734 40.62083605899214 1.3415884331945023
26.39388836081528 82.82666167497132 4.135598841951978
69.19136354878007 5.049733288844738 0.11266947518261372
70.26212524714634 78.8761807633059 2.209266616889499
49.47708846039695 22.581732376984483 1.3733977058158993
67.8295707317062 69.89187787902638 3.3291206238023165
13.098557514979982 12.742801443681206 4.2376942354955505
46.34254366971371 73.05975344550214 4.860243676163076
2.575525332011756 46.42604288725136 1.1901058887845548
83.66089145984685 98.28741182565462 3.8496811972617233
2.34799977575792 76.61884889288353 0.3457348240654473
0.25682053724725507 60.3596515328274 4.742391871664999
27.752655974197403 93.37549802451096 5.167880013339405
23.19677433317702 67.21772880713372 1.4690594681521547
83.00499342268797 32.28644045198722 5.889994800633309
60.84398099065888 69.18370321839558 3.838222620619857
25.830449458311758 32.254189478920516 5.802036723463568
10.197747925418708 92.47290088992648 3.104506288362176
99.38731907511097 53.80340091572586 4.569111832598475
75.7237766708552 72.3082852198902 0.2969297387401748
43.71275148755019 32.02288379590403 6.0079880203108695
70.76264477221922 8.073004322160552 4.805623835096956
59.64499353163586 22.338026528469523 4.201474458044328
57.202158970712 81.2648732970563 0.721690153360073
66.88595209224611 39.84566295037048 6.89356923185997
30.118680536865476 21.86421254342629 0.8224001211197594
16.981045289123752 81.74100230150528 4.5547107743084405
21.262777902147764 90.00685299894053 6.940506293513331
80.75510525239397 4.984205972154404 0.16480218184296913
32.44351563389005 39.87215956017345 1.4835771161614413
51.294694853687226 34.51801300226656 3.7177643787223946
94.05492622314488 10.34477614046689 6.505334557235489
46.19751386942743 74.98276944245488 2.8957832679414794
66.24400809562434 74.46424591111067 1.8495963494928773
66.71970688006608 76.99288968231407 5.864879713950863
69.57217923145122 58.09397277161541 1.497729575477348
25.502296675482498 46.03034456071763 3.0519296978639194
8.54773979103032 68.6143234622786 5.117569198644479
65.8773951107774 80.42902729089347 3.5603822739810314
83.8785378983157 22.695538607434603 5.026655215150889
40.7462318973253 82.61732248377098 5.772428125282793
37.36773180598853 98.72347758354582 0.5831910822881825
21.20584900201905 1.2798131318565749 0.3100895901809587
33.050668497225104 44.712134858738764 1.6919209278731064
36.39982923966094 78.39717060314696 4.626199220145557
15.293881142003432 13.092901638696468 4.595519533849901
47.520075623787065 74.64211401955453 0.4898750630441375
82.43948326627293 17.79129345093734 1.939460375614452
39.47034157528416 61.727118092964545 1.505433709067847
3.190493943681077 34.72323226731712 4.567447517220715
45.82320298151027 30.04380511342246 6.325306003599025
92.33857764343281 77.67418522861071 2.665077986109633
62.06814317295197 53.606802343550356 5.42680697716544
75.45993070530646 22.223908920912606 0.37303264586146134
6.163582210146245 7.388328087022229 5.399993048651082
19.310817114488223 13.615867841365889 2.2221674178647404
32.868050049870156 93.52449578365133 3.70350751190808
75.11801203439093 63.24149197507201 2.7212239105838574
28.11910000987747 30.765912653084772 1.5165433912754007
52.35065413850809 12.198298580948212 3.5751971650996306
56.35683850583804 8.124300355530693 1.9275056711179697
96.54577978956173 99.58339382881402 2.6457177637643845
20.0 0.0
69.0 100.0