200
2.368820308340768 55.61221154628327 3.255714895587821
88.39850026986375 34.5932620411156 2.7306071904278646
0.995392058406909 61.83945623552261 6.582036305873221
17.097362572631884 7.2561629732827795 2.7194443659646534
97.60913908294485 0.12207449521577052 5.017459001752563
30.137304131914828 93.24991003559246 0.983301059040185
26.70887434061072 49.16596386685307 3.681731905279989
12.093299516568662 12.08225879464148 0.5258721309425642
45.90843498221334 30.300179700926684 0.16172770025254024
84.94029955874049 7.6948055154249975 0.7230018115729067
85.99677880937622 26.030275911752298 3.5250053224739197
78.33020991545756 70.29090842458012 0.17320004375553688
67.19485601889156 93.91569580355771 5.819156856015706
33.38714964031992 68.36224014285938 4.543677180523628
3.3369878961862995 13.205005390858165 2.333609709675943
66.47676948062238 16.67079505479571 0.09544996492010738
85.8009379726075 37.08382734110241 1.1649818450569387
55.18283633903324 94.07743730035853 6.867400345888968
86.23670697902469 62.46035279119726 5.448913188340936
17.036433464826757 35.59862525594268 2.0107245569837002
85.56951738164018 64.56896553537953 2.690762200661913
55.810143426234674 73.8165679232181 6.412234984978854
37.00039080266867 43.84283784205095 0.2815591875964394
28.913360914120943 3.5256556808496526 0.5786971913306428
49.63790380376683 14.181574505863988 3.4838175995954495
27.432026864681923 47.68662155614488 5.381151957763673
75.10434436286928 91.92759143268968 4.557280419819919
80.83043963334643 89.6535046471036 3.736738133139064
93.6230415709039 32.73373631238562 0.6803566564760383
81.03208684918019 85.38757806270833 6.755750765803759
67.37066406713741 97.24890952155292 2.3017129295846606
75.92870704966717 50.15879506665683 3.074159814097858
11.474524654475847 83.38511797254408 1.738416892527355
21.533784876651332 29.03493027747811 1.5693619255898443
57.98801610920257 23.373463839069927 5.874797479289296
29.192423296919653 1.291054139533824 1.469653743929853
5.2347431967008005 48.65981287695485 4.2838854810373945
11.943542848777279 28.07211283410432 0.785467440635736
84.25527450603157 25.64134365095092 3.042238914788206
72.67640740881514 85.59417110907252 3.085814842916627
53.81586750743387 94.96555266346064 0.7289493096415431
99.27586174977155 68.10640030699957 0.4241812702103105
30.61005001188226 42.4277894623933 2.3709979784805126
29.10125666007563 25.694254182735147 3.0119037221930007
18.532162062563586 79.8238197512754 6.62486960064646
37.074678172019034 7.015574585993467 1.3197844975111015
18.947046200433313 62.66701750175372 4.862014098537497
28.67011267443318 98.62721785459111 5.2750019074439125
6.014249690077848 16.899169453956663 6.283154265278746
53.007029934433184 23.14397834494417 1.5171460088991853
58.59602071506325 84.20099492082747 1.5310302063519527
39.843225246231455 76.63478949955785 1.33191527064292
66.67101146088096 19.178480996227954 2.8397994388284
92.11355048776421 99.02394641146397 0.9385359752927014
99.29657128210319 59.47060371512485 1.8528621862852197
67.88232893044562 50.09038443249183 1.3191481616589957
65.58704095966996 67.62890220803737 0.9207041558756818
90.52429949671597 83.90113946751715 3.8922385842262615
86.52329629920128 66.93264817927309 6.4717027790975745
16.79754485504052 35.594629471679895 4.413697748514304
98.57182298332911 96.39306965946194 5.932668944446805
40.53503397383919 4.6297230627187 0.02100118414042318
2.0420147078124486 61.9700598777477 1.116675279346711
40.650035020274174 97.93800331181033 0.3591288081955224
53.5745511480338 97.05102998026881 1.8092325874588786
21.963427517162508 18.845990519588675 5.8753509381571565
0.34320488872997634 59.6490078362562 6.155080461025401
82.19197591006323 29.214521345631937 1.0833254221001098
36.29984175872371 44.882543283432014 3.605271852900101
77.32027269013757 22.977895784625936 2.87092583053152
24.84580610483343 30.47812375001225 4.963465332302591
8.472714883741482 2.8006647543170273 1.9985502587643702
71.19926483691735 93.04662266060743 0.4957008382408292
42.018801119764404 25.74464715608927 3.5800873740999686
17.501802946200755 9.93252330929113 2.237258615466597
23.17048496150147 39.61849917704088 2.9811692379997865
93.05695264174071 15.505888681349392 5.594296740710166
56.165495471995776 63.627236718044216 6.199213976820428
19.684001472141876 46.33769105184536 3.3223681737429143
4.090164759151444 76.27743872421962 0.7059388293867311
51.76053517121713 27.663351392557864 5.186814647563226
19.3158441524874 30.020398948100567 0.41035242055816346
5.296141182811294 75.2626668945549 5.606546036317311
65.01978533312256 12.547300379016873 4.314551703098116
63.067894537829744 25.553457777541464 1.8519212626234829
64.40422236584884 2.7224795763155454 2.458583837561075
53.71163605616504 35.673523364768805 3.3148495853978575
9.185442367465798 78.63369896739766 1.7647628767796286
62.902951191284586 5.995668283358584 2.923492436808861
6.1624191713470235 98.28615443524184 2.0369274045249046
98.99608756745563 6.150174445693481 0.7131372753657788
53.06272230454041 43.898620430420166 6.397569447438467
76.98774635994407 72.03858372797674 6.493520104408625
35.09833695413402 97.88459515414439 6.904363881583347
89.48617912823563 57.70355410545193 2.6278389837647538
19.672583417094454 39.75296911122717 4.616411696381216
37.131944295044505 10.909991847065845 6.846925509291985
72.21526538486786 91.47988385338654 1.1582465742389778
36.03618164815736 55.45571593805257 4.371457450349961
81.54385031122649 75.21842626593244 2.263147909189227
60.83364495060647 73.36052448543282 2.804265092507106
41.39119531682537 0.5892116652730944 6.79173746241616
45.47124015336589 72.30013047241424 1.044243123023495
28.799218580098866 93.1531234073478 1.5476996526183762
40.71680095188855 99.01641833218132 5.887559377937827
17.813334407791594 95.09625426761934 3.8448419871199784
77.13765791190826 64.85921327491084 3.8267139996566213
95.80618343502667 29.915086819266723 1.816963364549562
43.850921655040636 76.11378851318892 5.745810303734451
57.259886471909375 79.75733171369004 1.8121282335936966
78.06396537214805 99.6448501196329 0.23926902936121752
60.220981612782424 62.62043971871882 3.18715971766825
15.919100702475294 98.6996113810993 2.623364666595215
23.85195574408465 62.10237820652441 3.4124340177561745
51.55769027279061 15.427467728787555 5.518791269536724
54.18798214776514 34.47686931070673 1.0936874415610025
64.16232090228566 87.18315583721878 6.334918647736103
32.253955650217364 71.76784869047152 1.7200503897157833
91.99210218236696 73.88022084834769 3.733211414250409
41.7876075985932 6.539416186243345 0.19333535113102585
80.81369959957732 1.5889054949024695 0.7500550694174142
76.10008413623392 79.2515735045478 0.5704017642729878
57.78107366760782 52.61545433237177 4.1494754468953206
98.35457303204895 96.76338806265113 3.173079929611366
83.51869072414523 20.284214541345452 1.977800756895769
11.664346161362232 82.1179678197385 2.1066311682589105
21.810498526881258 54.627193064883876 2.7048367815734196
21.019877546149548 18.301926831600692 5.843475441568153
7.829730990577325 45.57129129711455 5.583448930918739
86.7974510867934 92.66625861627823 6.050376329379537
61.868973121661774 48.830586725885695 2.3630992447212473
73.22258043056476 88.51288224471197 6.216775799733712
36.97051158669997 92.78599132664813 4.337101233703434
86.82901141375908 73.50548770415217 3.437145741370952
60.39184295317265 64.10968368728588 4.21422268673189
64.15207361286092 88.26620571305664 1.962482242442591
40.53069745019224 9.330833989731506 1.2729599929576474
0.20926390302790276 72.74958411043585 1.0339566317184847
52.36003409428346 46.88945010779038 6.586046477541589
14.232582096873491 62.55973783251151 4.896182421057314
96.8118565984601 40.98526223807185 1.5828804354435193
41.95059370217283 56.186000485046364 0.787287321584908
72.7527404322587 71.40553166336508 2.259887853556533
33.166367493711526 8.604313226050184 5.769657137846739
80.0755784013924 62.43420858803804 5.945242042034181
69.56316470507171 76.70512823151508 5.469056206353384
0.08106268922404458 72.30294658342397 1.3371594495687655
18.481083595852425 83.8904581057062 3.1977240539423732
50.71185270562706 55.99138759780557 4.934605745750652
52.87676196733249 62.068420101500664 2.1865281495665085
12.283757979902578 79.02789496607862 6.002274096906468
74.45357128676909 56.026152073008504 6.7647351129319535
95.25698053821846 22.174418519029555 4.818300999775484
81.44648347243053 82.19495959157975 4.791146833841419
40.46764788584755 84.33849125033232 2.6189421798849555
27.133838922248636 18.58132592782111 1.213739989204857
87.54343890326666 36.026022891104056 3.238078448514895
36.7752457164914 29.153849276951885 6.106810129975431
70.46086305826738 22.63191931766283 6.424119271910408
82.5989391322633 24.79876463004421 4.724893417161235
14.997708905694038 59.73339721174227 3.4289274743989373
79.30138851022478 67.94859849867034 4.648672345078668
95.0195122354852 21.226843568080653 3.8285555993230567
63.60992798852226 96.85729064786182 3.0556638809002785
57.04519440732236 39.24381528777422 3.939387766136348
77.52329796779686 51.59564827143479 2.42093607097964
36.40571709838882 4.1385794103030085 4.667985412058555
36.312214858917045 50.69155750960947 3.2408657328994206
11.703738483828127 95.72907503881801 5.500091500776789
75.12135848019622 66.44888322751247 3.9711646121499347
13.321041340825476 25.70635352185745 2.9879510419932562
59.249633937170955 67.98915080423662 6.460681713438236
89.10923568600174 85.13820312998386 0.217396912307112
68.92526486543818 66.86266907240248 6.097416028893445
8.233575155489618 1.9709134720852046 2.292183996884838
7.697879127270665 2.4712630876219635 5.982988126171527
84.91941754685631 78.87362641699765 2.639980348473075
11.824470529335295 22.16547541313869 3.114100528829984
28.644356848498425 41.32884723370882 4.984090821174856
38.559046416373306 82.50489335395798 1.0038859573602918
16.1766586094359 82.21069389394555 3.2169306113070966
39.57213572704157 71.22297096966663 4.997155539207881
81.98008215054779 19.407442507012462 2.718566122511465
34.89455716806121 83.34486191416049 2.056948516665493
51.30983570024405 25.286995157535195 1.0106493939458865
32.05731895672487 36.18271427462836 4.8662974930627465
24.5204612055558 86.58907253921565 6.933055907870194
1.6604497246687573 70.23108921056983 3.0750145767927037
89.94172765910118 88.85250311084455 1.286747201163874
22.26339157062835 47.03193471791137 6.392255540603825
91.03204497684877 23.2733856719174 5.209122215093679
82.60180624718981 79.30435390092494 1.3842068833932595
0.10564091933616693 43.98342868132927 2.3317951350057866
3.3679497769539486 18.475757009880482 6.813652070620223
14.813397160413961 44.983569544683874 6.7359421959162935
66.26993739342892 42.0015334974684 3.9321826900515617
65.31699160037324 23.31419590858431 4.869542463346605
6.424166648962428 48.106543880862404 1.238326571005888
42.40229883866876 74.3123538309283 0.8030623976909093
84.15800956826115 95.66418018488335 1.0234982503017271
20.0 0.0
69.0 100.0