200
16.958457157187496 11.706608499608757 4.056670323325192
11.569798498018644 77.194143218447 5.406639906745412
22.545687367825025 38.98956731369933 3.948235699877797
68.78488340053158 64.27530860981796 6.344773305461604
57.75207210408499 71.68726920644403 1.2644054662584696
46.58237625786135 18.863031036101994 6.977723923599805
45.42893236107868 43.4215047365051 5.332266786110886
23.21885883811802 20.6122312907331 1.7273536117590242
9.851298829913745 29.845394347745852 3.11894808028455
33.43022227521809 0.6966414328491728 6.1240489956457544
98.01191738806719 72.7846673140853 2.501406421002243
94.37755522750605 20.25844985346172 3.3277733487928396
96.92609291306825 94.04131804119342 6.479801276656628
17.986125952607242 88.13716194536819 0.4012358296901467
87.64822996535156 70.42261476587174 5.750425564340728
82.15945457929496 79.65733525421795 0.10299261483111377
66.08508131159395 55.91730473289177 6.5650776179686225
66.31633176597092 27.091087465496603 4.924225933224632
55.2611391445206 43.79319011296078 0.6545734301556374
75.98784488042863 21.861602968784126 1.842342876395181
76.50955871442928 1.7901372759192467 3.789191787903587
96.45513676961214 0.15523190643803342 3.3212528536068153
41.99576846163505 43.41154998345583 0.8216152238664215
68.08646479570547 67.34909768473995 4.541429798194616
26.07717947231766 3.8200466921023084 4.796005581730192
30.347544622183054 93.42382405755214 1.8567853487404191
56.47143518837852 62.75531930365947 2.5809185840846327
95.0682802498912 57.62423965686374 0.8105833389604193
17.88350948499414 75.4150138716672 2.737013355562783
43.36639233041908 1.6824004190799156 6.041126701183232
77.92434130919867 28.769896205428996 5.067061453008654
21.338499427699663 11.981434656794905 4.039113656598758
96.97703099602221 5.218607031935905 3.9374679535382358
53.18799415799286 25.52384123393913 6.690019259637904
63.74368080772603 15.06884561439162 6.423092703907217
71.7786043724988 97.6284544101254 3.128492805305039
11.004071630155822 86.42554935271068 2.4975100335906877
65.76469666652724 85.60056532684962 0.6312181651729794
18.598856881790113 45.89057119610741 1.8689819181100245
52.2034797388425 91.04527339505186 4.907024763798195
79.97559023729245 90.73717723166517 1.9624498178484038
62.50853640924558 95.75011083693059 4.163480836973978
53.26332908107172 93.73964733367069 5.033828107007833
60.42744360744457 26.827920386632744 2.034065617138303
12.132053308328064 37.6895169039875 5.166553146884969
18.83278784704833 85.69771881401347 3.3093043559446937
62.17120117975968 8.941549538188806 6.569069542617461
47.711541440695726 34.00651603796225 1.3725137807344259
92.21315986444725 96.80616189073983 5.486326064539332
98.76356216096683 20.00085836745415 3.7341986026475533
44.83371399492042 45.995898695534486 3.6803775552536266
67.43389737497739 73.67889049669047 5.6738336478480145
42.106428789505244 97.50839365054699 1.6388154787549316
50.198366898654335 49.611772665291184 2.5660961917393723
84.21014215493692 6.189204441218754 4.8273869168010375
91.08288432926925 11.841202169906682 1.590656047235249
73.32628090106708 23.683588481974205 0.5124233380502109
5.459890827897805 3.1030885070574303 0.8880846967679753
28.515155231294408 62.8775596470159 4.6352950757405145
9.94067128348126 24.178131996278395 6.758992825276335
55.489989551550835 12.513061308038944 2.3348573596076783
12.369087706220554 62.139455074727074 5.311043752691071
37.37456326973808 24.767527752510844 3.686160720138604
12.939241238529325 35.778951603114756 1.1169106692106952
82.53861840901561 97.60090022612367 4.355939242847524
21.080373918958664 32.04931393067532 4.19064013469696
55.66371829763929 46.394928238429756 0.6590826014935639
23.234790415954727 85.83162916537384 3.0313603327668464
29.98282216608714 56.65045796085898 2.5710014075723606
87.21253088612457 18.42263813975792 2.931769762812913
84.30600840877558 59.45234032432128 3.5690969596345044
79.67767852328026 79.20283679924744 5.862599219556899
60.72128882569004 70.19502740869014 6.33059949235216
9.341438151029397 2.053319647057106 2.63484878744153
35.12930391363448 60.163511974295965 2.1194838206959266
3.937592913553567 44.90308364054399 1.619759357652614
90.72290679018525 52.00950212473369 5.799443891291219
95.05541068207387 67.48246392666962 0.5598872706246094
32.010466907990875 94.20370726937323 1.389221805405394
77.97672947692705 4.0571568750890785 0.5556954146905962
16.024831793779892 44.38179751702248 5.545130098187085
19.511649522778306 46.057928043816624 3.509191015525801
77.74481149370484 72.76720239724618 2.88771453402244
25.51261858495838 97.52268708591427 2.2590300227710207
27.473011564968303 89.99340018039645 1.2868701579169324
44.66474092117309 61.18589394863377 6.016619757115801
66.6995212860535 52.975123464003595 1.0368844439142908
74.25740071145071 67.42415391809992 5.761643974448147
6.518038286142115 92.60015762367402 4.325565592229411
33.09748084360776 95.1451122778031 3.954996988390636
78.51644081611775 96.47771270385398 6.20367663426405
66.00817102929015 56.87433630355845 0.7667162757613452
38.22919237492909 74.3854862973015 4.04691251412199
78.09341228697245 31.999815365448274 0.8735578002773665
61.16742656027322 50.554636661176524 4.774442005503355
27.055381067502342 63.14653333589696 1.5824027712735378
3.758103312150113 54.91234719093745 1.354610855974351
59.312817692130274 93.27243902466101 3.609898639355072
27.10976740884804 46.36546519919014 6.410210779065924
33.10074577490663 95.72340669291586 2.1265806768544557
42.47858925033498 60.17703399025475 4.995108756944049
71.12360983835923 27.814594721379788 5.807048856328487
52.293385332590276 17.000927100346054 0.4752791867273185
39.67582129370601 68.49472012432403 5.2466301713113515
93.36208079986034 1.7820731647799755 6.600718631770556
94.39033824487748 36.88970393200244 1.2429283127512114
90.3170466663803 54.27559227670877 1.8207002706144575
80.43618140038511 97.9973942616743 0.01345002812979701
55.182844088753214 55.628016861322344 2.354590549142815
15.823726515437148 92.70197782091618 0.9491321163222067
72.17722724464736 1.566463666863057 6.212197677800772
62.198342041073055 35.90610327491815 2.9299143670394985
56.45137450950384 56.470903637289815 0.49724047192105136
99.9657549670002 56.275756241397616 0.07685155932295462
76.18827239933874 44.6124402144288 0.004846881897301647
38.97730404211808 58.988182758842115 5.610496622548704
84.5683467525762 66.91558551191864 6.306550055097736
87.54790434250991 85.71149238688425 2.2435935774225446
53.74189797924579 6.860209010030475 5.423844068633041
5.877466766800224 71.7580906817521 4.30116984631704
32.29900793411127 62.89250989079173 1.6259542096417579
50.47000694803845 88.87789155469001 1.5646097531436431
86.41183596487811 48.37694292396076 6.454196917412326
76.5600004297988 3.0073871297730523 6.117911456789048
78.96564977049985 30.890066381742752 3.7516048853579695
21.552062414018742 56.70501755720065 4.902630798474206
59.367607258297284 47.39394658088225 1.767726667510133
75.2424649167511 63.97761762469033 4.47980114125538
0.623673284343269 22.445051231147445 5.359465921023524
34.69984381177101 57.53482481205325 0.7392885313149961
70.34020185329665 80.43345795835982 4.922003724898471
11.134068093455713 92.9951700053074 3.431027286422905
39.25777475932578 67.90457758922068 6.826500717098773
1.2762463578332297 25.78094273933494 0.9277811272410686
90.26018118860961 86.57915505338784 5.804505796819164
37.74063052420268 34.03682177052775 2.3079615828084608
6.7450674892320475 7.803910928989759 1.5234303987789874
39.50384320080254 65.21913838826472 4.890815564275285
57.771836656803 85.54613506168852 1.7212705877573025
67.22085585898078 77.65812339417862 5.076300890395105
78.97076561766646 25.41189589275465 0.5051614359119465
43.25036162635619 26.047345337074844 3.3081808213196733
3.8001093479951047 65.69545649958933 3.8506234148906233
34.58930918844822 93.53791819500746 0.09321109401877281
81.24178128511262 33.90015530748496 3.1522287242658593
87.8187558008692 98.84623262105977 4.237631944243455
60.22269811208138 29.319612858820438 5.910325887264781
27.956621405147608 68.19325286628509 6.635165503087894
79.66972780338837 88.03099757397631 0.20391759610910343
98.51882836304281 99.3678751938159 6.939886866750353
23.068972407159972 71.33701657806337 4.684972267818491
71.60452700425141 65.14987808464987 1.259103218939047
53.83601485355217 69.33450255695656 1.8306873309758456
31.12017332612855 39.764189312849204 3.457868841536463
64.94891149031473 74.80481660247433 4.597040152601106
38.70869723736525 11.54279678607929 3.5586160813965755
49.10972461494209 56.07573577895503 4.807813380586016
17.449423245201757 45.22454174042987 2.5219072058561687
41.1063814899926 71.35987645045395 6.300186209741084
16.157862814010638 99.12533552604802 0.6547087825663775
47.96865177450307 84.28225170041537 3.9396181079158206
88.71186610317011 91.76259152793253 5.422101669137375
16.416830784751113 33.18785641431559 3.550802293966432
50.65096997491215 28.418558788798205 1.4794914392569605
58.53328452542744 53.10940522693941 6.938213246132814
22.792549321808686 92.0183564675965 3.6777491297861444
85.21325558819721 75.40104780339604 0.5502673579559915
0.0782448128783545 33.998216313852105 6.618809604304188
87.92373027155243 96.53153618869713 6.354404176230511
82.16973898572397 34.81822553533457 0.22854179489264026
20.257502617086814 92.66850143152169 0.9256304909447849
4.865842181981739 14.034626659369332 2.8647688543006833
35.60490677720775 3.9414846823019807 3.591499487977283
81.8894022026119 51.96179247072432 1.3257099206359628
13.786208761761115 53.61930371630299 0.3636475126221279
0.26164140058305263 68.34090376379396 4.270472644571753
99.41310921130331 73.66543066089413 3.7835519555991457
86.67920566493062 9.331723707988154 0.6815658399673705
25.989620849537662 4.354432666430731 4.168300543723044
58.50176017467698 46.59379614745897 3.116788560571269
7.727835067878344 54.61663669379723 3.4944721659042264
61.99097709141923 32.20627999969005 0.876797325279241
68.74301414236632 77.41794977527051 1.1644148376877963
36.97915564302948 58.64432652588922 5.904941197181963
95.24013347089667 45.5478535395861 5.978074440481485
1.9588827715232606 99.3015902990578 4.675771076397196
81.94838053295308 71.74845331395376 3.112132791806997
51.258554769672635 85.08571386837171 4.030176812651884
78.89950154343119 55.361082672119714 4.6441335611305
55.744587477931645 42.993464495275575 2.1760822837352802
23.58055732979238 97.55146171524984 0.2743191451398991
17.38282081495241 51.47517357729629 6.8122565454067345
77.02536175887579 68.20387201320273 0.4927669256793358
47.9488571520162 83.7306842177659 1.5502847252265803
37.91720979099899 10.188062038814156 2.8400861008570044
59.99725677257479 34.87369819567593 3.840337804402294
83.82942687715308 81.1477610262875 6.5278589838088035
56.030543911519274 36.420712060716966 3.2214496729029745
50.49438636500664 32.1907266802621 2.3543023646610783
65.49843493745952 34.0615120981195 4.305750027879698
20.0 0.0
69.0 100.0