200
8.102640517189872 32.34250097702187 5.640197843255282
2.9531824545734544 0.6937105295111387 5.329346062073216
8.971699066124556 53.82810260202173 6.050636797591753
3.6871335580998665 59.892222998160584 4.032166724006232
36.11088206306355 88.72833704517585 3.6840267289867454
14.065906842478368 63.03946514741158 4.396007693620939
67.80895523352535 12.712364892871884 5.284435312311347
43.52902106071539 64.83405371638132 6.6251803159762686
9.380527696310967 34.59660516873732 2.4621047983418753
30.475000171311077 0.6854892178862406 2.934065476418028
55.92596064802723 68.53383095582352 1.384934565571632
57.6011796894407 8.360005267327102 1.8953608533757555
50.72189666096094 69.13868532175655 6.709015955255575
31.771944502016872 10.755261834630621 3.55744480480574
48.46257201970218 55.59012118886094 5.707692789225991
85.05944322578635 88.24733285689668 5.524859438715436
20.480979928567237 69.06932108375537 0.6022065120401313
52.00119959024025 49.469438769374804 3.818616128813167
88.18175098466608 78.86797909359962 1.8362772857732121
16.75060305840882 3.0570757159192805 3.963633644084352
72.80195423378885 55.53927369575121 0.6338847504068165
8.684803810371365 82.76747979686981 0.28866335636950236
61.20386039490533 78.70514599092283 4.721284691861727
14.104846816020107 47.054920823398376 4.929236630391099
39.98949396269428 73.42832011061385 1.9514794350200781
79.0940215812322 92.04185019844981 5.35434678524365
1.2680352937945547 2.621536318923485 4.486677335178228
90.33775105851448 98.0254624684152 3.5896108463639265
89.22757429063007 24.720529126939592 4.993340397147945
94.21436192018422 31.83326727566848 3.0888455985158205
60.1345557416586 98.45621988895175 4.733393148935631
35.57317836715904 4.2780599175298235 2.181172980615643
56.811974963432434 88.47364427036419 0.6068115846499175
32.376342950471994 49.163896807635055 1.503323254489831
56.48217133454144 58.86382057208267 0.21657849064228685
39.08652215755902 65.23182510573268 4.643138684126796
36.52995561481347 0.47657441696274927 6.791041432536347
63.76948371297231 48.47532526913056 1.5285316484767932
21.788945748990017 23.62474655789846 3.682036816762774
66.19490951789021 92.6416221771681 2.6291767504349357
95.82668072781948 58.73582648428583 3.0782060413914767
52.17448492793082 48.640517531350014 3.136113645949081
16.95756148945572 7.620873406643647 6.217436712496413
81.79834804430527 99.20137335285598 1.1111682245517407
34.028652345874264 87.58871542772901 2.691123506762712
23.219863325532025 66.87541932015299 1.2179617982096893
1.364944654054635 13.81272524080036 2.142954791623653
85.5676423772209 83.8661017202581 4.167277411826779
91.6350132409145 40.35699011240041 2.5950686080598073
74.35399650768166 43.36860385764949 3.7819517002697856
65.10594707755212 75.04478868859327 3.563445135933127
55.84859516800225 79.46629300848633 2.476033558935424
75.66408830318971 28.830875316775828 2.515123033675858
37.90931539572592 76.24924617281582 3.979723822393739
55.251699904770646 29.999418482928288 1.6996527967980772
66.52805129247727 36.75923747925813 4.376123608220112
44.27153975650917 76.51533366264819 1.8014046916118893
79.08806741276953 73.93821184894594 2.696196024821458
80.26079177808045 6.442047128907764 4.869777281167189
52.10937773296838 64.94955968471136 0.03267675633224132
56.49524865334716 84.93560480281222 2.5924250685916075
80.21261200096134 49.67827128469761 2.343533068429137
22.336916364722047 34.95441655197271 2.0058178751347953
86.74975091106894 28.40832178717107 2.537674313477027
85.57835193593634 72.54891559172795 1.2166649911725047
11.029670548720773 20.962122959000357 4.00988637633123
88.60698922372185 44.369749462556456 5.253199369440328
78.89903279711403 41.0856841928426 1.505567645275863
46.06423958808632 11.057930357961727 3.8649008209299334
99.43753172035586 41.90638082590344 2.8139819627093923
20.85149689257987 89.91374510416145 1.0494093674440235
35.78306361560302 88.22054021997182 1.5741732164337452
7.824848348925818 28.486410897580733 2.707143714946545
94.49622896594444 55.23192847518732 2.762330892446177
6.022170141541025 78.75571174114145 5.0306291266419345
38.32901497444098 21.941848052960594 2.932512485807645
65.59600824304536 75.02918530070131 6.28018880357496
87.58960710996271 36.17266720949542 2.351352758993361
85.56476212474273 71.00085857512295 5.73808580304409
52.22629197298817 41.286226325323085 5.64666601670641
36.06125197031557 18.900519584817687 2.862246728000544
62.81954804808066 41.25291467785052 4.810040814666422
13.276172111921495 66.65170575462193 3.842195135887833
43.845727350704855 80.84605139905834 5.795239891526465
73.29936675383911 58.6041012751894 2.923113446876837
98.13912770412368 48.7463947488382 1.1510951800235731
27.980426437686184 96.35580613280028 0.06722853269055162
13.347984667913723 70.54870463715045 3.7391410904046736
49.63265128308863 97.86396480307614 0.6006114149126277
58.96394837576763 0.6953761775318117 6.953962214070764
82.13777501216839 37.78869861777544 6.16757708369165
52.8478114178635 27.053309601674155 3.7955987194150884
84.86456554896341 2.971820412862038 5.531023172087754
95.45827559728303 38.45616771670144 1.1093288987099
92.80167141034278 99.8235531805422 4.804674613453486
61.26581735540873 2.5544340077170498 4.051444247434112
24.250079388828915 44.308526035876305 5.5429740978092354
26.871980822813597 14.816587895931667 3.131837111291964
49.32159414481408 9.568765560712974 4.517884159558086
37.99867841985134 95.7865989524309 2.501397234191506
53.61301317896665 60.02512158085178 6.516369943420559
50.03084119464878 89.1625504352749 2.3197380503039122
95.33307163343086 22.34638634651569 6.830373252258278
30.730092519047364 9.128452511830869 0.42743826382369765
38.016123230713944 18.264310958706886 5.681844715439342
19.759799780228136 91.95551635871863 2.1836587262581517
5.873061561659645 23.500420186687318 3.930055059918848
30.24957062508216 46.5761663459965 6.317358281582969
26.64634088347767 67.26203666468014 1.3786406086575638
95.87778695285793 61.81186506041508 1.561483054476807
38.667792180348926 93.90552511601472 4.0045312400056305
64.6584953568162 91.1726640678633 1.354448784684401
61.83478031535192 58.2894769102679 2.652462634420814
29.75321672807953 72.78145368746449 4.5155692788462725
28.535715926662704 75.3624270834282 1.7667399597327909
5.64020025640207 16.18898078967537 4.874360964586279
31.76486199680903 24.73016559955439 0.42778960733071336
56.88899723581842 85.42861931500276 5.008262838495506
15.470390972934988 55.963508830587465 1.7044148707630788
76.82362535455039 97.91829637142428 1.2858578506177478
91.69875788689113 97.88987110328138 2.46517155709993
77.83065076669827 48.08810833938351 6.961180540339982
60.87255971683142 40.56573153401333 2.231851167282129
74.65202057375811 3.5895202394785874 6.974084082256817
40.8795778776627 57.11638204917758 2.0626120533782926
69.90487260734878 81.15499357524745 0.31541843249413437
90.90872337521672 86.87162303651836 3.9678268139151203
16.505956277336754 17.37889839382309 3.160777206043723
76.4421356941958 24.873566340336396 3.896265571198669
30.020638887728673 23.566288734070383 4.26918105194751
30.422032009588733 99.27396198778229 5.450445789280145
90.25344216544745 60.30374954992409 6.676362030790988
82.12723360207376 52.9332539964599 2.4500347427766265
13.45099759696651 0.22804221475600395 2.824976363423268
92.81286039082717 14.62557415978601 5.510378809668372
21.49225996300586 98.44653489994735 0.023053407227152545
51.672289834314014 85.38702694523009 6.852522469486188
13.189263210168946 26.161167354800767 6.932226049039547
74.95918384889862 4.840030596440579 0.43133029143840784
34.79681476102569 55.27006117692711 4.973009609103043
15.914527778806146 31.75838653211647 1.3350921436916723
64.99493074787229 54.59874180868896 0.867788587126938
38.444595795231365 86.67781730295678 5.744031403060236
44.523161836815525 29.05137453326687 4.576427304186335
26.752202129796828 67.83764708143933 3.9240540762639546
51.54679855410174 87.32421441853552 3.51448951923608
61.00393262150593 10.019678043380624 5.73175332922187
7.603753157361119 65.7541126407069 3.754566755434022
56.6654333658045 51.644027044890386 2.876392960044125
60.4662364643878 83.74174461143919 0.03743316941504382
98.34803193874338 16.2463868879345 5.315974912480197
54.17337980886832 32.06365722282904 1.3534906810859972
56.89275577746085 36.02166214152845 2.020768448253725
7.203078311947823 75.70524150533315 1.2338901097197412
17.07081053371883 46.23237859197225 4.175780121485488
85.40839319687389 65.17891029947693 1.4453602307673108
74.12468687264288 78.13165569694091 2.8481724753928317
33.559198270107814 30.080672477206722 4.862297763960592
44.619897543911115 3.6977753822831896 1.6097762153744535
28.184329663932665 54.15706524330261 6.923153285293941
34.6343448138132 96.54694068285069 0.4496514472105504
43.707522539304016 78.59659801023388 2.309885840541805
48.78841160366986 72.8558423886508 2.541417649635279
58.81742206104247 14.777151818844295 2.7574741257648725
61.68085555248414 46.77991668859897 2.277564839279172
78.02222364070636 66.36101309523106 0.5102760032466117
25.587665170732485 12.125350432693917 4.104818181714358
99.46116403512725 52.67381203718737 2.214653545069317
14.248101010980543 69.06692337483972 2.0332406448648976
37.522466857444975 37.73941350156443 2.498865047680878
97.93178069476053 43.162421449814 1.7262869793373032
78.59123443113796 90.80975482330672 4.495666707929045
78.31399361447835 90.74412915307543 0.5945179761569264
92.72877060321623 84.24115676225513 4.0247642798435255
43.31420033067642 99.19499648976361 1.4754098041417738
49.29494439605622 2.6343012507353682 5.595716863920117
97.86926921786329 87.92498227527646 6.894077542617767
84.79737671527751 24.93088191170676 5.306544207033056
92.6072767746059 4.034046745885739 1.5276154112847176
74.8523243782207 46.71266235307419 1.232965950312733
70.44574989864512 37.73174884527807 6.661813650996278
20.821696631144675 82.3418387932032 6.111154822252382
43.55958748233959 77.68611165545501 1.8275468121807954
27.875528177402032 75.4179979794284 4.808285591948412
54.48873767572175 82.54773192422229 6.3355886324791975
57.636726192232985 31.23193407699472 1.590415475315484
74.3069822952672 51.026894002132856 3.8295476873813445
2.285030089539929 39.933430587340716 2.9706222381130702
72.17389123753294 24.600534634469227 1.6239436737832795
95.62625117590947 85.99522876575425 1.6697780782168703
26.823943124288295 13.918786506905551 0.5191542353799329
17.82188626270472 52.30719323649296 3.2373147600057743
16.27345744410266 84.32133181922475 6.836759880397093
76.28576663668613 40.46624747606296 0.6451704145466566
62.308519000509385 34.697795725863635 3.679252049305643
57.00500711770278 34.399767958167075 1.5962909715358478
98.10855707766686 19.964807178079564 2.3661328304371265
19.336502567331376 20.96713467010582 0.10425578668832758
72.86943981477654 37.426936410143966 4.588743281466198
29.273948551988322 26.031631342622536 0.2664487474115689
20.0 0.0
69.0 100.0