200
25.88206114469532 23.536561843449334 4.403423195796896
15.93524248239003 53.358402991598865 0.18631025039620752
33.83795280037277 22.44592077543328 6.279327517399653
36.30177284135413 66.28565408027069 2.19020675565445
31.870514693476775 16.569197209615492 1.044191135413143
55.07902412224916 25.18648588267444 4.423527502648147
38.89752149289886 57.658570205948166 6.994458139919304
74.22976047982668 97.38525110394798 1.2558290897505442
81.12810811310426 24.839775657535274 3.6163934020877955
43.68952386783362 33.00661084259712 4.897299648461193
82.40596912802849 29.36317793321793 0.3479265673774502
42.197262768729125 91.18544871381694 1.4358352716881668
58.34266122998145 63.35521144049266 3.859371474816607
77.40921211722247 53.82581291623129 3.516443053063188
19.641396254613817 52.3160953626828 6.652587885446972
79.76379354275964 20.3537405297082 6.229016539535232
95.39986408099809 33.87007289348016 2.7740204844720004
81.81284299955493 2.2598032486374064 5.610422032718877
49.281859145717725 15.449038499221778 4.1339459115530754
2.6976467151824135 56.32260192790796 0.18893365233909676
37.27662821617458 7.64803415057405 1.454765489881999
3.621261623286272 65.66186512423405 0.3163134780095085
32.97851753829827 93.13518355355596 4.578460002301428
55.168198820714885 0.21098428305654648 0.04065414312227911
91.79891066797673 94.47113905486644 6.34633443363348
89.38673426463296 90.25794029425882 2.784159932076253
79.839582647926 1.9556997494526471 6.239825359955083
77.39355571357655 11.317467693916338 6.963746814150615
91.06812688801743 5.572088276602847 6.941531848678346
58.171858422951715 55.659339938135126 0.8065672449757979
16.83098153110153 11.903948576324055 2.720116264657733
97.93537970897538 99.85873884740978 2.4315938095133722
19.997220951658637 81.62875401806765 0.7353699577752563
13.1602202445683 51.72576067660297 5.917188813863831
41.523744576891154 14.432142720245725 3.144355069874763
16.786349344052 15.423162158721889 6.7358239753071
34.770068484445744 2.890488940605553 4.025468570596091
60.91349115693477 39.64971205456952 6.543635102577799
51.08695398412286 4.123038446980599 3.3605714494248837
10.602800844657216 22.847512307478468 2.91406063898387
5.4400994748132865 86.10663074485852 3.8409765630649106
69.69787991860767 33.73238830797384 1.444333688266219
54.11541673812822 52.050397703237685 1.8854421487909718
3.9435267314239195 7.566569156569086 3.9042530485731297
68.68790919009314 59.54363429128623 0.2879017834357549
76.52969804012118 61.85188985152134 0.29753999516835883
41.172932646603954 93.8352888782534 0.2189709333469838
66.8739410815523 20.54449888019344 0.5502863827884833
69.66337703313397 61.74384523240234 2.016296709866057
96.18779178480554 20.397088031066854 1.9762918533195728
95.65812040004108 44.785212028430564 0.13932871559751703
33.36196281850526 64.4911423569561 0.5276308281049695
8.123750250848875 19.172035104137095 1.3959920484263133
23.777908815417938 94.09202688474433 6.158460519805129
32.29637880599228 23.359575546565253 6.907992336084103
51.24774687204613 22.46600799164198 6.3064076704690235
61.851722120455634 18.78205271923642 2.5873817802514547
25.644489898654015 16.882387131030033 5.5496562817770725
70.71795060149987 70.09387899969764 0.5408955235294683
38.32415732192934 4.151558124725875 6.14996199773308
20.78130837091818 57.22253459296175 6.720149911800763
92.65832076426946 16.941146337159967 4.092697424406808
52.890608903009785 84.35736218814837 2.58675520484787
40.969604216661345 13.962040419932956 5.602997724416978
14.887000591978195 92.68541114462596 2.256922054157422
54.57898464162498 54.997225095171316 0.19537561581105833
73.78170579865439 22.251776013265925 5.180507295171244
25.47115939025082 75.87453236987882 3.463343364502394
73.79406777474043 78.72242158812793 0.6848852434778439
57.229786434232786 84.04880794745975 2.7136982959218807
1.3768448401617936 56.184856054586824 5.5674479393673995
51.44595014661854 97.00804706506413 0.3798888430977235
98.16393620216168 50.04210951401267 2.513825611394796
43.326064606768604 74.12048940983367 5.306638392506048
30.883019111299053 0.2891992444852689 2.20992465559832
25.785557884863493 62.8206217430266 0.7662040087442777
55.195369435330626 82.82254192318852 4.18429746815823
83.67747986362276 64.91686564395091 1.8472726887931037
2.597579527558435 19.78934619863105 3.9590763782538336
63.12499522837135 74.58253830773504 1.9704821168237325
46.384893993567914 76.29362549959488 1.6283887465210312
68.11850931394332 97.94924018413214 1.9912705551680208
6.988870162921282 8.546370803381642 5.393129321950687
24.67890379816152 93.95858760219832 3.669036689397422
25.911889313282852 84.75836424351093 4.554547024821856
33.40214758516209 97.22943608449411 6.31485639586274
71.17092175584422 9.49521398912478 0.1631842158560507
10.237630785073605 47.98909513994812 5.3395302855432805
19.386429766423 19.226313123527184 3.927057580138367
46.67850730002876 62.776121960854276 6.829086721248431
51.27748991340214 82.21603399145343 6.247478249810317
66.41015769979552 50.09690892659424 4.773968645322571
99.03090218821407 69.95705801487341 6.9130306680828
73.34703875686156 35.63351714568681 6.234659798261557
80.56734290413854 1.8932695418377934 3.1740899639212556
79.71544587027206 4.517465905362071 5.778418015684473
51.797318618798705 24.379647865930583 3.811289770624444
10.55848771288068 26.60690642610601 3.221238045731738
20.193552575005175 23.87684072260683 0.1364235170285244
2.625232110202008 98.50628800637271 0.11018521130470593
40.1669230469066 45.62899349014195 2.1476166203806284
65.50614910940192 5.549266717084991 1.0477623802469713
10.918255105611122 52.69648146213378 6.180131405617505
77.05688050216733 77.03081524725602 3.9732535766499173
50.98109593002392 28.776433249276092 1.4117811655028183
58.70673754075467 29.441804712228215 6.816449590709842
70.07768303192869 33.93577462462202 3.2971049980003295
13.402424403663044 13.312501173824332 4.944133308585604
19.234763557892542 49.32367417880546 0.4691778325858261
50.56620133612487 11.179772094727513 4.414691532844622
66.4301086143312 88.85583194563968 1.9126030132759613
26.89789340665943 30.41482472663173 6.463624567810486
26.275714762908038 83.66249915949189 2.852332138487019
73.75759132947807 60.46313388461332 3.328143460599842
39.234689459063226 95.09414241338577 5.314442643835139
84.81451357884286 52.14070357183755 0.20159540893916883
59.8237360762488 84.60296468423473 5.226794798434492
33.924824361001995 92.38721051636473 6.097750618752896
90.79820424596113 66.4419426541488 0.5455174318882943
80.56012415156209 99.32922749772025 1.8936597272332252
61.00874339580197 76.25689934755933 4.836884145352573
6.351643174390134 51.697116508922974 3.4167939421351496
12.52856459992247 70.42920477071442 5.987926299071214
2.675519592306111 71.45030585469549 2.1381396029158046
28.661683389952604 90.18857790012773 5.627382258487479
56.898682457489386 96.50562175978042 1.9453377530996505
57.191173828828745 30.791281409081584 0.7120178248678838
50.89738054639155 23.363491891427557 3.122077364375407
8.138597843316989 54.85834155273981 1.6687666415257167
33.378346095326 18.949039053368313 0.2034636083503235
63.97218198973407 36.44230766294055 5.8781205925027065
95.82860157911024 68.61379798416696 6.075114678487329
23.357707281950486 48.67613727885054 3.100126274996723
81.78784472197158 5.470084235434754 2.1267232726261245
80.21009008940351 6.1901733589687 2.372212161637322
91.34038472248038 11.515752100156863 3.204190865560578
67.65062362562058 69.02956039235883 3.862950694660965
16.40152693172486 10.44868840520605 5.403320052816525
43.31574547620257 97.46441351676876 2.066973011925164
90.05129680324089 87.06340293222398 6.980273526745615
20.718914787859227 33.17473127640813 0.3010020933541191
59.596474245717324 67.85790604929872 3.8292304644180613
33.715425116748065 50.92550489226845 2.8423971980353278
82.15006182055723 97.88771642793002 4.486379834374676
90.02141209809672 81.98856987291188 1.220115012627903
63.67775971421453 54.68693266204754 4.022035160843685
21.33043411147608 48.131221096789844 0.8193339309898886
59.4052800299707 90.75620150306119 1.415272231529216
47.44919564708203 61.02872909525439 6.163774801074236
86.62495516436742 29.55951276175026 3.724490908716759
56.560583742537524 61.867921813098675 6.277083923751048
64.53125761637384 99.6181668539596 1.5623253701630755
43.155556420266834 5.774208988840249 5.595586417851654
36.1082038601145 72.37450644279433 3.0433199607417323
26.332316586107 33.24260177065942 2.892666953499928
33.64004791715702 17.791376659555727 1.896706138093384
36.95699063180019 12.107727624434402 0.9712685516721563
98.84486526450162 47.82503432178151 0.6364216708380954
3.0724970272048266 51.87148845340905 3.282932498672546
57.431622460998724 67.36379592923987 4.6303463293056595
10.196123049798016 1.2231198969157633 1.6167257996007631
43.176428274820935 63.31050728659548 6.552449769654336
69.4964927103184 62.20486917617925 1.2077489350723996
60.07341143525499 41.25248415648166 1.0230084345316408
93.32420507944799 6.010851952169496 5.144322372656061
28.945740651684655 0.367163616124657 2.0007992668170997
45.577767803589246 37.17318728841685 3.137649491592273
19.554500716997225 1.0785105493036982 6.862463046722044
67.51343458682865 32.2962757017361 0.27908773663787356
43.41790592619033 36.21080430745964 5.288486033403847
12.672551784495884 93.41943789747312 4.46522890093589
56.2164043024699 82.243163366781 2.806450618246741
45.219867225465684 97.92323263128708 4.325733708346766
43.201367997836655 91.04167910450873 0.894780474940154
47.38711872673439 23.656303514510412 5.287095805319629
4.350016227885747 51.44096429943086 2.748353490223545
52.986330042909685 42.82540031058282 2.6846899262467128
82.24127788529235 91.21550581435702 1.6970025707854055
48.72982105117846 20.427716537372905 5.071235649471837
84.2861928479632 82.63646093312536 5.517648597128644
88.67982716217772 45.785334888785165 3.3726234139504148
72.84337913251522 27.37409536680718 0.6344482140584226
91.42140105351095 24.30365288555163 4.400298800014165
35.51514639847325 18.034963220575037 5.011156532265909
58.40588954012179 6.3131002861571925 6.174986626372699
76.97714986805505 76.86982800402755 3.165475853298032
79.93450962425138 56.34961882801396 1.4197939814567802
71.65779920979801 85.26594664899716 4.9993919587387685
95.21773621791026 66.88991629485935 4.063039019932143
91.45121153728088 57.85422425063116 1.1894355712046125
6.089179637143823 60.409774987267475 1.2747575118271093
20.831428191228266 15.298522579491042 5.607115612884891
2.4536799136173286 93.01525464171166 1.756647561789391
36.867097968376015 9.854152205481666 5.265100110494198
39.49073676153786 29.161866101911087 1.1706299996786496
38.243925961210316 49.151059779987534 5.837277920484857
54.682742922006845 37.00674122109923 2.6712454735699147
19.970037747431476 90.48000096887625 0.9459092814785133
91.10891817254388 76.14562832843232 4.30337547692137
75.99804185807807 6.324734992027128 4.51734506893506
20.0 0.0
69.0 100.0