200
64.06325566410764 26.603312776654175 6.7890477448743605
31.885124892552383 33.01520498557942 6.534570580012916
34.27258215419963 34.21857357433765 4.1975324471068785
84.33375286081925 70.59052446592393 2.7164823466104417
13.401335218452958 93.74116340845083 6.039583037064137
9.58544198355559 61.67455869066551 4.414094831852084
11.119209702234189 43.57302401462945 5.428526533637484
24.264640695372155 94.2956541009381 6.524626029660771
62.31418353040038 1.6384137161098664 4.745122438113597
5.904590725569396 57.737435337316874 1.1015322709258202
26.735961223000167 75.36465215760451 1.1749031829746333
64.07237323478127 89.05530425236411 4.979127923626755
69.70935077571937 18.037842236315473 5.744114680923893
70.43881096992675 45.54614608560233 1.0189813289368925
28.548875752217107 7.590352526870828 6.488433239662173
52.294685232365886 13.398059132284327 2.2455736376538025
96.15112261530764 6.011580019242091 5.883531466214931
88.17048437026453 7.966150319000071 4.168548868737578
27.984723151629936 13.836079394233916 6.079373927696263
85.89116752970348 75.97703142052934 1.5958535078896243
83.04050151329338 72.83900305384297 2.772787276457204
52.90644636820617 17.6410060002235 1.8112842545937173
17.557286672510074 16.470264897333003 2.4323499132205852
12.037185392472043 99.00484395727464 4.429104028406208
17.85119658421018 96.51857625287433 6.13842560465457
57.136822574001044 44.65465563972905 3.0076491996804626
81.87588656124784 98.48254016411015 1.613914224746574
33.48078337603584 33.87776621216193 6.103485227024513
52.3876320050386 60.154168610052885 3.664478865473227
93.23280174575108 82.8778901259599 6.376281414606877
39.339909108448175 21.970946123055775 2.51382257189976
45.93685301087153 27.176120072839346 6.782782635054546
41.085735152682936 81.12044100592207 0.8592048714270095
17.32349971371725 27.411823046466075 6.983431028129091
30.245235406666858 29.836778299425767 3.12869593657059
93.98394820120517 15.950638538169077 1.3843784787068616
38.79584931540796 82.99182199438224 2.2228850943826766
2.827981534944144 65.7548956120447 5.456865151321602
44.0717130201039 65.54661339585245 6.420578964143102
64.83412046556661 60.15169992296178 6.325539184107477
93.95800586198519 2.329591536265885 4.9842020148264465
11.168791605366563 21.34667013802891 5.323877496329462
99.69771448826798 72.17548514709873 0.2961494035574237
19.9980204581543 57.00468293021616 1.2721555866039655
77.18208882577149 36.379069972200796 3.8706842221894817
92.93631020996943 86.35743258722428 0.2550655875188017
51.56654802940637 40.991308269871986 4.777851214670586
8.802407151580327 65.1201357936265 3.7451242007332435
4.698859903706546 73.80436834006069 0.7437325175511129
57.815358469927034 23.264015266919714 2.608631407945344
53.543814523799696 26.79431197173706 2.5394840913880996
14.424377924769058 70.7076862738079 3.809662207715986
85.06273154853845 58.75522801268474 2.688357122418478
47.11127945865229 33.28649594381274 1.1221285952768385
93.50415543760428 44.13038472364149 3.6098903792466763
73.27846648272357 42.758931282615265 4.315331475451356
17.614560916406802 92.74592218249275 5.045129269142194
0.23492915344837917 88.95537865534816 3.2009540412603483
89.98524836004208 72.47591853867196 5.304059993077489
6.374756501038707 40.81384630729162 3.2508478522030426
45.19418615234692 33.15988919552408 1.415769120953155
83.11543488964666 75.37299470564847 0.3697228310428172
50.47704342305852 10.99417233035686 1.8065782462127427
81.5069617976863 73.53008668676368 0.787445535007563
6.210167036516006 65.25872885722521 2.388669872220558
34.1251688857394 95.45527774558175 4.651353152671579
55.77138497085278 37.5176652125613 3.4338472470801076
6.630785991972976 93.8530782706955 1.895346281384414
80.60107597136444 58.65654800477454 1.4065347545411684
9.720207635439582 69.06049333218115 2.9397329315114833
41.99324254070477 44.87411322486252 6.455518734253059
46.55967778557134 25.02080369416895 5.995568591120106
98.27218843983835 25.559649983393182 6.140842761889619
67.94680273325017 13.290290676404286 3.558872649911681
98.44732079631086 24.479502009923785 0.6193131778250911
32.595351934203904 7.830095469392135 4.747851503900478
52.967646792748674 10.109606985271014 5.0183496473490345
24.14339292684535 19.886571875012397 1.8312291955881952
91.73599716297446 49.533742323576384 3.744717404603203
73.08528175582556 77.70608895015575 0.6469271441060608
79.08584319177726 15.80034090797302 3.2501877185483012
7.309888065795807 20.93673887705974 3.4902941070429265
73.9951330488696 47.01280254168784 3.1184271871036198
33.27304531808879 21.833929622067565 0.8039558606368568
81.90023920206687 61.7656029554784 0.19688884445741917
85.53092190085846 18.5721122605372 0.5005866383042428
72.82773811797296 90.62520085425851 6.016934227737833
70.49730683997896 38.37815998123074 6.90595294871655
89.88508738267664 4.303939436470951 4.030985735210361
47.66519871456133 16.92256629456416 0.32800820240619755
63.13177304682472 27.737336550352353 6.719076054363837
59.57184537302501 59.09234490548364 4.479936562289794
46.13214444195695 9.078746036362118 2.0665344906024288
97.9647688971618 45.838170399523726 3.9243588636102382
92.57322018460941 61.04654261310828 6.4640214022588935
11.516037012776698 56.13697123663664 4.92487925295065
8.087695209583304 38.20935218769612 0.46136162248195667
85.91000458189443 70.25996892829741 3.844071958553995
52.77022190659389 12.14627010182857 4.20903328912185
8.129312395030134 89.92063921102802 3.326047807541352
80.33689029013587 42.86637419050603 4.178109666739676
8.960281602135906 3.211695251882649 5.644395688368413
83.16549806776669 95.56591370585643 5.888034747047625
24.844231747589582 56.26684177818499 6.423787833825502
85.85301789572476 3.8650878605221086 5.544902298672151
35.07710018719555 27.17755553804997 6.380975588168317
29.17494490079722 15.938027404660081 0.44872773929107523
98.93395168732698 96.2106152187919 4.691195297759395
64.84197954452164 97.18168196609943 5.68195951103776
69.30391655165845 91.75420689425592 4.900825505213961
53.12845236361099 56.53575642002718 1.925633201883923
25.277135862489175 16.536080443985032 0.7794879847577754
85.01665082577586 33.81946981899538 1.6686826756651343
20.741756575652254 65.43429620420872 4.258900012300017
79.14834516928238 43.9990440551077 3.5024087101672716
82.23604122872646 39.58304269741627 4.441441287951746
21.192330342293115 87.24909176970667 0.09413493315547972
34.376308182158304 95.85164837397738 6.900906724171539
26.840867335918336 95.92350779259718 0.13325822872676274
5.723977862791482 57.44966835563218 0.8453039758593203
68.50409031008974 28.91519307403373 2.5556297707961417
48.153340733848054 66.84224269764212 5.924754981942461
28.171830913946597 66.49288632328769 6.174905870164466
67.62209955370098 43.08572251844822 0.17560710106135713
59.20114428913112 45.42189215697059 3.504097908593683
31.80579451199289 65.93897642369315 6.370385166030841
54.33960042457918 84.19483455806467 1.3628109768002303
70.4511679624161 48.759472565484764 2.8927925216605748
47.90456273932095 81.81357351661657 2.3554454772487747
94.37666702595025 51.00098084379214 6.910044460777587
68.7932750102512 67.14890689992107 6.724033984416044
78.66330242436874 30.359302366559803 2.628312288757655
37.845654549211915 46.39227669438065 1.034281571520408
4.403968326082644 88.29965873975017 4.788877261103405
86.73317293311476 46.80126578935199 6.921021732779481
52.346664955174916 13.092128793569147 4.641607508531613
34.996560640055385 99.24747010899894 0.6458465388136572
89.9127162011485 61.654001387888904 5.372614226295879
49.70205943159037 44.8875522887306 0.4727941170644887
41.24053995487897 27.514282586290484 0.10410779176980045
67.11618313587631 26.81067402037602 4.105002781921544
36.84751741420558 0.8780960687228188 4.121931604944707
68.97215028144473 8.146155181394713 6.100432945882374
41.15048840343379 74.89164525458408 1.3251743003668441
54.65822178554245 10.431743562774606 2.624670066879523
78.35917681328732 31.51565300132742 1.361594849463314
59.86356118273645 35.3696328720759 0.5308746307824919
70.4974388102146 20.56518999893382 0.8459329705775769
8.709162710123278 23.054267860191654 6.582637916903074
6.489563361613319 57.3720902555959 3.429804225361267
26.41896945735276 37.93122536772568 4.795893430301612
12.398111122829407 68.99194376284557 0.12753096688299392
91.76853844245424 41.34624800438417 3.563431860169371
90.66833481977568 29.88706716534322 6.965359948781171
9.796850666466126 18.913311779102937 5.851556357640474
14.377556541879501 75.15168656829914 2.2069445108446013
73.26825493790805 35.123863525281095 5.194638007051922
4.008903508614584 95.73282933464209 2.456615822531934
55.6374098418273 63.720516248191004 4.077688038623909
72.28147416447868 37.033967986072064 5.1206399711451445
43.409486294847376 89.04873438564505 2.664213511538501
9.46315746859135 58.88042130671498 0.1790787423594451
73.57253714594472 29.485263612748312 4.397978715616557
56.86308845792448 77.44141899798034 0.36683748081071366
95.72242441572652 22.54376512308477 5.681872238578985
28.33700554972692 0.5914638142995026 5.183442032838338
57.08069338666216 37.39938088726071 0.7809037077410184
15.74662462085803 76.6226532536632 1.0316681569442139
20.914513689351967 58.77367811463997 6.814293660484235
91.68198753324289 99.60313351779256 5.661448553920626
39.38211006387421 12.141400259988776 0.2718242003931842
30.349809419113683 9.555703781583052 1.112097600561201
12.145802827219638 71.69108564418256 3.0269536365602026
97.44030030813671 28.05419867911537 3.365020511527522
45.897238624384784 98.95324152765988 3.3903590350415023
17.917484296954253 59.5809662065558 6.776178794174253
77.07543303647076 46.32792520807905 1.366727925512743
39.538084484482546 57.21705800938289 2.5394517444324007
30.5857896166096 71.36775543853284 6.267830915558835
8.066606944601839 46.58668227038431 6.884195125531417
39.471405500582804 88.18891983443915 6.74661431961692
88.079263053742 52.76192819265617 6.262141448829221
97.89438214279305 54.64413937691613 1.7514017288817723
72.36201505633257 84.9013863253892 0.7058746170157942
22.11760876324007 19.205184970040854 6.990120580131827
84.40231965363009 70.38247778723222 6.065488338207956
76.98281296694626 87.25356558606623 0.4591440678350994
41.07784348423139 27.283368393845592 0.8905504913623921
3.3292385595518534 32.86206765724852 0.6668623368117972
49.615969046614715 3.095791401285556 5.130421103127001
96.80292052698901 32.22268196545396 5.419104083790164
79.80005475555309 83.01961598995614 2.9384760599872797
47.88243661080712 27.908779133015365 5.827120782634848
83.74565239853435 75.22266706489995 3.2329944737291467
82.66624767247941 36.316279507879855 2.0913690034843593
91.19291966235512 38.77405165647506 1.5701723835807937
67.24906153052945 58.27450383288053 6.81156560271269
49.29825452898985 99.92662802189149 4.5310405167946985
28.36911446673096 76.27881211695005 2.7718636801630385
97.59135486819693 73.84096935801092 2.9625143203849653
20.0 0.0
69.0 100.0