200
66.46205764924456 75.00906122230325 3.2173671995806434
59.89505708938896 4.386547493161303 0.42497751971118536
84.8315123829964 16.927743097873932 6.007445431290641
72.93091947695721 59.02303213502836 6.576985224123226
37.54354526792356 71.29495043510258 3.0208603730374035
64.62545126437003 70.19996245336567 1.1359673097033973
35.66175249875129 45.29716536748591 5.822289031404724
73.28530638771463 21.17438061559405 4.139611515279459
96.89301084761581 69.6678339909062 6.617428136091363
43.82086393636989 64.91358096676629 3.480393136028914
12.68501697042552 81.98991009230713 2.0591898021278503
2.4776157267705656 40.507583729000466 1.5999223364228161
14.84760132973397 61.07803765504604 0.2913365380424847
23.125305186703304 9.691128876843598 5.325021112832531
74.31580444808793 10.078934862421804 6.473975370501373
85.32192322684058 57.84224412448582 6.243030476766769
48.447206850504784 29.000852514505212 3.755676603757032
9.324341768058302 21.60138336061361 2.1677014226634714
62.38434808731115 15.012468596217287 6.462535525323922
93.92828785179084 67.51107592282263 3.0116851921248795
49.77031603205769 50.373604514793065 4.444262394736297
2.806036893858338 41.40672116910682 0.8654662531040545
70.46971610720979 89.15100222151833 6.0280852146548485
81.29323804510355 89.60957339922109 2.4308295964661646
53.24979869823966 79.1906707793032 3.407691040940221
89.61880629970679 13.68945817118614 3.8288965380230824
55.21239649259161 78.09011161204143 6.296366729809845
20.103939415002053 67.89231388070175 1.5973341261491165
68.89929069492372 63.77816037530539 5.0883920034678605
80.3828610654514 55.86533446739289 4.025225699039159
82.44887705220363 58.39771240257851 5.865293055843915
27.17469511726199 39.02180591935559 3.5724092595970256
39.528823958202395 79.50926862179648 4.28402704640251
9.863424881884587 80.89956993412108 4.186089338052649
81.59354576354694 68.62182796844924 1.07865438893009
63.13112065961002 47.07426846096634 3.613936818576348
43.89683333415776 89.68723042068272 6.724497302201697
71.60406598570667 98.36246767101197 5.023822479557818
52.512682217967956 41.7955608829666 0.5851958909798545
72.77713209979092 90.25023356554135 0.04893824391973367
99.82393743771019 57.071000770777914 6.460262504102931
48.75762442397167 60.81220889205199 6.25029202756702
31.375962225347656 87.58692192643123 6.992636526682063
52.172205834670095 68.67034839201648 2.166725166065389
84.27431809421186 97.37057086950652 5.842003301521007
54.89131663634312 75.29902047147168 0.5075939576576292
53.14544534689235 0.5103389630042295 1.4621672325851236
89.22624913910028 3.0802843126528088 2.405675869420659
87.43861790411863 9.331098938440995 1.245302626593237
76.72326911935193 72.17718795973616 2.4693318740953054
52.56128496524927 35.67251991719199 0.07690088836037534
72.51752601635408 15.693433113503781 2.7964041912459177
74.77667192972942 45.360335086704595 0.9185593513936988
14.252190850998238 71.97244178562316 4.879040712801536
79.62633193968158 92.69697745275843 6.325028952663858
26.751702565259265 21.29440856240815 3.237312445612326
80.60084523451162 86.15031399385485 1.79547084428052
91.7429972725828 51.06819301107601 0.9486647258015872
57.67547196757717 0.2286692441744026 6.085577491975925
6.519124359466481 13.966715579801878 1.7317450522434048
24.106145495088075 32.285766400193886 5.780950809499939
96.34242054727473 1.6841974625016531 2.650506426983932
58.46513378704447 44.62321350897983 3.8152829637608954
42.7504535003371 15.328873082130926 2.3664163916086736
41.239627002149035 66.31757455702947 5.685231213515987
78.42408422539327 92.4678645840581 2.072023335060484
29.237253958558256 52.57498490883804 1.8859807687250896
96.01093947068667 97.22747443499148 4.10632103888302
17.610032136138212 30.37490683301468 2.5172012634499676
81.9469111409091 98.89710862365612 3.251174510715648
29.131528608182673 52.92668126665087 3.092903402388237
8.769665366055813 14.28396092299197 2.610429310024491
75.88338652424886 28.775077338693375 1.4549589211880485
39.38942405443209 5.202997281650042 0.12324882773551726
97.44959243660684 34.261902522552234 1.5784246938643247
32.30651212161754 66.19321492847693 5.314221303988324
87.10875722195637 1.7119755029423573 6.267410198157185
36.07146457037371 0.212244264452484 2.2564060793811196
52.25253705395759 83.03475359802157 3.8291970099686243
68.51635873802609 65.97352099764889 2.199250890560298
29.941107204935413 56.42401348798296 2.871995143062288
76.66069966241051 26.138700904494673 1.566318995761569
98.31473434219876 20.499946680875112 1.9965662296530136
20.592849206738453 79.54418904437323 6.586804570339708
98.24876791421197 84.98848421030294 4.764816621927239
7.2912324011398635 58.127434891160576 2.829732923424289
86.10621133955387 77.02743905628394 2.752997949350187
3.2441956540788435 67.71250598014319 1.2033074983571348
47.538260548684775 91.30417423160452 3.26329330700281
33.29353758574021 21.185874982846517 3.4774998228111995
76.85490022466233 41.11202584232278 1.8765157384109057
17.547868039893913 12.367124704931744 6.811030972537109
71.62891083280174 96.91682193792148 5.448774642298909
70.98727709949277 64.88810649057677 5.270358471526341
65.79915872039935 18.50586452314275 4.099470251342402
74.89217983222836 77.96008293800791 5.161100131020324
21.146928551325697 72.13696865561225 5.806283976992956
58.15042007243949 41.97810643194894 6.241711577802041
66.00833882462884 7.036616239355067 5.769085794341523
55.298883176954924 83.10206506538076 4.579636609483108
55.469493399052496 17.68695398404646 6.3277718980944595
57.61922139367352 78.24601736659729 3.942808276958765
90.98132411655104 56.342350547699795 1.0500500616928712
63.15572347004354 78.7610963511834 3.455577974129029
14.47316352437 11.69892473210376 3.099155780100756
77.3543536380398 33.032107821697664 6.024614605820019
62.06442629653164 90.6137987739251 1.711932355425016
46.41088699646867 22.437538685596493 2.4643928935123602
55.769982193495615 81.84004562715066 1.5333172399941233
50.229816870562026 27.602612632809738 2.5304112901874287
56.323526220963856 92.53281313630607 3.6475662202055807
78.25744459190138 4.160107944336612 2.880286937272407
23.444511249366325 29.25153444418718 1.6725702548219399
88.65477017585326 55.820071317383054 4.712583862388248
39.20168277091445 10.621464899011967 2.776975490156339
42.445914249564495 77.90885170994693 0.5359181527896412
31.73429933314308 53.70723411877144 3.674469646305398
81.95636473650161 67.83109459738137 1.5005815376664153
34.261561826536166 69.74820212899509 5.722336904119323
53.553224144773324 99.39993411489209 0.2590923805211983
83.67675645367663 57.29334259522619 6.351898743644947
9.65686261896977 55.452821548015535 6.974655558026256
23.799025328320305 37.29560843254559 4.8633691341682646
56.76857003293517 26.170113842240184 5.216986317004226
5.731936130183134 21.11743701306936 2.677974990569374
29.434273136929598 10.044939293687316 4.8974095196057
63.69526330932746 22.588912858936762 2.0730470708273656
79.25846489551407 54.760545834008916 3.9373782267608473
86.49133245582685 60.221468092735535 5.5323897534389435
92.61653473244256 79.59940804680278 1.843693290462834
37.70327131281527 78.3664722219053 6.517422809699917
83.68783957811748 87.03267998879691 3.6510038825684457
57.20861064994747 60.414998624494345 6.780423610541157
1.619637013355673 48.71047321589261 6.085861254336162
32.42171453869716 84.98458462645301 2.510469131351518
80.5101593618509 2.3443921724255556 5.447975299950182
56.40346885133654 33.09228530911379 5.4892455941698355
63.28536969787027 58.85178630270565 3.7384348012931365
37.55485072897135 67.47141999620635 1.1282604028571726
99.72158709517258 92.39100951059149 1.893302621453854
48.76195373099688 25.94614111385918 5.726535595882611
80.73057819281956 13.787256262291837 3.8619222367694968
42.078901202636565 14.651425719540233 4.392598092917961
11.692286970555804 96.97065352596691 5.67167390743025
76.00603524911548 62.55478255394115 4.810407341081933
81.1035004759379 47.9824934486642 4.153745060288865
28.59888298482694 67.16575541454408 4.571634448155618
40.747690717195646 35.09151607355007 1.3901225913414614
75.05571629600826 39.072599790132564 0.021627574723053544
39.71118452410662 13.022399980656383 2.414312466167522
85.2793909395276 39.020181470645376 3.9565288694492304
86.44522567115567 76.60362579589079 0.3600265497693177
99.33517049615344 60.19515346433668 3.9119174266583467
22.882989834619966 41.43873326069421 3.3333150552473247
27.140217084018573 56.14431157069123 1.2541967860735201
64.06454845814064 41.64080014912234 1.3986360761790282
22.360247610485004 85.4514873162612 5.286508457403366
26.85723903583091 31.123583420959687 1.9759377151405233
41.42320997461296 70.580088290373 5.085412192146481
97.0542768253254 86.40938236615679 2.967249159623318
64.12117077462888 18.97746643785809 2.374049754414485
72.00030575957157 10.968042502179623 6.107209744601672
29.93873112087098 1.2094863150392583 6.546659442288865
16.92373046077456 16.396728391355868 4.221089908766567
67.27750293462114 94.7823446586043 1.3694986904357156
59.009531163144786 10.29041093524533 6.637031804522376
57.39490268372986 89.14763353772025 1.138083384641308
19.968066039545814 74.61005596807014 0.34837980583294625
8.801741980178166 83.19279574062963 0.5209671385084662
60.02370375665 9.478718388256047 4.726083173615577
27.385130975004834 17.975499735885275 2.786662545785588
23.91884096541087 28.539142145031324 5.377120157549764
30.635596513471846 1.4655014271944875 6.882960887723788
97.01839390514425 57.494889938390955 0.7069826419518416
12.971830913321423 93.16366702793415 2.1144652878539594
87.03449730774021 81.78652756669742 1.0224561502651515
53.80460500724087 47.33798799108654 0.25748648217662784
97.6398044437638 78.10244515560238 6.954541855502033
9.247684413961935 45.28400216516186 4.380798461043276
2.717192666568298 16.67654976032951 5.120519621907351
64.62092314970654 38.64028169309133 6.250676988000997
46.012212365435644 32.96918873845132 6.208125109531051
78.29909040815129 75.74838698461859 5.731605391704371
8.660101250563274 7.168005315853957 6.372324013296483
80.39257542740901 2.6352756067353615 2.673602400842684
8.713381305323503 98.94706509193017 0.8980527823192738
32.13677148935066 77.8227622608402 6.040124830309962
4.004685698803646 36.410976394787795 3.020215376203955
74.95513035567244 35.87725604727106 6.177600901577075
65.36300028519432 54.58246771354373 4.562322002979708
62.220991651054305 14.900949911578007 3.9432143269171567
28.498032777891954 88.7409210996435 5.35679136489818
32.306621311139075 76.47523879918269 2.3307400469112287
74.31535014351111 41.2041974119996 2.0309554909664476
67.59682773198205 32.487016604327906 4.844630999772843
27.179321586731113 70.55521565426108 6.669939704564439
52.31973005372505 31.385653945291704 0.6849617970919734
60.13374358521199 24.16845984885066 6.289943618128666
75.59987309886144 90.91892998345583 1.049831225870098
8.450637134300752 93.70976836753646 5.046193302692555
20.0 0.0
69.0 100.0