200
53.997691089435456 50.856818073288515 6.485285688707384
93.34559258581935 9.787806032859006 1.3967020938218557
86.89238571560563 45.29709053738298 6.1303736939647395
97.49076450596833 55.82275722121701 1.0588371192402382
69.50789602035992 72.54078780587943 6.022899250489824
20.85449681115057 9.687678474227436 5.345298288400516
85.11463244865027 99.56868892393994 0.9871583157374935
32.82077841528676 81.30710529240761 2.865482877613384
13.785205315827735 64.9681655651505 1.9869987300669192
31.097244904875843 70.74849082975096 6.067907288003584
26.82855041287773 97.09897070955256 4.804525387827979
88.5914402052519 1.5415560688254804 0.3763739956836273
59.658775933477884 36.807823713079365 1.3038838712210816
51.08026712918167 18.131183841354044 2.6322101771132727
86.74373692833406 51.87942354218976 3.70807478288702
33.358068128797825 98.53126943474852 0.2477872012710567
99.07142191307393 99.59716116786308 5.9914299453464555
67.35259812724384 98.50310929504754 0.9391707111714274
10.98917307625062 7.235118214044673 4.663530461579445
13.564855250461054 91.79042470339431 6.116927151413862
29.429713153101037 32.690455761841264 6.840257418339018
51.72834468413434 91.03822333041522 1.2837596884546367
87.89335821689295 12.561933363894024 3.4242851358095567
34.83026782295524 3.697652062111195 5.908125544056624
26.264645483012714 77.00708929556211 5.283358735428974
36.67105965921847 83.12337895753478 0.267717765045422
82.70715792404712 92.0143345672401 0.24460753249414124
58.487283540895824 96.00174533145423 4.306606920742672
55.83341584146828 8.759179968838412 6.788983290789906
24.06814584040714 99.18736470578324 5.073446929808917
71.03105708753031 41.338380890397836 2.279107474485012
68.2076546913753 98.26639798149421 4.252266096778959
69.51073497313658 85.59433960007391 5.250348648910753
81.5254412143624 52.44952853628756 5.926742457864669
86.58623091423567 67.88458606391069 2.671577564255544
9.667512497021923 96.87910389415775 4.354291507370989
18.06487958404209 64.63336019607127 3.4074261324089177
80.32384346325885 22.429629723280364 0.25193941950261833
4.819282626367639 92.79954437680777 5.234832572367798
0.5944612486077824 18.99891050041146 1.5179603734945992
5.39342590997183 25.657006079922013 6.891930240612998
20.20454022403795 30.770952995352797 2.7329049993765895
93.64681607366659 53.24653843878788 2.3855005677183634
55.834974125981205 81.14544344980324 5.1795952019649345
10.351044045592047 38.596253683171135 3.6236388741713856
16.418564721033526 1.1963019479803503 6.61704575456654
51.18699979348646 29.58449715639041 4.312359846419316
24.909657796989297 71.21820481526997 2.064702824978131
25.672220692829747 65.60491254166597 5.856822755803714
10.299565837151983 98.27348631030335 0.9701232703103226
96.36535283314882 97.91061275400828 4.802864437378666
20.700179909566703 31.52686779045529 1.5960369524836078
44.05128971741438 12.394337321967008 4.548034078067564
18.63356404208464 33.5361848619243 0.7433161496186124
54.86117937400209 76.49172640088125 3.449684991663779
27.705862201729452 69.87206535355571 4.089177163128165
36.45729157027193 79.44178336722237 1.0245826273882295
63.52187570572956 37.4510764912704 3.9398888714691678
3.5350636597305884 87.94844778976474 1.21776271032937
50.6937647014348 60.06953765203629 2.8677749365596656
93.1391765348124 65.85487563205392 5.326128277047361
70.30727966210681 59.6969894239086 1.5594109133252636
24.567898241355838 68.76720507805155 6.323508035467508
26.47027956912057 20.30162548633447 0.9215714900513796
22.315567243109083 47.49578623947915 5.484981196787095
5.580936726576558 54.32124878232233 5.498221145759977
98.38497002649751 36.78047383358846 3.7029748844813124
5.054702233537048 8.817766296533105 6.8084675996070825
16.681177488955427 57.804305639127605 4.334587174923523
10.758752420574105 59.047756593850494 2.0443852801761353
32.63721082467863 84.73387653301697 5.807332328501186
14.318957329805217 13.314277170474616 5.086264318987299
3.9281513636607452 94.1764317811367 0.8865771092006108
58.23911684729081 26.456594584241817 4.825505702160874
97.18399389145964 87.33837397294977 6.234588596792985
1.4587628191245066 81.59333530893296 5.647267588284229
0.9447618051368742 28.774895255219846 6.606588525825282
72.58570622115808 3.9526966012308393 0.0532974026803692
74.05161753652023 82.25220613344835 1.5997761536605108
22.719273778917515 59.137356994257736 1.244954041234125
10.076446431901319 89.99382209074906 1.025363977331863
16.453861088134577 3.548625243736153 2.1178464064232636
37.62827084912371 84.04452842862887 0.7657808674426914
21.05504155184213 95.10921520487577 2.149649772091052
75.31603436161089 49.14826575060655 4.537558522980291
53.359659221225655 20.051554083045236 0.17805361659759444
32.06486948760705 88.23289989864855 4.948420676308155
23.755461137197365 31.08784423269837 0.981124573851966
67.9228345678829 88.19049874661515 3.2250373099052103
62.7180001889642 8.455681282790671 4.487193014424679
8.6623401499534 1.1601085498411667 3.5076006660982033
71.11139342284268 52.92529000537515 1.1497202519939012
43.286238708336484 48.701750976014175 1.368626770084882
30.518755445962512 66.27758384014506 5.101162943679657
45.38601308834343 33.56058511412195 1.3173690313149473
96.48809710561758 20.333345467612318 1.1318104877063326
33.77149221065601 69.10664829637247 6.522339059584817
6.315385239362231 63.453189533087915 6.112388926704494
11.018666450154065 63.769306622654746 5.23807303334149
79.45886893960272 9.809348469473395 6.72584827982383
17.37678360625844 66.9971990316447 4.672683908463985
48.9435771349511 22.851449348690767 6.108081386335212
41.57299223333683 66.33119368966956 5.3007934859798285
1.1508813628366261 39.940929688302 1.0259449703022323
24.74589269699691 89.82618097348718 5.914101879645061
78.22173746752522 23.70241160635967 3.5944170378885016
35.674985789772514 87.28925891396636 6.055670350657833
15.570752504809528 91.9035191662104 2.732908369063001
28.014053719913036 41.68170508809718 5.0767147445236676
85.29201784398732 47.427831977811586 6.288082812098151
91.71078965550586 79.25598376636086 3.0700985233163856
14.276646632382652 96.51291654838732 3.548144208300938
95.10177753768802 42.73420638131115 1.9470297800875103
61.79954712707646 73.78292957130101 0.5365036602319064
67.62525913128323 54.92353862911537 4.619173983780452
86.41356282736055 31.71449025546875 6.292115626123741
10.0381171927163 86.55589647724129 0.7441193524459536
94.66636697538829 85.54126626451352 2.474102934235294
93.66100339087257 33.44158082762019 6.158929801199136
23.349436498684497 74.09250956647627 6.412602687247046
70.20785296200181 9.355687758660277 0.7369154493902017
49.26105145537934 74.49446517908764 6.593374145627216
48.8375546396591 26.911666561511684 1.573175135059298
51.16538303001251 10.345269402032779 2.13338168319654
63.733544080099335 73.2077744190059 2.7120231795164096
44.5890769231413 46.498692170036925 5.148759049822017
55.162917772841844 88.5181147574997 6.43811014350023
74.24061509117094 46.687205299523264 2.4038433401943755
73.57119604185122 79.2405638303298 1.0909085925338218
43.10476595718629 38.0252315953199 2.6138358070760535
73.03096905483268 13.767907296412496 5.546940936976834
36.51114549044921 81.5669026867183 6.3853152497836225
59.005901515716026 97.10874907454746 6.031116444049253
37.5732537542229 81.89844295194315 0.37675711623870134
23.840543330017383 24.256474481234935 6.71168563384353
10.504356562120556 4.704198396127032 1.6193875320471747
35.6603297866272 28.712385805630042 3.7746143187829526
56.368739831787344 30.006867467165947 4.036997431375661
58.94373840239576 19.949688881678945 5.834098172075221
45.495004667150184 81.29048596766465 5.5144351239465506
39.594092654455146 93.32338804391591 1.789352313722119
82.78973324142535 38.01886248404598 6.313155095058348
85.7257632800485 44.39089728761638 4.475615901632651
28.58149501636529 79.8195415785222 4.933979830516564
91.6861547996986 42.0055240164829 6.115213569327773
16.587650471649916 47.93010490319799 0.39481662255238925
9.085976151647827 46.54930474534466 6.6115635872719505
52.83668862401221 23.742965916881456 6.627860193422067
72.00655827365144 92.39553063255947 5.515872112724016
48.45467404480707 7.414474010622774 6.982459027043273
36.244638392736576 19.34455507351157 4.022244959339721
10.090598447750097 45.31160858938707 6.995822728735774
66.93940028352259 60.6802572025153 6.062462932934054
11.791048101118102 49.880674750343395 1.622299773147097
39.57301697871395 55.66212619226697 4.338376165592072
5.201728153418167 9.17464225301093 0.2726854149028639
39.19846133292233 98.54080332666975 6.157815023525159
89.58992026443678 70.18359730776622 5.825287185737149
32.73208679394692 24.943495447208768 3.246539787463329
49.671263074911266 65.67944737515613 2.0623472766069932
18.752984334393187 69.22556491641534 5.541344010021489
77.7365067552288 45.57155367245091 6.881561528379531
91.51913300973781 31.05037492593287 6.788563760199789
60.154719577826604 46.23194637851692 3.1904481757877643
18.86732659812354 94.99920479507566 6.800209006063708
41.74295581568095 23.52853888452457 5.967343881515384
78.43956848809376 27.99824035920426 1.2141862344084897
80.28700708354461 83.43789960563824 4.886365100123555
16.658650359766714 4.436201458499118 2.4232975800685925
99.83413265125925 42.195509368909214 3.7670844498447495
99.63642811641712 68.59357488543462 3.016902247119427
43.4202860479722 90.21598606414759 0.21653514602656931
17.63620853823039 9.281311434753444 0.5579283725666931
87.09409355692254 42.41795610670863 3.2797037898890284
2.6810687776088526 5.832540723180122 6.786982171233187
37.4937758742459 91.33390195937052 5.673018654566523
62.839472127173515 40.48363748441801 5.717391195514131
30.887827099165648 39.70100201488763 0.07690116250981749
77.13000549686322 47.79512287103986 0.43240294343940866
31.62815911356018 51.31550981344829 2.6520746603361935
38.31631283404975 10.077787057635675 6.608742643359594
47.12561214284572 51.38072232292359 6.06991464822348
31.224588996862614 62.445230602781656 2.3675710884249597
4.934953560348207 65.86217334750059 3.843765745300808
90.54329734948223 46.58971321753772 3.638433313512299
49.853895674890204 42.70485104615042 2.808054932522377
94.70804270020213 30.298988297384895 0.061589667296817585
84.92681055974509 80.55235838334792 4.979805069843012
71.89509780407695 57.79426380645323 6.157770491033895
71.68087430186031 95.7115973479997 4.6701840969899635
65.27951684686424 62.003819805868424 6.123409110623472
9.234908299703665 30.873531598176292 1.9657054716134674
48.71692595080331 11.857355291061925 2.045960732949239
72.2990411099113 34.39667843485711 6.664577393482084
2.5341967266129686 14.961372158076836 6.022103926712656
63.71432235547832 58.60813515494479 3.7456049349779197
16.881234239720502 69.022293283438 5.226191608222937
49.80102990043781 89.65123346545178 4.271924515651103
90.45466257766037 90.78740934089542 1.878961157891628
48.530481720432874 61.26537208005767 4.732872854215633
20.0 0.0
69.0 100.0