200
51.788067466457385 21.68542001723227 3.5574784632087684
60.24407154514956 96.8119091524012 0.1107988351738689
52.641888536892175 24.37215404696747 1.440817196672393
42.883128563791786 46.4971572898384 6.640264833273147
58.289830015629846 45.99738098535334 2.495374925024483
33.20412377111874 12.043000572007259 3.1574209068349752
46.334750583369654 40.210192418218185 1.823965587064654
84.75125017447726 83.37075117164444 1.1486908561125602
49.97633056492356 17.055417268167975 6.445381151118546
39.15888041121016 27.351603936711566 1.6910764741432374
71.26435773511649 86.4627233423104 3.6191956771452674
92.76444709695305 73.6810205925118 2.238974883382554
10.363458166138225 24.118124666620982 1.5941478829936901
87.67666166394783 1.5834882374716606 4.451717013215835
62.188215397587264 53.38057502861565 1.2259100687323905
41.72987227234098 93.99470143471397 0.8170512149529575
58.16946662943405 9.756571053292905 2.4593419187820915
92.77049543826563 9.55019102489901 2.2645741637460874
22.012195226793935 15.373777060166843 3.921311274859719
5.5405379243493265 87.87627127989634 4.83209959588951
53.733835265677214 54.9062842083408 0.2594803977856929
71.49292774334603 30.299823173736545 6.216179408791051
86.06880093099048 30.04610309441472 3.35540598326243
62.55503975880228 52.70176829474556 1.8498470263822964
11.716253150890203 73.1603243960096 5.817436968167765
9.260754182228101 41.25290727651114 1.1108600801358999
20.697528179155203 31.349316130095286 2.492539089846832
75.8705941839204 96.98108744306845 0.06655584296195838
53.85946059885469 91.43290528598958 6.21705149457818
12.21094110416587 19.728266881920998 0.6461936314534996
94.02495319347746 25.956202579013794 5.706736996468147
71.61658724372343 76.30273939983955 2.1277033572166353
18.563460893721984 78.66476458152555 5.162380261903582
89.35466169228488 85.93730161866999 6.681619988803449
52.32052118437502 79.0342637584269 3.928847554806725
73.38666685590859 91.90666320174816 6.187338084446096
82.19144032472312 35.68294137900929 6.8809131825739716
18.588993584409906 13.571526121409104 2.2463735622440506
33.95476634362444 97.45601772609308 3.3522025624904948
1.64413432425329 80.48107944602543 4.759838988984213
65.93401847722993 17.58773703848538 6.794655877560826
59.31279440673799 14.344308698763738 6.569420046017217
33.9358566271595 16.909007309259867 4.34845975655071
92.76570251622637 39.24141244005968 6.361441051325019
94.48823421967576 86.11549219009574 5.526057317941991
56.49509768066681 9.985230161368605 5.271616634137073
15.264520586195008 21.373695124990437 4.810196783458089
80.29840488635055 95.49646763856 2.9536802733012064
51.06661769390273 25.642598199958538 1.9697078525998328
55.284685523865136 26.201936874456063 4.873424057742765
85.08380648145614 81.47846151382981 4.021140416798678
54.78750941202557 10.443432658463117 4.227235940344588
49.41109627337585 41.75719619447004 6.646515157801318
15.305055937696551 76.51294591150705 4.202885246449734
24.35659727204305 15.479037726584671 3.5236628550718074
80.06178396241008 76.7035980414037 3.6980172906998323
73.6332447561273 57.36174981452879 2.756288029395973
5.5296929404579815 99.87436447262324 2.979063661581927
58.76883613095061 7.159165072879871 6.987024042787086
26.33656836543465 37.350322105586535 4.026386124969211
62.18905825914636 88.89167475120911 2.7895472239510255
82.41137523866576 41.94832544140962 4.464653861093923
39.80910620121368 23.12745113225598 1.2250763797819055
25.693156830435065 35.76566767601083 0.4668862486614883
2.99116231178117 29.58016784732668 3.1727895303152565
59.78235722501355 86.23115266670132 3.3751049207279413
87.73528265452477 45.56280524278671 2.7306883226909564
33.02142510822702 72.3589198255725 1.6646464883563497
12.197969128476034 84.48311929478949 0.766833105005302
57.93888111932428 14.13052029181397 4.275532092691087
63.016787458282714 4.911112174359335 4.113525343024251
45.0560210052202 23.896079076148805 5.34374463568855
71.2471558488809 75.74445971707634 1.569369889257097
57.46601572486549 61.27444729509135 1.1442502340091347
92.08750102849723 59.785698223152075 1.8912165029749328
88.70747089273283 91.22226455567798 3.6933979368297374
73.13501709297529 20.953559167322027 6.2851720890951785
36.39277125125122 53.68778533524612 2.1143939536353993
65.00122528259676 11.003547242208656 0.20011824454522764
86.07905702596854 2.447235566519814 0.31413882584141206
52.214397435363935 52.37255327942582 6.50589400036254
76.54144656329305 63.086456052875654 3.182359810855345
61.130973943515784 24.381135660831113 5.185280949684967
17.787238389089907 71.03704536969634 1.5055270965153793
10.088325809564491 62.82104277459534 3.7120571241297085
71.7509788178103 4.034234737801432 5.781413827240346
75.0681396210824 69.40431627922754 3.389866559212809
83.9647889346927 2.6819087945982987 2.9799461568598646
64.72606842011396 2.4549419390701277 6.689204347211238
81.51657378339975 80.46515130300708 2.0265723536773024
2.6712320461322374 98.91514032151498 1.1978194942395703
45.44691074080784 13.65204325910101 6.997268351503742
32.20062947716292 85.99990992058196 2.8955863997590647
42.45510039511289 65.49600091767887 1.4367302403007935
98.9904963162308 51.46725542598531 4.861350628070523
9.524660989520472 67.61051002059514 1.6094067729191612
88.43492215620816 85.96047994575584 4.877952017910299
32.53877319398603 41.20306323992398 6.404049585664825
97.89903294308792 26.386057267939833 4.453665229879121
92.52856131714553 82.4165395038224 4.561883409784399
47.80669609104276 93.26452873821773 3.693527940580098
36.852775140677416 90.29558692687208 0.309028658613275
92.42840429391951 17.92873977132747 5.0798937210898805
99.68780233414871 10.35669781009542 4.254543016607727
56.174256655966545 52.88804290987819 0.03919861095456911
43.543075929622056 92.33219182299918 1.2507650216754853
26.413099220368657 54.32453909933118 2.2235294407055344
22.834712273039322 97.90739312711914 4.551561782911345
27.88608224321301 55.484315814182594 0.1329548117130822
40.89928496878458 37.25699153754148 1.9821549163668108
58.36024404372608 5.14168527514734 4.335631407650875
61.8059466601142 55.624106836027565 5.64119706594818
76.18330633319405 74.4899382841452 2.448225861477179
90.13757451494996 62.80748013535819 0.9937022645736482
9.885817000971848 33.08286705087516 3.839026132378689
30.875120730406845 98.02446656503568 4.27068268520055
34.41596662919867 60.75055324481551 0.9197193324592584
96.33727846201838 21.509225581822495 2.2899409764033525
99.39419872112045 74.3665162077728 3.034778777717064
42.358419069154316 7.47858345464963 2.666800543193056
20.00885060284517 99.38377129346776 2.8614664588951593
51.27159453052419 66.03195590014477 6.340023817822837
91.36264826794823 83.67118237080756 0.8939663692221729
42.115270798079194 4.626304986584135 0.14658734202664336
79.73322376215275 23.43446212974159 3.3461369770487837
23.14090383280013 71.16212681949165 2.8777455015286213
19.955335543354586 43.77208334961221 4.090561409576682
27.04879814357469 18.833165913665905 4.627122033938097
43.68487696975584 34.26654182730472 5.362195727359593
77.75270201119484 36.33856192047908 2.6732162535010637
42.202611567580625 43.50308526529663 1.592938788432853
32.7518709700313 72.69145119129806 0.9632678771649617
45.32056327620373 85.54118675524444 5.505601835606989
52.734269141331 54.90591992450362 4.423781528400717
33.50061166326519 56.257524836312406 1.659690095213741
40.07880580057919 50.72714800582104 3.7356222021927317
47.86342442544991 42.84806843354848 6.979600747232642
43.35537534407535 71.03686003723335 1.418913410942991
12.215037496794771 30.57419147003767 1.6732326408501117
9.912726062005977 23.835505014012305 6.938887389118336
28.518474292850613 7.455789690958656 4.114456775693916
51.3740307800254 99.74475743327605 3.354124148273523
88.10265547697706 89.32032030017224 1.1509236754112633
6.58517352416003 61.72591718685347 1.0976779378541959
71.92227258477833 23.430405355070597 2.714069946744273
75.59717754226907 93.90720795282971 5.412044351676482
31.626906838908432 27.914619470400872 3.7724479677461367
21.95667341746716 51.89001229681186 3.979803216294919
70.53287832904802 92.31505247927167 6.164294081509035
25.122044277069143 52.614515820468924 4.632361380536449
1.962900577778066 67.96629598852587 1.8941782479216558
14.831678382984748 83.53485890561248 1.056820631652839
16.708930975930777 92.27573954091291 4.165022635064378
40.247523064770505 35.08067126733575 2.3721477019640638
95.12543070024121 78.63001375931624 3.841677238295692
83.2338434131776 75.15649507127114 3.651773205979052
47.75780882882989 49.78282278536392 6.081962300984009
81.02639363558423 52.4564108844852 1.8581714947806298
71.66562657583282 37.08409724662692 6.101804851094551
6.76123794091523 1.218471603523543 3.7412661992346963
92.49542178460959 36.5273242553161 3.55232482829618
47.279640835550346 50.07984820439909 6.075140339704144
89.36213372554522 91.47559317138698 4.212931275464529
39.257324456685645 98.88741148136046 2.2732829528546463
61.86309824751669 86.95684372744243 3.059908111964134
43.4777491538184 77.42053505675392 0.4686808934122474
16.266687107880493 16.78965133643215 1.7780721776837216
24.93189806452088 2.244937074976739 6.7063968839022925
5.914638622716137 83.97632657920039 0.5483137270520685
39.27809338020375 82.41394787981852 2.6975226408205693
33.97755283662973 94.69384516355495 2.2195219285022865
40.73438348238703 99.5155603491643 3.056439416318529
40.30896914928541 71.49144633506964 4.73608281838226
86.21288561303977 12.257208316319083 3.302276148957681
70.62418200803602 76.98540282177433 6.038554851377056
84.68574333852833 66.93674352719452 0.7924886169597095
90.12660261989404 75.40203639434743 0.9946805883886884
6.272219094635907 66.52087720740202 1.1029485509732888
61.40976570590016 54.788870294660164 3.8394023536549575
54.30871243774519 27.154421559069473 0.39763426895375087
10.942588749944118 45.7831817183573 1.450494481681631
79.09832616656209 53.61907397513847 1.1566150125054993
24.72305772577744 45.774610260706936 2.8880415254245824
90.63120495957851 53.79955977399903 6.696859318731455
68.22172693203069 13.553704449785245 2.2669373369080548
69.58012325438598 13.029755915052892 6.541283417509909
24.48531458485443 8.009014255597613 4.684005504123403
7.174742178325127 45.92415063952053 3.2531882795816442
84.10606090456837 9.235414529105338 1.8845889648681964
65.64445975686266 0.943158941458163 0.2509009386548411
32.1215955590915 27.422751699186403 6.873741417747546
99.15693599326973 64.62441052449941 6.29574767601242
34.90823859940016 7.089347875829961 3.768919626252012
0.5183505298210415 50.27919233255175 4.336718605466273
79.05769261881296 94.56430656049862 3.788910061897676
23.940885637269776 52.721421879234775 6.024445635648563
47.24099334984086 77.19309489351232 0.9999940067886568
32.17411272448418 4.809657686968264 6.6870559493476165
47.05497511307603 95.266093627133 0.1799821201374756
90.73936998604867 96.2123042380219 4.443613268540123
20.0 0.0
69.0 100.0