200
13.981460373774679 40.29999444767148 6.488388647221952
92.43698983228614 63.817419226037096 0.8883761924587568
82.60196896806382 16.180115943790305 3.768457125778119
44.250346963819474 34.75943043798721 0.6593858201400444
37.53501231336194 21.887798081874116 5.221902847351614
0.7857278210868119 27.48944799172713 5.039514812733064
78.50210497088749 57.833206655571665 3.7785079688037984
83.9940258872065 49.896939257796504 2.3956124677757398
70.45213030228273 74.95757232237473 6.348672587923823
60.233124795023414 45.76301560006394 2.5726864597255794
94.37734512086088 66.20926548169932 0.16452894008490193
60.60531624636001 17.308833906651053 0.2565633027222197
38.01358311125443 76.2837798935611 6.708579979684336
69.62220845756316 96.91264541723157 0.09066613907385823
1.352590875201325 93.86548253249323 4.2753429072749185
73.14804708365534 97.30405982256238 0.52429596603372
14.519603409829445 67.47536711756631 5.5917721461885375
46.590503797466454 5.149023676153718 3.4758065988502267
55.528252323664425 78.96893776214584 5.417241895866051
40.76786269102632 63.08106610454956 1.7137945624202353
43.74342322839908 65.53078959535611 2.686434941138555
52.79304010744742 6.19333335202151 4.591213677111587
55.03381940748983 19.416084870629376 4.2155394229900285
97.61888312511824 24.263736831904474 4.045789536111254
39.15358100491024 66.70669666649329 0.6160224450461346
36.31088041714649 54.49190775113768 1.8278259737556661
26.296124394296804 44.33147351882369 3.1572757983090023
51.84422320494816 64.44381737628875 2.8953826070431465
56.73129592840251 27.89878317479019 3.8897795667777197
76.38735226958326 28.048970247065714 5.77997916402219
79.46552880241525 47.0228214909808 1.1992569541895302
66.68435891376893 7.132858854416972 4.402166277154796
38.41575290920992 29.309691057374398 1.0586306161569106
36.544852682995426 15.179143846364415 4.339989587973404
95.96491006548888 96.7341849503207 6.150683835202053
35.69268419303192 46.91522690516216 2.7853646239937033
21.34204137951754 18.8067921559224 1.984263156778424
15.80977136041933 94.39767773433978 6.287405250447669
28.626538957162552 66.48848805288893 3.639670576989348
96.27382555435554 48.68250018612671 6.074258979158964
70.8915983142315 16.4633396718921 4.807554565774925
58.33379471930553 93.26967437796618 2.1563557430962597
74.1976487488046 81.92650607075049 0.4895541062341473
75.45726220503425 13.1274091928893 0.030617589883280227
95.59179381334897 58.69409769622552 3.3740323277953705
41.59681458291552 3.815361597718904 5.6435164762308885
61.72923353562487 62.39112043694314 1.0462957555884942
14.559540629768005 29.70674983620325 2.9249694448208814
82.4088697487932 44.708527595523364 4.235115692573584
29.63818969565521 96.14261505360791 0.8713454498636763
71.63254586883009 81.96097566632072 4.585314658578695
86.45900946645985 87.83748984110291 5.529416713042925
91.44652504315036 58.731436119191734 1.6063723028383885
10.245640265420201 99.36710120826345 5.451336009538914
18.87767812323415 42.67238454051018 6.198252346698695
30.846789939476107 9.474230626124182 6.531466586324703
7.351384342075584 57.306304084502926 2.8054759525678024
72.66916755887969 77.7418032342146 6.958063667277697
19.81792393355223 53.57639877200888 3.2215492034958877
2.4690228763885806 4.500585180747092 2.459398643507738
81.33737056000811 95.67707633133507 3.206136023110619
49.48377473818777 9.7991661754024 3.2879225008722766
5.617363515559212 44.431453283380065 5.164041513106769
9.933801251312788 37.638794681497124 6.871415961517777
43.06522341317747 6.619883109191221 0.8887732027427734
36.540245476185575 13.399128385143907 0.5509035701057693
8.917964687469034 51.93110280178319 1.4554156942057954
4.720242596604172 59.19357491551731 6.80782566065509
78.18329594482502 8.499991730527725 5.21855581466949
21.186754657511173 98.95399531912705 1.9469493298262295
97.65272827170541 88.18941610501815 1.0472603926047621
93.14863474741365 24.76591936726691 3.4754541575404283
47.07416740620236 73.7973842156831 2.0766230536623755
8.862714731725237 80.9861868046583 3.2808290166720475
72.25494672045869 64.36002532256174 6.720237847681215
4.004384054590833 79.73418058429417 3.5422432507211874
78.8220132396638 89.865982533624 0.46657168544012995
96.83519543221647 96.17769988990419 2.844755756400509
58.658027597825615 73.43321127606264 5.791781258804721
73.4626158466811 87.45261791233023 6.8114412017366845
65.07217054001977 70.45907944731628 6.536859911333221
47.92081292109896 82.44165452855327 2.7728628111292526
9.668721718179258 45.451439825484066 1.0765657537155668
63.84585538081409 6.676776735707271 0.04106832174866892
30.891658111007406 6.212486834035152 3.537599308028734
64.99361580929659 56.42812909031389 0.2760583100238273
51.53778073822537 29.198266943391523 2.3652732478969303
81.42851061974054 42.12121705868774 3.2255949763591776
70.94290542280655 34.175920171524375 0.9698030445305685
21.481765826729465 93.55087357236879 1.4826908516650033
46.870462181859274 52.26744705593357 5.184977989997293
59.04626992532195 41.48452612630335 3.2913405155660245
22.878590436039246 95.92395202186583 0.8047000464045774
31.790419102412606 60.76126323315585 4.726017328669952
90.70494228850072 63.80548198192362 0.1565465830960605
84.19652577480392 60.951143942388754 1.2314314980368524
73.36988485627312 30.265374964518248 2.533998579399511
16.1209783185759 76.21449884275545 5.772925752201871
4.445251905114045 22.966929357052635 1.2311247778169734
71.85117101202971 89.57684388469742 1.6548150078944621
0.2507824272720873 91.06202031464296 6.358403936960162
44.781752373012964 65.8746754439272 4.622112665865359
91.93810730632555 56.63087300355845 2.4700503099478723
47.52234825217166 6.077902790409991 1.3095056535360816
97.94539427537289 63.82611840704328 6.696301751952577
67.17409927582085 30.334653623889718 1.5094558445296347
34.91687968023076 71.43048560995385 6.721987940912118
49.60484440005689 87.13185987297018 6.70376969285213
38.33160972976944 15.203415842076012 3.577976154661145
31.89153440018332 10.419030421345258 3.742289163530375
80.15347432059437 44.95515928920255 0.5799566787816888
37.49882240567462 72.13471171557748 5.659266965590082
26.062445300903562 12.984867237174663 3.3293277464650766
22.06538055467313 4.869894248625132 2.9944380707752076
93.32823639269209 31.73393532839951 0.7920599023054591
69.0296015698535 20.485462499566072 3.734345543298848
79.83546325600103 26.19330262112099 4.2047061713044265
10.335764526976506 78.85206445916266 2.9850912522234987
70.98295383688584 47.51575281466116 5.916616359425776
82.71649552648269 54.43980843709662 6.528915463096814
72.28118702600294 61.03666946974366 4.52871426704188
74.80569576148345 10.564385120693869 6.744877086542387
52.11200361537669 69.47029997671656 0.409120953937688
4.192674414423049 69.71167132287138 2.0779341225729526
83.78444996032691 0.033016260245460005 2.194838109935982
62.56129370769251 73.70421813316796 5.3530134558968365
62.386724613992854 22.365065428656738 4.599770763819012
34.68814515288911 96.64122305454838 6.839962750414062
3.2996881499160153 76.52420871543637 3.5533020677940925
3.9037792259292843 38.34203767214966 1.4743643664636212
0.6288619220903827 24.97974033914691 6.651520011714194
39.8068703550115 52.4934998421016 6.250071277360806
66.854553261922 48.688454691800416 1.3260497337631
42.25756041510339 35.251069250683855 5.8020511954402885
9.646703681896438 41.02674125049583 4.7057585895739695
1.6585345516485286 53.42085508976349 0.8202744158293934
16.12873047980919 8.32219445641854 2.003254461190757
42.790691549880584 74.37296757289066 0.6404349152640064
80.63423560404682 95.51274931639045 2.0423412743527622
64.75039400650495 24.699133767994034 2.3014917554705265
44.059975033972655 24.329046317728505 1.508926511562299
64.4343635203364 86.74494033618653 3.0684445362267363
40.986810097346115 29.73536669942716 0.36005630680941336
34.36302547536274 39.930980973210026 6.262689217936206
10.571229484784107 12.469666747504549 4.844300339105781
10.120213183632625 62.367476864578414 2.08113171776154
38.09962958741071 58.2239690859188 5.770565045333374
66.58675018128928 97.1651645302394 1.4674444058407397
24.075982523017338 45.387096235964364 6.013666513052909
17.39956545202378 12.546531340812068 3.697865157872623
75.74656693816063 41.74540725592804 1.98184251934924
26.897310273110815 29.988857287443242 2.8358814678721815
90.63912539318007 6.826051248847549 0.16069998025891974
93.97681248695278 43.73186852543148 1.5817507559298911
56.26090390642274 72.67232258051261 2.5053082994339864
39.4173998738103 25.056781321481413 4.349063385231517
55.423435275169176 69.86344482367814 1.3622906576109468
23.217688239515446 90.71715541387026 1.2728042269281075
13.496499456857238 6.301563648100112 5.773879184888647
12.615407927850391 4.688874136453633 2.5899533307896667
21.10406448321455 49.61605893938025 6.575196288349686
2.0980306513096485 77.83075335485749 2.686372101416709
56.49336914779414 88.1877194196259 3.4164564432586984
10.607849338799538 92.82423949151175 3.4045355838753997
69.19226872331475 43.49775498325124 2.457922155823244
66.88368624722769 66.88313109176514 5.260677694138466
26.726951853627895 88.87543707644917 0.8488529145156559
16.88420176146545 42.006751807593105 2.421313759156722
73.97291624791559 9.574031925597154 4.111128491390483
50.6995704714641 54.74210954062853 3.69866600279979
39.622376692487556 7.0554162325424175 6.953474815036064
74.79211018422168 44.20558690615864 0.4780001386553586
48.966562605740194 15.77037763877456 6.625237802646521
16.005749265113643 34.46611186921781 6.988172017477554
60.76635919358141 24.69233739200417 6.2124220415406635
13.590179313818819 93.16656380306839 2.7897213823059133
47.30514961257085 20.700095383266763 2.890049482862267
41.379072105422594 8.564208157635242 1.6025949869162046
81.56811519979127 58.966182320384945 3.9039147662275586
83.08097576897185 65.9375439567883 2.450561398943761
90.13042393139636 72.20762790619118 3.619983057014567
55.256809966632865 2.6866100941084863 3.9866122583210735
34.390674494156265 22.397263834409532 5.183566217045068
97.51766726578448 92.01890685389296 3.4149386444567016
78.44631721731352 57.59848257204217 6.457601869540575
19.868503224318378 14.537618035080056 2.5760162862108285
30.794615148976124 17.583741506189433 1.2541056645171171
42.576317376901955 62.82959724830704 1.8604911828143837
31.781765809983977 91.12343664466036 6.330481785867315
0.22650020793818315 81.09269872067746 4.348641604466614
0.17256610634639236 22.940533110954913 6.72443717518531
73.09773775790482 72.43732947233491 5.02126535695729
23.440373735500415 50.98265876998956 5.7110718413053165
81.1052873514076 6.980856238000916 5.868821422267336
19.88550130940482 88.39053148739046 2.4067509737616115
47.12661145569384 49.63078054808915 0.508642739172219
33.06016490269851 99.74772575254688 3.840360697200235
84.58362074345179 8.741851293719874 0.7882597545615874
84.98716321436126 57.40122517835789 1.574760465360065
15.56309471655801 76.78016805004954 6.445289344746458
20.0 0.0
69.0 100.0