100.0 100.0
10
14.125319 42.3917 3.115363
46.338753 25.593016 14.173174
37.90757 60.788498 18.448761
66.45494 63.255516 16.56472
92.01717 22.266073 8.619215
18.976294 27.447212 2.5148044
56.12072 51.16945 13.962072
30.523367 5.7607102 14.450668
51.841984 99.67155 0.21435624
38.858715 26.950657 9.038288
5.0
20.0 0.0
69.0 100.0
100.0
50.0
277.88947
200
20.0 0.0
22.248043 2.7103345
24.496086 5.4206696
23.915428 10.240043
26.604755 12.235158
30.363451 15.376055
34.122147 18.516953
34.657276 18.999191
34.789898 19.137054
34.745277 19.089773
35.16584 18.721926
35.920723 19.063572
35.165833 18.721933
35.920715 19.063578
36.040276 18.452318
36.04026 18.452318
36.7133 18.298223
35.25172 18.700428
35.694878 18.811382
35.75753 18.877132
35.75753 18.87714
36.493977 18.685568
37.230427 18.493998
36.46947 18.409847
36.46946 18.409843
36.295513 18.363638
36.29554 18.36364
36.787315 18.463118
36.757504 18.452164
36.75748 18.452156
36.75749 18.452152
37.064728 18.232258
37.553684 18.342249
37.5537 18.342234
38.17924 21.069311
39.686085 23.298338
40.311653 26.025434
40.93717 28.752512
41.562683 31.479599
42.188217 34.206646
44.445786 38.672043
46.703358 43.13744
48.037376 47.95282
51.879234 48.804768
54.362484 52.467186
53.572845 54.773655
54.10193 55.94684
54.199837 52.816956
54.199837 52.81694
54.728935 53.990128
54.728947 53.990116
53.722515 56.903385
52.70446 58.083996
55.184834 55.739777
55.18483 55.739777
55.259438 55.72467
54.612396 55.16458
54.612396 55.16459
55.62973 57.235332
54.82036 58.79633
56.244476 59.440212
53.858513 58.218334
56.021805 58.91177
53.525368 58.60207
52.518944 61.515354
52.518936 61.515347
51.149666 63.351376
51.16415 63.34361
52.46708 62.00794
50.90124 61.982445
50.90123 61.98244
52.44959 63.373573
53.761883 59.874123
53.76188 59.87413
52.825737 61.68708
54.279076 62.47857
54.77746 60.296043
55.96013 62.762047
56.096252 59.160534
55.44922 58.600418
54.25913 60.87844
54.774693 57.30509
52.42428 57.18289
54.573914 57.764313
50.52527 60.16295
52.531555 58.051044
54.189606 59.82165
56.068466 58.827484
54.148224 60.782143
52.06496 59.657875
50.957268 58.831314
51.716366 56.172432
53.67735 56.238503
54.657284 56.671043
53.0868 55.87319
53.086792 55.87319
53.086792 55.8732
53.08678 55.873203
53.3189 55.720596
53.403465 57.77024
51.65964 58.431732
52.188686 59.60495
51.945004 57.894196
52.68319 60.234932
50.468945 59.803146
50.468956 59.80313
50.618835 59.70082
51.27465 56.91336
53.960148 58.78531
53.960117 58.78531
54.292744 58.01268
54.29274 58.012665
54.191578 57.511703
54.990334 56.02657
53.575848 57.870834
53.3276 56.488365
53.327595 56.488365
53.63601 57.57876
52.88451 54.315773
51.732277 55.799
51.822487 55.88453
52.113464 55.8011
52.76137 56.590775
52.76137 56.59077
54.185505 56.738033
55.337017 56.663666
55.337006 56.66367
55.80122 59.759815
55.712933 59.807846
54.266045 61.520897
52.677597 59.377296
51.029716 59.871513
51.793297 58.033623
51.219078 59.073402
51.09311 59.04757
52.732918 60.092487
52.732918 60.092487
52.954018 56.75396
52.954018 56.75396
53.005062 56.785973
52.96339 56.812096
53.67302 56.678497
51.87492 56.05133
51.874893 56.05133
54.070526 55.67997
53.592743 57.215446
53.592743 57.21544
54.270733 59.810562
54.27073 59.810562
51.437706 62.910732
51.825905 61.15288
51.8259 61.152878
52.116894 61.069443
52.11689 61.069447
52.11692 61.06945
51.3789 63.71405
51.3789 63.71409
51.04022 63.3879
53.430164 61.992535
51.406307 61.294254
51.50705 60.853344
52.860798 58.970387
52.504047 58.81101
52.319065 61.27542
52.006153 58.29574
52.00617 58.29574
52.00616 58.295723
54.396122 56.90033
54.396133 56.900333
53.07093 59.213196
53.070885 59.21319
51.712566 58.307945
51.712605 58.307945
54.040897 58.10797
54.040897 58.107986
53.702194 57.7818
52.845703 60.29902
52.8457 60.299023
53.014828 59.25843
54.00288 58.869377
52.153957 60.475822
52.153954 60.475838
52.5888 60.044037
52.868637 59.841362
52.613182 59.91086
53.481808 62.29161
51.48999 61.943954
54.64892 61.14231
54.648922 61.14231
55.830173 63.730156
55.451946 64.85451
54.20501 68.9894
56.95866 71.538895
59.71231 74.08835
61.645645 78.66995
61.383766 83.603836
63.639664 87.79968
67.59228 90.87589
67.39841 95.31145
69.0 100.0
