100.0 100.0
10
86.61703 42.274292 10.728753
52.050186 91.37888 15.039018
27.336172 69.57792 9.733014
79.10611 6.825357 15.6539345
31.076548 34.846695 0.8558775
87.185104 77.54921 12.606111
20.539072 87.90715 10.508885
78.95713 16.786072 1.284941
53.99321 16.93336 18.334827
98.40654 21.922348 16.135983
5.0
20.0 0.0
69.0 100.0
100.0
50.0
174.87437
200
20.0 0.0
23.208607 0.92524564
26.41721 1.850491
29.625814 2.7757366
32.87629 4.2110972
36.117588 4.962007
39.36806 6.397369
42.064644 6.653909
44.761223 6.9104505
47.457798 7.1669908
50.15438 7.4235315
52.850956 7.6800733
55.54753 7.936613
58.24412 8.193155
60.940697 8.449697
63.637268 8.706238
65.63138 8.174998
65.63138 8.174998
67.862335 7.1988096
67.31099 8.492317
67.31098 8.492316
67.31098 8.492316
67.73545 11.24838
70.44267 11.082856
70.44266 11.082856
69.80798 8.8868265
65.45865 10.702423
65.917534 10.739609
65.917534 10.739609
67.91161 10.208367
66.87265 9.315396
65.415245 9.658689
65.96956 9.532416
67.44307 9.419723
66.89171 10.713233
66.419 10.543313
65.33536 9.461035
65.71843 11.925386
66.1015 14.389738
67.62485 14.167668
67.62485 14.167667
66.98586 11.4957485
66.98586 11.49575
67.98905 10.784843
67.09244 10.532692
67.72193 10.4574175
68.70761 10.764069
69.0907 13.228419
69.0907 13.22842
68.81442 15.731491
65.47635 14.308344
65.47632 14.308346
65.476364 14.308344
65.22425 14.045145
65.2243 14.045147
65.2243 14.045147
67.20471 13.956017
67.20468 13.956017
66.988976 13.946659
67.2976 14.000114
67.76576 14.210633
66.2567 13.492328
67.88536 12.395196
69.099144 12.301742
68.107605 9.743513
66.00922 9.507431
66.009254 9.507427
64.332214 8.798078
66.5632 7.821886
68.20989 7.5811005
68.57189 7.588503
66.77421 11.082878
68.990395 10.863843
70.1722 10.619726
70.17217 10.619721
67.69877 13.073534
66.707214 10.515307
66.17258 10.537756
64.75738 10.078641
66.69282 10.751568
67.77355 12.451743
68.85428 14.151918
69.818405 13.719029
70.89914 15.419205
70.89914 15.419205
70.899155 15.419205
69.723015 14.567133
68.30783 14.108011
69.94507 14.452133
69.30933 15.452908
70.20908 14.82744
69.61021 16.814697
67.745964 14.180358
68.49972 16.959484
71.41918 13.750406
71.4192 13.750406
69.74745 12.807011
70.71161 12.374119
69.133965 12.4976845
67.26414 12.295525
67.77397 12.191511
66.24823 9.506616
63.93775 9.465178
65.75792 9.780504
67.974075 9.561466
66.32741 6.7921486
66.327415 6.7921486
67.0087 9.678164
67.68997 12.564177
68.37126 15.450189
68.37128 15.450184
67.62065 12.07025
67.62064 12.07025
67.32441 12.11841
66.30484 11.435732
66.304825 11.435733
66.30473 11.435731
66.46494 11.5151
66.94584 11.245402
67.01405 11.237107
67.803024 6.899084
67.80302 6.899084
66.13128 5.9556837
65.61327 5.52614
66.86959 6.241331
67.009094 8.805801
67.29875 11.809778
69.46622 13.528759
70.21999 16.30789
70.60136 16.75459
72.12474 16.532518
76.9432 16.565289
77.87787 16.812973
77.87788 16.812977
78.96832 17.206505
80.05594 16.306824
84.053375 14.89147
85.76885 19.534838
86.60528 16.977943
86.605255 16.977936
87.44168 14.421038
87.0202 13.249727
89.22035 11.638546
91.420494 10.027365
91.4205 10.027365
92.43689 12.504166
92.436874 12.504166
92.712776 12.714535
91.50223 14.528833
88.30992 14.894468
88.309875 14.894468
87.15556 15.734621
86.531555 15.417162
85.09391 15.146688
85.89178 16.598017
84.89325 17.451483
84.89319 17.451487
85.12902 17.880943
86.87225 17.395123
86.87223 17.395115
86.87221 17.395119
86.614265 17.727226
84.36599 18.087755
83.03288 20.677517
83.03285 20.677517
84.14697 20.950966
85.62399 24.09408
86.269264 27.371567
88.04086 31.771355
90.17236 32.915337
90.17236 32.915318
91.91786 33.2594
91.91787 33.25939
90.96373 35.624054
91.19343 35.638916
90.32662 35.55838
90.60375 35.518112
90.60375 35.518105
90.34281 40.394707
88.552986 42.646545
87.59882 45.011208
86.77545 47.392197
85.8345 52.30075
85.57355 57.177353
84.6326 62.085907
83.95234 66.977036
82.998245 69.34168
82.04414 71.70636
82.04416 71.70637
82.04416 71.70637
80.78308 74.03057
79.52201 76.354774
78.26094 78.67897
76.99986 81.003174
76.99986 81.003174
76.04576 83.36783
75.36546 88.25897
70.88268 90.23298
70.071686 95.10774
69.0 100.0
