100.0 100.0
10
24.211634 3.5894868 16.94944
69.884254 52.38899 14.526512
34.9239 75.33128 8.690465
42.62952 82.80241 10.639296
42.415424 14.342646 5.666772
65.211624 47.679764 9.496981
74.96667 98.43436 8.780462
24.186981 23.70551 19.473045
50.101357 66.84051 0.05078223
99.078186 74.36891 10.74048
5.0
20.0 0.0
69.0 100.0
100.0
50.0
265.82916
200
20.0 0.0
21.888075 4.543435
24.910398 5.029584
27.93272 5.515731
30.03584 8.055853
32.2195 9.132872
34.322613 11.672995
37.34494 12.159143
37.454933 12.2434435
37.98905 12.516837
38.098274 12.605957
38.348335 12.594452
37.311455 11.996838
37.56664 12.00301
38.69164 11.52726
37.946243 11.5638685
38.756207 11.537726
37.216022 12.48215
38.27503 11.997437
38.582893 12.308119
37.211536 12.525164
38.270542 12.040449
38.809284 12.079539
38.577557 12.097779
37.270607 12.571026
38.41718 12.245427
37.947987 12.110687
38.97813 11.854633
37.52435 11.66638
38.657204 10.914113
38.150124 10.689967
38.005585 12.994987
37.34225 12.032708
38.695335 11.687917
37.655922 12.038112
37.435963 13.996152
37.09658 13.107354
37.162155 13.101142
38.627243 12.41656
37.707375 13.348924
38.84524 12.033586
38.27206 11.988023
38.426357 11.95802
37.765163 11.873856
38.38815 11.909426
38.441235 12.46441
38.64949 12.433076
38.649048 12.464325
38.44326 11.879153
38.083313 11.854907
38.79846 11.786716
38.16304 11.64541
39.164486 11.563716
38.122044 11.682553
37.39407 11.750063
37.479546 11.764168
38.67549 11.495413
37.69609 11.352087
38.494247 12.192898
38.97126 11.792194
37.991863 11.648869
37.566723 11.564204
38.364872 12.405014
37.939774 12.3203535
37.777092 12.092697
37.411213 12.011517
38.41267 11.92982
38.05274 11.905576
38.899246 11.620109
37.91985 11.476785
37.26008 12.084729
37.77075 11.638577
37.770756 11.638585
38.612915 11.382719
39.118732 11.3085985
38.320446 11.090341
38.98762 11.11847
39.001686 11.117161
38.203403 10.898906
38.67222 10.718094
38.189793 11.59375
37.404163 14.00347
37.102127 13.442278
37.98841 11.784754
37.341373 13.684688
37.712265 12.21461
38.0233 11.941254
38.119 11.906498
38.119015 11.906506
37.111237 13.1475315
37.111237 13.1475315
39.12099 11.219162
39.120983 11.219167
37.597614 13.622954
36.907745 13.67074
37.763355 13.288233
36.887707 13.69754
38.459072 11.907283
38.459064 11.907283
38.12518 12.514575
38.1252 12.514574
39.202724 11.396202
39.202694 11.3962
38.545177 10.640964
38.033585 11.2948265
38.039093 12.951769
38.286087 12.334679
39.026524 11.706675
38.781303 12.16175
37.3676 11.965146
38.869934 11.715121
38.190525 11.821737
37.11445 12.55769
37.12385 12.575408
37.123844 12.57541
38.64846 12.448234
37.48876 12.150911
38.054104 12.263967
38.633236 11.718122
38.468914 11.993643
36.958065 13.869593
36.95809 13.8695965
37.523415 13.982662
38.06224 11.019741
37.17274 13.480272
37.73808 13.59334
37.62784 11.978025
37.792984 11.466724
36.90349 13.927256
37.903214 13.082031
37.78861 13.491222
37.67836 11.875908
37.233913 13.600103
38.500473 11.349192
37.610973 13.809721
37.452663 13.9096775
38.415146 11.7795315
36.995827 13.176893
37.46614 13.81447
37.466145 13.814477
38.732685 11.563564
38.702858 11.677113
37.282963 13.200146
38.5495 10.949234
38.08617 11.813194
38.08615 11.813194
37.853542 12.098331
37.85356 12.098334
37.199875 13.088208
38.466415 10.83729
37.186523 12.433379
37.23919 12.441364
37.23919 12.441368
37.077694 14.224478
38.344234 11.973569
38.343838 12.004822
38.62429 11.245941
38.77766 11.198452
37.497765 12.79454
37.469162 14.007656
37.469162 14.007659
38.735718 11.756752
38.49424 11.262735
37.18858 14.135935
37.18856 14.135935
38.754032 16.133244
40.81374 17.764832
42.261913 19.861923
43.437813 24.074493
42.3637 28.912468
45.626896 32.18105
46.802807 36.39361
50.06599 39.66217
54.57494 41.870125
58.22555 43.773388
58.225544 43.77339
59.881313 45.59787
59.72869 44.860817
61.7884 46.492382
61.113457 49.233017
60.438538 51.973656
60.438538 51.973656
62.69748 53.646965
62.961517 55.241478
61.436264 55.53215
60.772118 55.555832
62.429985 55.130905
64.86203 55.84507
65.62854 59.463867
67.24781 63.768486
67.089584 66.31995
66.81036 68.90817
67.89818 73.75714
69.27334 78.01142
69.76828 81.738754
70.856094 86.58772
72.03198 90.80028
69.55845 94.82354
69.27922 97.41177
69.0 100.0
