100.0 100.0
10
33.215977 56.878105 17.709442
70.475235 83.21084 12.578896
21.178001 58.25757 14.368775
22.308756 70.830956 12.786255
3.8801455 72.710014 14.591993
31.112127 37.914032 15.615851
53.305676 42.78857 19.772085
50.585266 14.459411 7.2948403
54.41131 27.16401 9.3117485
10.823368 78.26087 15.79298
5.0
20.0 0.0
69.0 100.0
100.0
50.0
347.23618
200
20.0 0.0
22.293842 4.457395
21.954151 8.377468
24.248003 12.834863
25.8126 16.719584
26.474152 19.863596
30.320591 22.874283
30.678436 27.678904
34.52487 30.689583
36.818718 35.14697
36.461617 39.701454
36.461617 39.70146
36.23774 41.281387
36.241844 43.090027
36.024178 44.513947
36.0256 46.11647
36.02827 46.32263
36.163094 45.984898
39.32145 46.05097
39.32145 46.05097
39.321465 46.050972
40.553074 45.86485
36.91577 46.67946
36.915768 46.679455
41.288536 47.78231
37.651222 48.59691
37.651237 48.596912
36.71044 48.360092
36.71454 50.168747
37.097538 49.229736
36.41312 50.098324
33.292168 51.009712
33.292175 51.009697
29.654892 51.824287
26.533916 52.735672
26.61893 52.83365
26.618921 52.83365
24.530462 57.3089
20.75274 60.366135
18.664282 64.841385
19.369574 67.492294
19.369576 67.49228
17.711395 69.832
14.915966 68.9856
15.109301 66.521385
15.109301 66.52138
15.109301 66.52138
12.833868 66.837265
14.039131 69.76484
14.039133 69.76484
11.977238 68.14038
13.019043 67.98984
12.174534 67.589615
16.499264 66.67581
14.4373665 65.051346
13.935226 66.32753
13.716202 64.16095
13.716209 64.161
12.801121 64.86346
14.294239 64.074036
13.856821 66.50791
10.91964 68.187
11.290318 67.117584
11.290321 67.117584
12.030546 67.25705
10.291037 66.97819
13.763161 70.18901
13.7606735 66.7575
15.961842 65.97806
15.9618435 65.97806
15.065451 65.954506
15.065449 65.95449
15.699282 67.259926
15.699282 67.25993
14.717024 69.79144
15.866413 69.110886
14.479422 66.2491
13.624205 65.41606
13.624205 65.41607
13.624207 65.41611
14.34057 67.377655
14.34057 67.37768
13.184456 67.442314
13.184452 67.44235
15.041655 64.484764
14.894113 64.76456
13.300355 63.458923
13.603922 65.68183
13.6039295 65.681725
16.968613 63.86734
15.705488 66.24885
16.986853 66.47635
17.584969 64.7857
17.14512 68.76383
15.720694 65.60908
15.720694 65.60906
15.720694 65.60911
16.065426 67.40256
15.697622 66.50824
15.20752 65.52595
13.6182575 67.42424
12.18158 66.98446
12.18158 66.98444
12.785456 66.43668
12.924896 66.40486
13.058971 67.7395
12.918072 67.4629
13.401045 66.21406
12.047605 64.66036
12.982075 65.58954
12.982075 65.58954
13.070452 66.68054
13.718935 70.32266
14.71763 70.14167
14.717632 70.141624
13.163254 68.72901
15.110336 68.27402
15.110336 68.27402
15.033735 68.21477
11.500143 68.60611
12.156631 68.790405
12.280708 65.80798
11.502296 68.680336
11.780371 68.352776
11.006676 68.24105
11.006674 68.24102
10.306305 66.6683
11.898312 65.58878
14.621452 67.14384
14.621452 67.14384
14.336441 68.764015
14.336441 68.764015
13.468565 68.329605
11.823292 66.76686
11.823296 66.76683
13.41485 68.3114
15.409164 67.63208
15.4091625 67.632034
12.331598 65.78062
12.331604 65.78068
10.90601 65.203064
10.906012 65.203064
10.906017 65.203
10.99696 65.09047
11.111618 65.071175
12.264696 67.77412
14.352884 65.66491
13.038334 64.43323
14.466499 63.92177
14.31896 64.20155
15.487293 68.831566
15.487297 68.83157
14.762223 70.31638
14.762224 70.31639
13.336634 69.738785
14.190376 69.695175
17.437086 67.93268
16.102533 69.469986
16.555359 70.05951
16.555359 70.059494
17.614693 69.19672
17.471542 69.16675
17.103813 70.588745
16.370152 68.09509
14.917669 66.60885
14.917669 66.60885
12.107189 66.23397
13.16654 65.371284
14.616037 67.21261
11.332937 66.00831
12.213739 68.44823
12.027767 66.099594
13.087105 65.236786
15.423098 64.3363
15.423098 64.3363
12.90782 62.863884
14.409172 63.094368
15.289976 65.53427
16.90058 66.35173
17.959925 65.48904
17.959927 65.48904
17.959934 65.48903
20.260614 67.39086
22.328491 68.90132
24.629173 70.803154
24.62917 70.80302
29.484035 69.60019
31.784721 71.502
36.004063 70.99173
40.518944 71.890114
44.496296 74.860214
47.68573 78.69476
50.875164 82.52931
55.390045 83.4277
58.57948 87.26224
60.703865 88.74809
62.828247 90.23398
66.01768 94.06852
68.14206 95.5544
69.0 100.0
