100.0 100.0
10
33.215977 56.878105 18.709442
70.475235 83.21084 17.578896
21.178001 58.25757 4.368775
22.308756 70.830956 2.786255
3.8801455 72.710014 14.591993
31.112127 37.914032 5.6158514
53.305676 42.78857 19.772085
50.585266 14.459411 4.2948403
54.41131 27.16401 5.311748
10.823368 78.26087 15.79298
5.0
20.0 0.0
69.0 100.0
100.0
50.0
266.83417
200
20.0 0.0
21.369925 3.3494234
22.73984 6.6988463
23.787579 9.206658
25.803059 13.781613
26.850796 16.289429
28.866282 20.86438
29.415434 24.021969
28.690758 28.537281
31.575462 32.324596
34.82565 36.0078
35.873394 38.51561
35.8734 38.51561
36.4561 39.182663
36.06285 39.865814
34.498657 39.291565
33.5751 42.013382
33.575092 42.013386
33.916534 42.09948
34.12985 42.281136
34.5666 42.26188
33.904514 39.391617
34.117825 39.57328
35.57841 38.860695
34.151417 39.126198
34.248577 39.189392
35.70917 38.476826
34.202854 39.448418
34.021442 39.42604
33.91734 39.55327
34.02438 41.401665
36.487144 38.589428
36.159515 38.733208
34.653194 39.704792
34.653206 39.70478
34.08943 41.74315
34.358112 41.97036
35.091953 39.358498
34.80643 39.463337
35.303066 40.1057
34.039913 40.175507
36.222897 40.180298
35.130627 40.0699
34.44111 39.44603
34.75486 39.75553
34.852005 39.81872
34.56649 39.923546
34.835167 40.150776
35.729435 40.206867
33.723644 40.371094
33.880527 40.535416
35.853016 40.202408
35.26786 40.21939
34.23904 39.752113
36.19722 39.589363
34.254086 40.880825
36.009686 38.637123
36.55819 38.53301
36.272682 38.637863
34.32956 39.929325
34.21306 40.28935
36.181072 38.884968
34.675774 38.98589
34.8245 39.99428
34.929127 40.18458
34.929108 40.184578
35.242847 40.49409
36.15176 39.32291
34.64649 39.423798
34.031612 40.488438
35.238316 40.40097
35.50703 40.628204
34.895153 39.793503
36.00211 39.696915
35.28479 38.438362
36.29742 39.66837
33.950283 39.634872
33.95028 39.634876
34.27238 39.309624
35.379345 39.21304
35.639687 39.54361
35.645267 39.674294
34.626038 39.375095
34.67434 39.159275
36.290775 39.3716
34.503105 38.780785
36.1385 39.48838
34.35084 38.897545
33.740574 41.657757
34.866547 41.211414
34.629555 40.486523
34.629528 40.486538
34.966274 40.755405
34.35142 40.206657
36.17363 39.955288
34.021496 38.91912
34.02147 38.91912
35.527527 39.092648
34.870213 39.108307
35.056133 39.193314
36.302544 39.992874
34.15043 38.956715
34.15043 38.956734
35.656483 39.13026
34.999157 39.145916
34.817627 39.1236
33.785637 41.55935
34.688515 42.036407
35.529873 39.42737
35.849987 39.914284
36.19908 38.74768
34.068367 39.064518
34.812172 39.893246
36.478477 39.042725
33.831295 39.781216
34.64547 40.943203
33.930458 40.90846
35.854286 40.825962
35.41499 40.90106
35.126595 40.467033
34.696136 40.30281
35.802036 40.25264
33.88234 40.279366
35.814102 39.461155
34.10443 39.573887
34.214554 39.97525
36.05832 40.345642
34.849495 40.020916
33.969566 39.948368
36.006157 40.57605
34.071434 41.18622
34.707207 40.57185
33.907864 40.46112
36.12008 40.25761
35.095886 39.254086
34.710068 40.01686
35.67557 38.72338
35.308357 39.13415
35.308357 39.134155
35.267365 39.12253
35.506523 40.032192
35.506516 40.032196
34.993908 39.923206
36.204227 39.294983
34.993153 38.862656
35.165516 38.632504
34.660065 38.808693
34.845947 38.89367
35.178528 39.672672
33.948105 38.82432
33.872818 41.608448
33.98473 41.17115
36.02415 40.302494
36.02415 40.3025
36.35663 39.184956
36.686398 38.49632
36.68641 38.496307
34.21682 38.31075
35.754692 40.21321
36.179127 38.83909
36.25284 39.999718
34.333385 38.53614
33.864353 40.78837
34.351276 38.590466
33.784817 41.023525
35.28851 40.08565
33.924114 39.308735
33.883095 39.297085
34.11134 39.008545
35.33361 41.197468
34.22419 39.211327
34.336075 38.774067
35.578312 40.946648
34.562313 38.8109
33.8428 39.99176
34.879215 41.315063
34.452374 41.88302
34.532017 41.92231
34.03432 42.479614
36.51536 46.09788
38.70251 48.674698
41.183537 52.292976
42.474613 55.308212
44.95563 58.926468
47.43667 62.54474
48.34785 67.44662
51.72393 71.10899
55.100014 74.77138
56.373623 77.09348
57.647217 79.41559
58.920807 81.7377
60.194397 84.059814
61.467976 86.38192
61.46798 86.38191
62.741585 88.704025
64.015175 91.02614
65.25225 93.243385
66.48935 95.46063
67.72641 97.67789
69.0 100.0
