100.0 100.0
10
68.627075 56.42787 12.389954
66.675964 3.7301524 2.96881
79.500534 52.37206 15.754014
24.129679 95.11984 5.782678
43.945053 95.25597 11.196135
51.24219 85.41123 12.397539
23.39968 75.76673 15.048196
41.16677 56.706554 11.240948
40.38795 13.899109 10.095227
5.2512755 21.978094 13.506667
5.0
20.0 0.0
69.0 100.0
100.0
50.0
170.85428
200
20.0 0.0
18.256058 1.4370202
16.850721 3.4190292
13.086729 6.705591
12.609233 11.616932
12.609233 11.616932
10.3292675 10.474421
10.3292675 10.474419
10.3292675 10.474419
8.714376 10.917769
6.6271057 13.089457
8.014395 15.244307
9.401682 17.399155
12.143856 17.798344
14.886029 18.197536
17.628202 18.59673
14.205133 16.975485
11.687824 17.765036
9.170514 18.554586
11.170526 18.347744
11.170526 18.347744
9.243459 18.069233
9.243459 18.069233
11.003856 19.225056
8.916585 21.396744
9.471659 21.660875
11.232058 22.8167
13.342596 24.935453
14.729883 27.09031
17.472057 27.489494
20.690617 29.536854
21.735535 34.17133
24.954094 36.218708
25.99902 40.853176
27.776772 42.78851
31.03704 46.41052
32.45786 51.039757
34.25455 55.66378
36.05125 60.28779
33.28222 64.42555
33.28222 64.42555
33.095284 64.517944
33.0953 64.517944
33.0953 64.517944
33.095287 64.517944
33.095272 64.517944
33.43162 64.66858
33.94971 65.24811
33.94969 65.24814
34.286026 65.39874
34.286034 65.39874
34.28602 65.39874
34.286003 65.39877
34.286007 65.39877
34.285995 65.398766
34.28598 65.398766
34.285973 65.398766
34.285976 65.39878
35.27338 70.29333
36.248436 74.49091
37.223488 78.68848
39.51475 81.576965
41.806 84.465454
44.32286 85.12219
44.32286 85.122185
45.115498 85.84995
47.129215 90.293236
47.998848 89.53359
47.99885 89.53361
47.99886 89.53361
48.792606 87.91664
46.936905 86.974365
45.081203 86.032074
45.0812 86.03207
43.538857 84.20257
43.681507 86.4877
43.681507 86.4877
46.155582 86.482925
46.155582 86.48292
48.4235 86.89687
46.352135 88.01702
48.82621 88.01222
45.846153 88.96983
46.54641 90.57698
45.004047 88.747444
46.48261 90.18113
46.482605 90.18112
43.939804 89.70444
43.939804 89.70441
43.389328 88.655136
43.460873 88.672806
44.343742 89.23656
44.17144 89.271255
43.476658 88.00054
45.685993 90.08788
45.68598 90.087875
47.146187 90.606766
46.490856 89.23796
47.494335 90.51515
47.49433 90.51514
47.49433 90.515114
48.92552 92.0777
46.799393 90.05554
46.199875 90.09405
46.199883 90.09406
43.65709 89.61738
45.683884 88.67231
47.351685 91.52883
48.09945 91.281685
45.189415 90.29685
42.279366 89.31204
42.279385 89.31202
41.482098 89.41144
41.91227 88.63457
42.48838 89.39842
45.79457 89.28095
43.69142 89.17368
43.69146 89.173615
41.57535 89.138245
43.60306 88.15372
43.60306 88.15372
41.92965 88.011215
44.05111 89.811295
44.492817 87.16976
45.54401 89.568565
45.544006 89.56856
46.00021 89.519615
48.533386 93.08641
48.533386 93.0864
46.270782 92.7628
48.645744 93.70418
51.020706 94.64555
51.020706 94.645546
47.827354 93.27136
47.827362 93.27136
46.17861 93.49693
45.044785 93.11697
43.768143 93.12804
45.106457 89.85894
47.031498 91.457985
47.0315 91.45794
49.91322 90.376526
50.222404 90.75006
50.222397 90.75007
46.730484 91.68574
47.99284 91.26446
45.318264 90.104546
47.65933 88.77338
47.659336 88.77338
47.659336 88.77336
49.018845 89.09172
52.34034 88.4973
52.340332 88.49731
52.3403 88.49732
52.3403 88.49731
50.84638 90.65333
52.124123 92.79204
51.67508 93.724625
53.75169 94.805756
50.62206 92.82652
51.477657 93.19653
51.907825 92.41972
50.381264 92.32719
50.28962 92.55109
49.0739 92.75931
46.506058 91.06004
48.847122 89.72899
49.82728 92.06761
48.929604 95.01088
46.301575 93.57109
46.30157 93.57109
44.95496 93.208496
43.802464 93.02646
47.426167 92.32856
47.426167 92.32856
47.426147 92.32856
47.55992 92.196724
45.225903 90.35267
47.026344 91.34629
47.5132 91.70023
49.313637 92.693855
48.516323 92.79323
50.316765 93.78685
50.316772 93.78685
50.31677 93.78686
47.61421 93.87615
47.61422 93.876144
48.232582 94.73476
52.29162 91.97392
53.180965 94.68986
51.139977 91.9603
51.139973 91.960304
49.89874 92.30886
49.898754 92.30889
52.22342 95.17073
52.1687 93.23857
56.89784 93.257835
60.456284 96.35291
64.85645 97.20993
69.0 100.0
