100.0 100.0
10
46.643932 80.81877 12.949149
6.690744 10.885719 17.649036
49.870953 96.15169 16.586802
3.6168773 98.4596 7.3017955
40.491966 72.737335 9.6677475
97.94859 45.363194 2.2270668
83.58848 92.14548 7.3225265
19.854721 94.70742 9.557255
37.64385 47.572895 2.6181366
0.27541256 80.87381 14.118813
5.0
20.0 0.0
69.0 100.0
100.0
50.0
248.24121
200
20.0 0.0
19.38825 0.909547
19.337978 1.0296247
18.416996 2.3028698
17.39255 3.5119805
14.34738 2.4013977
13.869059 2.7081718
15.901096 2.4970288
15.422775 2.803803
14.563417 3.7773209
15.358559 8.49281
15.35856 8.492808
15.221371 10.563221
14.341576 10.293167
14.338993 13.445675
17.731293 12.069083
17.72871 15.221592
17.72871 15.22159
19.186527 14.163797
15.667671 17.615892
15.667675 17.615892
15.6676655 17.615889
16.747793 19.940136
16.610607 22.010546
16.6106 22.010546
16.6106 22.010546
16.473408 24.080948
16.075872 24.306381
16.075869 24.306389
17.207329 25.056404
16.8098 25.281845
20.112839 28.955362
23.452726 32.366043
26.755764 36.039566
29.652563 39.97765
33.109837 42.342247
35.247963 46.702145
35.101627 51.43921
34.89203 56.12949
36.141045 60.96479
39.03784 64.90288
40.286858 69.738174
40.140514 74.47524
43.480385 77.885925
42.866814 81.164246
42.866814 81.164276
42.866814 81.164276
42.346554 81.883995
42.174946 81.47944
43.483322 81.07048
43.4512 81.826805
43.451218 81.82677
43.94522 81.613144
43.088078 81.16526
43.055935 81.92162
42.815277 81.213486
43.040253 81.57038
43.475845 81.34659
46.546387 80.09067
45.27482 80.571106
45.275303 80.60156
45.32081 80.6328
44.936684 80.635284
45.099667 80.56048
44.399815 80.953995
44.78901 80.97784
45.247814 80.91473
43.66017 81.7329
43.660187 81.73291
43.660145 81.732834
41.442234 82.09825
43.29204 81.590294
43.29202 81.590324
44.234028 81.0144
44.46468 80.85563
45.428493 80.986015
45.286312 80.98462
45.63685 80.904854
45.63678 80.905
45.37408 81.0098
44.98995 81.01223
44.56393 80.90312
44.67738 80.865906
43.06075 81.44065
42.92622 81.354065
41.654675 81.83447
43.7617 81.47457
43.761715 81.47459
41.245243 82.30072
43.095043 81.79275
42.7191 81.30849
42.882103 81.233536
44.07638 81.51994
43.26998 80.956894
44.107655 81.430046
43.229584 81.457855
43.137943 81.49105
42.520054 81.42324
42.98484 81.66095
44.89126 80.73514
45.356033 80.972855
43.830505 80.7175
45.461838 80.58747
45.356693 80.62183
45.850643 80.408295
43.587463 80.88498
44.20687 81.51126
43.10582 81.27155
43.249557 81.193756
44.861385 81.04263
43.573315 81.77013
45.151543 80.643845
42.639664 81.58034
43.133682 81.36679
42.044678 82.17852
43.68802 81.72082
44.54889 80.5348
44.7289 80.867096
45.492348 80.696846
45.53379 80.693794
43.99111 81.01557
45.628807 80.7044
45.29089 80.7936
45.9435 80.49181
45.82397 80.47071
43.696613 81.05923
43.533657 81.13423
43.533657 81.13424
44.954025 81.09715
44.95402 81.09717
45.867886 80.58795
46.601135 79.906715
46.601086 79.906784
45.04569 80.46655
43.981693 81.75159
43.11498 81.37119
44.640297 81.36274
42.56427 81.4427
44.787407 80.80424
44.550243 80.80367
44.55022 80.80368
43.47383 81.838936
43.646004 81.64013
42.08179 81.68541
42.081787 81.6854
43.794727 81.55825
43.118813 81.5348
42.52343 81.50333
42.52342 81.50342
42.636894 81.46625
43.241325 81.205315
42.786118 81.32969
44.792397 81.25325
44.79241 81.25322
45.33407 81.02776
44.017513 80.93098
44.017513 80.93099
45.094013 81.04028
44.63881 81.16469
43.42418 81.19827
42.884693 81.22163
43.55264 81.58819
42.22874 81.52069
44.31082 81.35839
42.986904 81.29085
44.62263 81.443016
41.84568 82.10929
42.91585 81.60027
42.15282 81.85206
43.699394 81.81367
45.344677 80.89906
43.919388 81.25374
44.056973 81.15504
44.94601 81.13698
44.946007 81.136986
42.16903 81.80324
42.64063 81.25183
44.187943 81.15161
42.65125 81.244415
44.198566 81.1442
43.533634 81.87208
44.59106 81.49027
44.728664 81.391594
45.68084 80.6563
44.75181 81.385
44.751812 81.384995
42.289917 81.592545
44.1761 80.93782
44.176105 80.93785
44.176094 80.93784
42.353153 81.55991
46.076954 80.02714
48.222366 82.31153
52.748722 83.206665
54.894142 85.49109
56.839455 87.17496
58.769043 91.53718
60.38687 96.21899
64.693436 98.1095
69.0 100.0
