100.0 100.0
10
69.73335 4.2705855 11.444529
11.531779 90.15388 19.56205
14.803713 93.118614 19.699434
40.597046 93.69056 6.2886076
77.74998 77.354904 6.3889017
70.837204 60.453377 11.675869
59.46541 80.37226 12.787738
48.78843 94.576744 4.1311827
93.282906 98.4632 5.29842
41.753963 72.69783 7.896357
5.0
20.0 0.0
69.0 100.0
100.0
50.0
173.36684
200
20.0 0.0
22.247772 2.5462089
21.989088 5.1547527
23.563978 9.846373
23.305292 12.454916
23.046606 15.063459
22.787918 17.672
20.491512 20.472843
18.195107 23.273685
19.107927 25.87656
20.020748 28.479435
20.634794 33.415394
19.489151 36.09024
19.05053 39.186462
18.611908 42.282684
17.342188 47.04371
16.839705 50.129448
16.337223 53.215202
16.07853 55.82375
15.642353 60.428974
17.217232 65.12059
14.920826 67.92143
14.482199 71.017654
14.133638 73.6179
14.133638 73.61789
14.538012 75.862854
17.109884 77.46563
19.869955 79.0212
20.745 83.70405
16.21497 82.86611
16.21497 82.86613
16.44659 83.98071
17.389639 86.081406
17.389647 86.081436
16.888552 83.12808
16.387459 80.17477
15.512814 82.46651
15.512817 82.46652
14.7739105 83.27898
14.773914 83.27898
14.773907 83.27896
14.773907 83.279
14.704256 85.630104
14.6346035 87.9812
14.564953 90.332306
14.495302 92.68341
14.42565 95.0345
14.624461 92.05246
14.823273 89.07042
15.022084 86.08837
15.220896 83.10632
15.419708 80.12428
15.419708 80.12428
12.915602 78.961044
10.411496 77.79781
10.411495 77.79782
12.901358 78.47328
15.391224 79.14876
17.88109 79.824234
20.370955 80.499695
23.377937 80.609146
23.377934 80.609116
26.38491 80.71858
26.38491 80.718575
23.959627 81.81861
21.534344 82.91865
19.109062 84.018684
16.68378 85.11873
14.258497 86.218765
14.258497 86.218765
15.944059 87.21751
17.629622 88.216255
17.629618 88.21626
15.274302 87.88368
15.103219 88.48725
16.349754 86.57922
15.842991 84.108795
15.336229 81.63835
14.829466 79.16792
14.322702 76.697495
16.032495 75.75048
13.441944 76.76977
13.441946 76.76978
16.24812 77.813034
16.24812 77.813034
18.40738 79.33365
18.40738 79.333664
19.545334 77.74234
19.475685 80.09338
16.261395 80.1809
14.018892 81.83981
11.539335 81.71075
14.337261 84.19694
14.267605 86.54806
17.065533 89.03424
17.065535 89.03424
17.065523 89.03427
17.088984 89.26871
19.661066 89.15155
19.661074 89.15154
19.661081 89.15156
17.386 87.59977
15.110918 86.04797
12.835836 84.496185
12.835836 84.496185
11.784018 81.48349
14.355896 83.0862
14.355892 83.08614
11.831505 84.56921
9.678974 85.64251
7.5264454 86.71583
5.3739166 87.78913
5.3739166 87.78912
7.5615673 88.06229
7.243685 88.12213
9.296955 88.57341
11.350227 89.02469
13.537874 89.29787
17.090906 88.44707
17.090904 88.447075
17.090904 88.447075
14.25367 86.096436
11.416437 83.74579
11.416437 83.74579
8.384298 84.243744
5.3521605 84.7417
5.3521605 84.74169
7.7625895 85.88512
7.762582 85.885086
12.097196 85.11706
10.531767 87.320724
8.966335 89.52441
8.966335 89.524414
6.8994904 88.11792
4.8326445 86.71143
2.7657995 85.30495
2.765799 85.30497
2.5341268 82.39618
4.558804 83.2775
7.0039783 84.39224
9.449153 85.50698
11.894327 86.62172
14.339502 87.736465
16.78468 88.85121
19.229856 89.96596
21.675032 91.0807
21.675034 91.0807
19.300552 89.521866
16.762024 88.13811
15.383696 89.9049
15.383696 89.90491
15.383688 89.90492
16.061512 87.5399
13.731144 86.671646
13.73114 86.67171
16.389906 86.62182
17.917648 88.83447
15.228178 89.49649
17.521866 88.88381
19.815567 88.27118
19.815557 88.271194
19.81557 88.271194
22.70351 87.98819
22.556963 90.16922
24.455061 91.15234
24.45508 91.15238
24.455069 91.15233
21.968407 91.545975
21.58371 89.10553
21.877014 90.24203
24.156754 89.34536
24.156744 89.34535
24.15675 89.34534
26.728611 90.94809
28.76594 88.71483
28.765944 88.714874
28.765945 88.7149
28.765944 88.71492
28.765938 88.71491
28.76595 88.714905
28.765938 88.71493
28.765934 88.71489
30.707111 89.770515
29.919556 91.080536
30.779987 93.27109
34.413002 92.63688
38.122543 92.29504
42.184555 94.651596
44.669975 94.89386
44.747936 94.755424
44.747944 94.755486
44.747948 94.75551
46.845715 93.90783
45.563385 94.06804
50.487404 93.09697
55.411415 92.125885
60.417778 92.26346
62.93356 92.6406
65.92887 96.2798
69.0 100.0
