100.0 100.0
20
30.778732 99.60487 6.814281
36.467484 12.2251835 10.269845
50.219944 55.07826 11.771088
17.921572 20.143137 11.537242
28.674309 4.6245975 8.204067
87.01995 19.836926 12.643728
68.68393 53.744755 7.109733
39.23353 39.312374 3.655592
57.24894 66.71918 9.970177
70.5668 73.41586 12.393949
97.760376 46.29573 10.223212
67.13463 27.181963 0.40345845
54.875023 63.88874 12.781507
39.99675 95.34018 11.146026
71.7277 1.8121655 6.2703934
57.79655 49.553265 8.123829
17.40984 48.072723 3.6243238
36.179966 77.04267 1.5413735
11.249172 19.09172 12.942828
43.872066 68.2323 12.754929
5.0
20.0 0.0
69.0 100.0
100.0
50.0
343.2161
200
20.0 0.0
22.502619 0.010476232
21.673977 3.227367
20.845335 6.444258
20.016693 9.66115
19.729115 9.928684
18.670761 10.962068
16.959435 11.963715
14.98407 12.402943
16.777657 13.0831175
16.777657 13.083121
18.03286 14.687088
18.03286 14.68709
20.306807 15.9561405
19.025328 17.733246
17.238508 18.414606
16.227612 20.085876
15.216713 21.757149
15.216713 21.757153
17.769873 22.274035
20.323038 22.790918
20.323036 22.790916
20.093033 23.359169
19.893267 23.448015
19.605684 23.715563
19.605686 23.715565
19.605675 23.715546
19.162256 25.231173
19.192421 25.678097
21.745583 26.194977
25.686085 28.513153
29.626583 30.831322
33.05738 34.336655
36.488182 37.841988
38.415 39.99642
40.84667 42.139996
45.28808 44.47843
48.513603 47.870094
51.02806 52.016586
51.65708 54.416138
51.766212 58.716164
50.960106 60.26806
51.28659 60.041805
52.117916 61.10024
53.542896 61.342213
53.698574 60.820503
53.69857 60.820503
53.698574 60.820488
53.69861 60.820488
49.797264 62.0944
50.380775 63.57435
50.38079 63.574364
50.38079 63.574356
50.53867 63.73712
51.7326 64.47525
52.060284 64.88043
49.195095 61.53408
51.072952 61.45433
49.40831 60.83194
50.80004 61.460815
51.260597 59.855347
51.8441 61.33529
53.155167 63.505234
53.155167 63.505234
52.66363 63.453568
52.588837 63.010475
53.097473 63.04003
50.95246 62.265305
50.94703 62.23407
51.778366 63.292526
53.210968 62.499947
53.210964 62.499977
53.210976 62.500008
52.514717 61.977165
54.462505 63.00547
51.316086 61.708076
49.368748 60.781998
49.06393 63.129425
49.063923 63.12941
50.48673 65.24986
48.682785 61.989227
48.788574 62.373344
51.73709 62.508575
51.73709 62.508583
49.36946 66.25994
49.36946 66.25991
50.764942 64.45088
50.764942 64.45088
50.487232 64.46608
52.951183 62.56858
53.136223 62.647972
53.136223 62.647964
53.136223 62.647926
52.874313 62.431625
52.874317 62.431595
49.821938 60.932304
51.55236 62.780876
53.13443 62.195053
54.393326 62.07802
54.393353 62.077957
53.362564 65.226494
52.475807 64.10902
52.47583 64.109
53.61358 63.706734
51.46111 62.466576
51.461082 62.466576
51.859768 62.239784
52.458157 62.746918
52.413776 62.75287
54.378593 65.13235
53.312782 65.17396
54.81056 65.78863
53.973713 63.41989
52.443897 63.245224
52.301 63.296547
50.894215 61.34716
50.89423 61.34713
51.883244 63.16681
51.88324 63.16681
53.906277 63.087646
53.29789 62.63066
53.297916 62.630646
53.450504 65.21276
50.405613 64.06303
50.405617 64.06303
48.824738 66.3686
48.824738 66.36862
51.33133 62.89427
52.212082 62.40016
50.244003 62.141243
50.10029 61.80181
51.119324 63.345024
51.852135 64.1696
50.341602 63.1221
50.341595 63.122078
54.179493 64.063774
53.010757 63.908485
50.97828 61.53248
51.727352 60.759285
53.100693 62.923355
53.10069 62.923355
52.424614 62.413757
53.49245 61.5114
51.628147 63.460266
51.539097 63.450996
52.24796 63.572014
49.81926 65.64154
52.021393 64.0217
51.68531 62.349945
52.255424 65.345245
52.83583 64.87074
52.83581 64.87074
52.835785 64.87071
52.835785 64.87071
49.60199 64.17461
50.52575 66.4213
54.81768 65.15423
54.817673 65.154236
54.8176 65.154236
55.929585 64.1852
51.428253 64.23189
49.629 65.18822
50.676342 66.633545
54.33044 64.296646
55.619053 64.08233
54.683796 63.93374
53.065437 60.375923
53.065437 60.37594
53.065384 60.37599
53.10121 60.260574
52.165943 60.111977
52.837353 59.67476
52.837322 59.674736
50.40945 60.08378
50.409435 60.083786
50.325836 60.035027
49.83539 61.539375
49.82396 63.000328
49.868332 62.960236
52.196934 62.252853
51.26167 62.104294
51.26158 62.104286
51.261578 62.104248
50.702446 65.44581
53.543827 63.87507
52.731724 64.28166
52.731743 64.281715
54.860146 63.671944
55.03986 63.70301
55.039852 63.703003
53.224426 66.056915
55.081497 70.27504
55.538406 72.760086
59.787567 75.33793
64.03673 77.91577
65.38855 80.97792
67.51105 85.3905
66.58169 90.26284
67.79085 95.131424
69.0 100.0
